 *                                      
 * hydrostatic:  btemp=  1.000E+04 bden=  1.000E+02
 *          time                zr108         zr109         zr110         zr111         zr112         zr113         zr114         zr115
      1  0.000000000000E+00  1.000000E-30  1.000000E-30  1.000000E-30  1.000000E-30  1.000000E-30  1.000000E-30  1.000000E-30  1.000000E-30
      2  1.000000000000E-16  1.000000E-30  1.000000E-30  1.000000E-30  1.000000E-30  1.000000E-30  1.000000E-30  1.000000E-30  1.000000E-30
      3  1.100000000000E-15  1.000000E-30  1.000000E-30  1.000000E-30  1.000000E-30  1.000000E-30  1.000000E-30  1.000000E-30  1.000000E-30
      4  1.110000000000E-14  1.000000E-30  1.000000E-30  1.000000E-30  1.000000E-30  1.000000E-30  1.000000E-30  1.000000E-30  1.000000E-30
      5  1.111000000000E-13  1.000000E-30  1.000000E-30  1.000000E-30  1.000000E-30  1.000000E-30  1.000000E-30  1.000000E-30  1.000000E-30
      6  1.111100000000E-12  1.000000E-30  1.000000E-30  1.000000E-30  1.000000E-30  1.000000E-30  1.000000E-30  1.000000E-30  1.000000E-30
      7  1.111110000000E-11  1.000000E-30  1.000000E-30  1.000000E-30  1.000000E-30  1.000000E-30  1.000000E-30  1.000000E-30  1.000000E-30
      8  1.111111000000E-10  1.000000E-30  1.000000E-30  1.000000E-30  1.000000E-30  1.000000E-30  1.000000E-30  1.000000E-30  1.000000E-30
      9  1.111111100000E-09  1.000000E-30  1.000000E-30  1.000000E-30  1.000000E-30  1.000000E-30  1.000000E-30  1.000000E-30  1.000000E-30
     10  1.111111110000E-08  1.000000E-30  1.000000E-30  1.000000E-30  1.000000E-30  1.000001E-30  1.000000E-30  1.000001E-30  1.000001E-30
     11  4.567476566510E-08  1.000001E-30  1.000001E-30  1.000002E-30  1.000002E-30  1.000003E-30  1.000002E-30  1.000004E-30  1.000004E-30
     12  1.658089127914E-07  1.000004E-30  1.000005E-30  1.000006E-30  1.000007E-30  1.000010E-30  1.000007E-30  1.000014E-30  1.000016E-30
     13  4.445546741016E-07  1.000010E-30  1.000014E-30  1.000015E-30  1.000020E-30  1.000027E-30  1.000018E-30  1.000038E-30  1.000043E-30
     14  1.066239799837E-06  1.000025E-30  1.000034E-30  1.000037E-30  1.000047E-30  1.000065E-30  1.000043E-30  1.000090E-30  1.000104E-30
     15  2.222704079044E-06  1.000052E-30  1.000071E-30  1.000076E-30  1.000099E-30  1.000136E-30  1.000091E-30  1.000188E-30  1.000216E-30
     16  4.298102471270E-06  1.000101E-30  1.000138E-30  1.000147E-30  1.000191E-30  1.000263E-30  1.000175E-30  1.000364E-30  1.000418E-30
     17  7.691889062333E-06  1.000180E-30  1.000247E-30  1.000263E-30  1.000342E-30  1.000471E-30  1.000313E-30  1.000652E-30  1.000749E-30
     18  1.308909950745E-05  1.000307E-30  1.000421E-30  1.000448E-30  1.000582E-30  1.000801E-30  1.000533E-30  1.001109E-30  1.001274E-30
     19  1.857566740576E-05  1.000435E-30  1.000597E-30  1.000636E-30  1.000826E-30  1.001137E-30  1.000757E-30  1.001574E-30  1.001808E-30
     20  2.437304006798E-05  1.000571E-30  1.000783E-30  1.000835E-30  1.001084E-30  1.001493E-30  1.000994E-30  1.002065E-30  1.002372E-30
     21  3.062636084650E-05  1.000718E-30  1.000984E-30  1.001049E-30  1.001362E-30  1.001876E-30  1.001249E-30  1.002594E-30  1.002980E-30
     22  3.755179443036E-05  1.000880E-30  1.001207E-30  1.001286E-30  1.001670E-30  1.002300E-30  1.001532E-30  1.003180E-30  1.003654E-30
     23  4.608652240190E-05  1.001080E-30  1.001481E-30  1.001579E-30  1.002049E-30  1.002823E-30  1.001880E-30  1.003902E-30  1.004483E-30
     24  5.520402925860E-05  1.001294E-30  1.001774E-30  1.001891E-30  1.002454E-30  1.003382E-30  1.002253E-30  1.004674E-30  1.005369E-30
     25  6.472551468226E-05  1.001517E-30  1.002080E-30  1.002217E-30  1.002878E-30  1.003965E-30  1.002642E-30  1.005479E-30  1.006294E-30
     26  7.459047774494E-05  1.001748E-30  1.002397E-30  1.002555E-30  1.003316E-30  1.004570E-30  1.003046E-30  1.006313E-30  1.007252E-30
     27  8.489118412102E-05  1.001989E-30  1.002728E-30  1.002908E-30  1.003774E-30  1.005202E-30  1.003468E-30  1.007183E-30  1.008252E-30
     28  9.570255892797E-05  1.002243E-30  1.003075E-30  1.003278E-30  1.004254E-30  1.005865E-30  1.003911E-30  1.008096E-30  1.009301E-30
     29  1.070853065563E-04  1.002509E-30  1.003441E-30  1.003668E-30  1.004760E-30  1.006563E-30  1.004378E-30  1.009058E-30  1.010405E-30
     30  1.190882425669E-04  1.002790E-30  1.003826E-30  1.004079E-30  1.005293E-30  1.007300E-30  1.004870E-30  1.010071E-30  1.011568E-30
     31  1.366291075688E-04  1.003201E-30  1.004390E-30  1.004680E-30  1.006072E-30  1.008377E-30  1.005591E-30  1.011551E-30  1.013268E-30
     32  1.695708820900E-04  1.003973E-30  1.005448E-30  1.005808E-30  1.007535E-30  1.010400E-30  1.006946E-30  1.014327E-30  1.016456E-30
     33  1.992873377730E-04  1.004669E-30  1.006402E-30  1.006826E-30  1.008854E-30  1.012226E-30  1.008171E-30  1.016829E-30  1.019328E-30
     34  2.264248739983E-04  1.005305E-30  1.007273E-30  1.007756E-30  1.010059E-30  1.013895E-30  1.009292E-30  1.019112E-30  1.021948E-30
     35  2.515933231106E-04  1.005895E-30  1.008081E-30  1.008618E-30  1.011175E-30  1.015444E-30  1.010333E-30  1.021227E-30  1.024375E-30
     36  2.753099894686E-04  1.006450E-30  1.008842E-30  1.009430E-30  1.012228E-30  1.016903E-30  1.011316E-30  1.023218E-30  1.026660E-30
     37  2.979926919870E-04  1.006981E-30  1.009570E-30  1.010207E-30  1.013234E-30  1.018300E-30  1.012257E-30  1.025121E-30  1.028844E-30
     38  3.199702121451E-04  1.007496E-30  1.010275E-30  1.010960E-30  1.014208E-30  1.019654E-30  1.013170E-30  1.026963E-30  1.030957E-30
     39  3.524429751724E-04  1.008257E-30  1.011317E-30  1.012072E-30  1.015648E-30  1.021656E-30  1.014521E-30  1.029682E-30  1.034077E-30
     40  3.836809895565E-04  1.008988E-30  1.012319E-30  1.013142E-30  1.017033E-30  1.023583E-30  1.015824E-30  1.032295E-30  1.037074E-30
     41  4.138876583201E-04  1.009696E-30  1.013288E-30  1.014177E-30  1.018372E-30  1.025448E-30  1.017086E-30  1.034820E-30  1.039969E-30
     42  4.432651277490E-04  1.010384E-30  1.014231E-30  1.015183E-30  1.019674E-30  1.027262E-30  1.018316E-30  1.037272E-30  1.042780E-30
     43  4.720041568584E-04  1.011057E-30  1.015152E-30  1.016168E-30  1.020948E-30  1.029038E-30  1.019521E-30  1.039668E-30  1.045528E-30
     44  5.002792532552E-04  1.011719E-30  1.016059E-30  1.017137E-30  1.022200E-30  1.030786E-30  1.020709E-30  1.042024E-30  1.048228E-30
     45  5.282472522620E-04  1.012374E-30  1.016955E-30  1.018095E-30  1.023439E-30  1.032516E-30  1.021885E-30  1.044351E-30  1.050896E-30
     46  5.560479783168E-04  1.013025E-30  1.017846E-30  1.019047E-30  1.024671E-30  1.034237E-30  1.023057E-30  1.046662E-30  1.053544E-30
     47  5.838060709037E-04  1.013675E-30  1.018736E-30  1.019999E-30  1.025900E-30  1.035956E-30  1.024229E-30  1.048968E-30  1.056186E-30
     48  6.116334118686E-04  1.014326E-30  1.019628E-30  1.020952E-30  1.027133E-30  1.037680E-30  1.025406E-30  1.051277E-30  1.058832E-30
     49  6.396318340541E-04  1.014982E-30  1.020525E-30  1.021912E-30  1.028372E-30  1.039416E-30  1.026592E-30  1.053598E-30  1.061490E-30
     50  6.678959636874E-04  1.015644E-30  1.021430E-30  1.022880E-30  1.029624E-30  1.041169E-30  1.027791E-30  1.055939E-30  1.064171E-30
     51  6.965161747902E-04  1.016314E-30  1.022347E-30  1.023861E-30  1.030891E-30  1.042945E-30  1.029007E-30  1.058306E-30  1.066883E-30
     52  7.255817382538E-04  1.016994E-30  1.023278E-30  1.024857E-30  1.032178E-30  1.044750E-30  1.030244E-30  1.060709E-30  1.069633E-30
     53  7.551843574001E-04  1.017687E-30  1.024226E-30  1.025872E-30  1.033489E-30  1.046589E-30  1.031507E-30  1.063153E-30  1.072431E-30
     54  7.854224313090E-04  1.018395E-30  1.025194E-30  1.026908E-30  1.034827E-30  1.048468E-30  1.032798E-30  1.065646E-30  1.075286E-30
     55  8.164066374138E-04  1.019121E-30  1.026186E-30  1.027971E-30  1.036199E-30  1.050395E-30  1.034124E-30  1.068199E-30  1.078207E-30
     56  8.482679080764E-04  1.019867E-30  1.027206E-30  1.029063E-30  1.037609E-30  1.052378E-30  1.035490E-30  1.070821E-30  1.081208E-30
     57  8.811699017317E-04  1.020637E-30  1.028259E-30  1.030191E-30  1.039066E-30  1.054427E-30  1.036903E-30  1.073526E-30  1.084302E-30
     58  9.153304977871E-04  1.021437E-30  1.029352E-30  1.031362E-30  1.040578E-30  1.056555E-30  1.038373E-30  1.076330E-30  1.087511E-30
     59  9.510634923056E-04  1.022273E-30  1.030495E-30  1.032588E-30  1.042160E-30  1.058783E-30  1.039914E-30  1.079260E-30  1.090862E-30
     60  9.888739022907E-04  1.023158E-30  1.031705E-30  1.033885E-30  1.043834E-30  1.061142E-30  1.041548E-30  1.082357E-30  1.094403E-30
     61  1.029744313280E-03  1.024115E-30  1.033012E-30  1.035287E-30  1.045644E-30  1.063694E-30  1.043318E-30  1.085699E-30  1.098225E-30
     62  1.076805333108E-03  1.025217E-30  1.034516E-30  1.036901E-30  1.047727E-30  1.066634E-30  1.045360E-30  1.089542E-30  1.102618E-30
     63  1.127478238084E-03  1.026403E-30  1.036136E-30  1.038640E-30  1.049972E-30  1.069803E-30  1.047566E-30  1.093673E-30  1.107338E-30
     64  1.179263354774E-03  1.027616E-30  1.037791E-30  1.040417E-30  1.052265E-30  1.073044E-30  1.049826E-30  1.097887E-30  1.112153E-30
     65  1.231720185468E-03  1.028844E-30  1.039467E-30  1.042218E-30  1.054589E-30  1.076330E-30  1.052122E-30  1.102147E-30  1.117019E-30
     66  1.284679788904E-03  1.030084E-30  1.041159E-30  1.044036E-30  1.056936E-30  1.079651E-30  1.054447E-30  1.106440E-30  1.121922E-30
     67  1.338068714676E-03  1.031334E-30  1.042864E-30  1.045870E-30  1.059303E-30  1.083001E-30  1.056797E-30  1.110760E-30  1.126854E-30
     68  1.391852718980E-03  1.032594E-30  1.044581E-30  1.047718E-30  1.061687E-30  1.086380E-30  1.059172E-30  1.115104E-30  1.131812E-30
     69  1.446014888479E-03  1.033862E-30  1.046310E-30  1.049579E-30  1.064090E-30  1.089785E-30  1.061570E-30  1.119470E-30  1.136793E-30
     70  1.500546342624E-03  1.035139E-30  1.048050E-30  1.051453E-30  1.066509E-30  1.093216E-30  1.063991E-30  1.123858E-30  1.141798E-30
     71  1.555442065896E-03  1.036425E-30  1.049802E-30  1.053340E-30  1.068946E-30  1.096674E-30  1.066435E-30  1.128266E-30  1.146825E-30
     72  1.610698967280E-03  1.037719E-30  1.051565E-30  1.055240E-30  1.071400E-30  1.100157E-30  1.068902E-30  1.132694E-30  1.151875E-30
     73  1.666314948699E-03  1.039021E-30  1.053338E-30  1.057153E-30  1.073871E-30  1.103666E-30  1.071393E-30  1.137143E-30  1.156945E-30
     74  1.722288445659E-03  1.040333E-30  1.055123E-30  1.059079E-30  1.076360E-30  1.107201E-30  1.073906E-30  1.141612E-30  1.162037E-30
     75  1.778618195039E-03  1.041652E-30  1.056919E-30  1.061018E-30  1.078865E-30  1.110761E-30  1.076442E-30  1.146100E-30  1.167150E-30
     76  1.835303663832E-03  1.042980E-30  1.058726E-30  1.062970E-30  1.081388E-30  1.114347E-30  1.079002E-30  1.150607E-30  1.172283E-30
     77  1.892344396716E-03  1.044317E-30  1.060544E-30  1.064935E-30  1.083929E-30  1.117958E-30  1.081585E-30  1.155134E-30  1.177437E-30
     78  1.949739812628E-03  1.045662E-30  1.062373E-30  1.066913E-30  1.086487E-30  1.121596E-30  1.084191E-30  1.159679E-30  1.182611E-30
     79  2.007489276907E-03  1.047015E-30  1.064213E-30  1.068903E-30  1.089063E-30  1.125258E-30  1.086821E-30  1.164244E-30  1.187804E-30
     80  2.065592139419E-03  1.048377E-30  1.066064E-30  1.070907E-30  1.091656E-30  1.128947E-30  1.089474E-30  1.168826E-30  1.193018E-30
     81  2.124047755162E-03  1.049748E-30  1.067926E-30  1.072924E-30  1.094267E-30  1.132661E-30  1.092150E-30  1.173428E-30  1.198250E-30
     82  2.182855495215E-03  1.051127E-30  1.069799E-30  1.074953E-30  1.096897E-30  1.136400E-30  1.094851E-30  1.178047E-30  1.203502E-30
     83  2.242014752368E-03  1.052514E-30  1.071683E-30  1.076996E-30  1.099544E-30  1.140165E-30  1.097574E-30  1.182684E-30  1.208773E-30
     84  2.301524943777E-03  1.053910E-30  1.073577E-30  1.079051E-30  1.102209E-30  1.143956E-30  1.100322E-30  1.187340E-30  1.214063E-30
     85  2.361385511936E-03  1.055314E-30  1.075483E-30  1.081120E-30  1.104893E-30  1.147772E-30  1.103093E-30  1.192012E-30  1.219370E-30
     86  2.421595924701E-03  1.056727E-30  1.077400E-30  1.083202E-30  1.107595E-30  1.151613E-30  1.105888E-30  1.196702E-30  1.224696E-30
     87  2.482155674804E-03  1.058148E-30  1.079328E-30  1.085297E-30  1.110316E-30  1.155480E-30  1.108707E-30  1.201410E-30  1.230040E-30
     88  2.543064279071E-03  1.059577E-30  1.081266E-30  1.087405E-30  1.113055E-30  1.159373E-30  1.111550E-30  1.206134E-30  1.235402E-30
     89  2.604321277494E-03  1.061015E-30  1.083216E-30  1.089526E-30  1.115813E-30  1.163291E-30  1.114417E-30  1.210875E-30  1.240781E-30
     90  2.665926232237E-03  1.062462E-30  1.085177E-30  1.091660E-30  1.118590E-30  1.167234E-30  1.117308E-30  1.215633E-30  1.246177E-30
     91  2.727878734382E-03  1.063917E-30  1.087148E-30  1.093808E-30  1.121386E-30  1.171203E-30  1.120223E-30  1.220407E-30  1.251591E-30
     92  2.790178404165E-03  1.065381E-30  1.089131E-30  1.095968E-30  1.124202E-30  1.175198E-30  1.123162E-30  1.225197E-30  1.257021E-30
     93  2.852824875480E-03  1.066853E-30  1.091124E-30  1.098142E-30  1.127036E-30  1.179218E-30  1.126126E-30  1.230004E-30  1.262467E-30
     94  2.915817796872E-03  1.068333E-30  1.093129E-30  1.100330E-30  1.129890E-30  1.183263E-30  1.129114E-30  1.234826E-30  1.267930E-30
     95  2.979156831833E-03  1.069822E-30  1.095144E-30  1.102530E-30  1.132764E-30  1.187334E-30  1.132126E-30  1.239664E-30  1.273409E-30
