 mass interior =  0.000000E+00  shell mass =  0.000000E+00
    1   2  4.433011E-30 h2   
    1   3  8.680021E-32 h3   
    2   3  5.895909E-30 he3  
    3   6  5.001401E-31 li6  
    3   7  1.162776E-30 li7  
    3   8  4.325244E-31 li8  
    3   9  8.974883E-30 li9  
    4   7  3.021789E-30 be7  
    4   9  2.357606E-29 be9  
    4  10  1.000000E-29 be10 
    4  11  1.100000E-29 be11 
    4  12  1.407158E-29 be12 
    5   8  3.394074E-38 b8   
    5   9  9.997538E-28 b9   
    5  10  1.081385E-29 b10  
    5  11  2.710897E-31 b11  
    5  12  1.371386E-29 b12  
    5  13  1.519932E-29 b13  
    5  14  1.549966E-29 b14  
    6   9  8.923414E-30 c9   
    6  10  1.000000E-29 c10  
    6  11  4.185234E-30 c11  
    6  12  2.134586E-06 c12  
    6  13  5.382554E-24 c13  
    6  14  3.504529E-28 c14  
    6  15  1.500000E-29 c15  
    6  16  1.600033E-29 c16  
    6  17  1.696668E-29 c17  
    6  18  1.776094E-29 c18  
    7  11  1.100000E-29 n11  
    7  12  9.332622E-36 n12  
    7  13  9.745930E-18 n13  
    7  14  5.794621E-27 n14  
    7  15  6.208644E-24 n15  
    7  16  1.331522E-28 n16  
    7  17  3.549785E-28 n17  
    7  18  1.216528E-28 n18  
    7  19  1.899544E-29 n19  
    7  20  1.984228E-29 n20  
    7  21  2.072471E-29 n21  
    8  13  1.256625E-29 o13  
    8  14  6.638476E-27 o14  
    8  15  2.856994E-25 o15  
    8  16  1.399374E-09 o16  
    8  17  8.376833E-29 o17  
    8  18  4.042739E-24 o18  
    8  19  7.707115E-28 o19  
    8  20  1.344796E-27 o20  
    8  21  8.453901E-28 o21  
    8  22  2.200000E-29 o22  
    9  16  1.487257E-27 f16  
    9  17  4.701523E-27 f17  
    9  18  1.340968E-18 f18  
    9  19  2.470476E-24 f19  
    9  20  5.452211E-28 f20  
    9  21  9.165189E-28 f21  
    9  22  4.061332E-29 f22  
    9  23  2.300000E-29 f23  
    9  24  2.400091E-29 f24  
    9  25  2.569055E-29 f25  
    9  26  2.636718E-29 f26  
   10  16  1.600000E-29 ne16 
   10  17  1.678793E-29 ne17 
   10  18  1.966399E-27 ne18 
   10  19  1.150261E-25 ne19 
   10  20  1.246821E-09 ne20 
   10  21  3.467369E-22 ne21 
   10  22  1.458676E-23 ne22 
   10  23  2.300035E-29 ne23 
   10  24  3.994532E-29 ne24 
   10  25  1.880431E-28 ne25 
   10  26  1.200002E-27 ne26 
   10  27  1.077373E-32 ne27 
   10  28  9.543764E-29 ne28 
   10  29  5.803684E-33 ne29 
   10  30  4.687712E-29 ne30 
   10  31  1.145720E-32 ne31 
   11  19  2.751847E-34 na19 
   11  20  8.419295E-29 na20 
   11  21  2.212229E-20 na21 
   11  22  1.839858E-23 na22 
   11  23  1.742705E-15 na23 
   11  24  7.165825E-27 na24 
   11  25  1.240439E-27 na25 
   11  26  4.216228E-27 na26 
   11  27  2.699741E-29 na27 
   11  28  1.457598E-28 na28 
   11  29  5.622535E-28 na29 
   11  30  1.145933E-29 na30 
   11  31  1.241500E-28 na31 
   11  32  7.277036E-29 na32 
   11  33  1.271324E-34 na33 
   11  34  7.987282E-34 na34 
   12  20  1.973351E-29 mg20 
   12  21  5.962366E-28 mg21 
   12  22  1.450659E-26 mg22 
   12  23  6.669011E-24 mg23 
   12  24  3.983179E-10 mg24 
   12  25  1.399782E-19 mg25 
   12  26  1.290570E-15 mg26 
   12  27  7.439265E-26 mg27 
   12  28  2.401676E-25 mg28 
   12  29  1.290459E-26 mg29 
   12  30  1.956523E-27 mg30 
   12  31  2.270017E-28 mg31 
   12  32  9.357809E-28 mg32 
   12  33  1.086400E-29 mg33 
   12  34  1.239381E-28 mg34 
   12  35  1.182926E-36 mg35 
   12  36  1.224017E-28 mg36 
   12  37  9.676108E-37 mg37 
   13  22  4.983157E-33 al22 
   13  23  5.201274E-36 al23 
   13  24  6.420393E-29 al24 
   13  25  2.736180E-19 al25 
   13  26  3.416915E-21 al26 
   13  27  2.010809E-12 al27 
   13  28  9.578527E-23 al28 
   13  29  5.529290E-25 al29 
   13  30  2.521554E-26 al30 
   13  31  5.380265E-28 al31 
   13  32  3.619829E-28 al32 
   13  33  1.770199E-28 al33 
   13  34  6.596898E-29 al34 
   13  35  4.854332E-28 al35 
   13  36  1.169686E-29 al36 
   13  37  7.837504E-29 al37 
   13  38  5.564864E-34 al38 
   13  39  5.240517E-29 al39 
   13  40  1.523434E-36 al40 
   14  22  2.497252E-29 si22 
   14  23  2.432433E-29 si23 
   14  24  1.698591E-27 si24 
   14  25  3.074081E-27 si25 
   14  26  8.067252E-27 si26 
   14  27  1.402566E-26 si27 
   14  28  3.860807E-11 si28 
   14  29  7.457360E-17 si29 
   14  30  2.901402E-14 si30 
   14  31  6.741786E-25 si31 
   14  32  5.326264E-25 si32 
   14  33  5.925198E-26 si33 
   14  34  2.534551E-26 si34 
   14  35  1.228211E-27 si35 
   14  36  4.214028E-27 si36 
   14  37  4.212177E-29 si37 
   14  38  2.419383E-32 si38 
   14  39  1.009919E-31 si39 
   14  40  4.344117E-29 si40 
   14  41  4.145084E-29 si41 
   14  42  5.962894E-28 si42 
   14  43  1.988205E-36 si43 
   15  24  2.154479E-29 p24  
   15  25  1.447324E-36 p25  
   15  26  2.349949E-36 p26  
   15  27  2.274311E-33 p27  
   15  28  4.669875E-28 p28  
   15  29  2.740959E-21 p29  
   15  30  1.131655E-18 p30  
   15  31  1.448265E-15 p31  
   15  32  2.523184E-25 p32  
   15  33  7.609542E-25 p33  
   15  34  3.119253E-25 p34  
   15  35  7.079890E-26 p35  
   15  36  8.376930E-26 p36  
   15  37  8.916749E-28 p37  
   15  38  1.409672E-26 p38  
   15  39  3.898498E-29 p39  
   15  40  1.470424E-28 p40  
   15  41  1.604509E-27 p41  
   15  42  6.137843E-30 p42  
   15  43  4.135357E-28 p43  
   15  44  2.927729E-36 p44  
   15  45  1.024479E-28 p45  
   15  46  2.446014E-36 p46  
   16  26  1.697688E-36 s26  
   16  27  1.987215E-30 s27  
   16  28  6.741332E-28 s28  
   16  29  3.231543E-27 s29  
   16  30  5.210101E-27 s30  
   16  31  3.130775E-26 s31  
   16  32  1.114032E-14 s32  
   16  33  5.547940E-20 s33  
   16  34  2.974246E-17 s34  
   16  35  1.047292E-25 s35  
   16  36  5.626306E-25 s36  
   16  37  2.954564E-26 s37  
   16  38  1.416682E-24 s38  
   16  39  2.423057E-27 s39  
   16  40  7.714134E-27 s40  
   16  41  2.150770E-26 s41  
   16  42  8.205059E-29 s42  
   16  43  2.992487E-27 s43  
   16  44  1.278917E-27 s44  
   16  45  9.988853E-33 s45  
   16  46  4.549943E-28 s46  
   16  47  1.217188E-35 s47  
   16  48  1.092756E-28 s48  
   16  49  1.335359E-36 s49  
   17  28  8.897231E-37 cl28 
   17  29  8.218722E-37 cl29 
   17  30  2.673219E-36 cl30 
   17  31  3.919801E-35 cl31 
   17  32  1.287275E-29 cl32 
   17  33  1.627114E-24 cl33 
   17  34  4.920133E-26 cl34 
   17  35  2.452176E-20 cl35 
   17  36  9.288570E-27 cl36 
   17  37  2.198684E-25 cl37 
   17  38  1.045031E-26 cl38 
   17  39  4.855377E-27 cl39 
   17  40  6.990433E-27 cl40 
   17  41  5.658664E-25 cl41 
   17  42  1.188110E-27 cl42 
   17  43  3.319096E-26 cl43 
   17  44  6.241973E-27 cl44 
   17  45  4.636598E-27 cl45 
   17  46  6.198025E-29 cl46 
   17  47  1.682334E-27 cl47 
   17  48  1.944990E-32 cl48 
   17  49  3.084234E-28 cl49 
   17  50  4.610470E-35 cl50 
   17  51  4.564356E-29 cl51 
   18  30  3.237635E-29 ar30 
   18  31  1.562900E-30 ar31 
   18  32  1.217829E-27 ar32 
   18  33  3.226155E-27 ar33 
   18  34  4.543183E-27 ar34 
   18  35  2.110511E-26 ar35 
   18  36  1.577563E-19 ar36 
   18  37  1.028355E-24 ar37 
   18  38  5.859817E-22 ar38 
   18  39  3.056068E-26 ar39 
   18  40  1.172143E-26 ar40 
   18  41  1.811886E-25 ar41 
   18  42  4.999035E-27 ar42 
   18  43  9.810511E-25 ar43 
   18  44  1.050960E-24 ar44 
   18  45  4.432691E-25 ar45 
   18  46  3.969481E-27 ar46 
   18  47  1.578337E-26 ar47 
   18  48  4.535223E-27 ar48 
   18  49  4.713732E-31 ar49 
   18  50  7.096256E-28 ar50 
   18  51  9.856566E-34 ar51 
   18  52  1.082767E-28 ar52 
   18  53  2.417399E-36 ar53 
   18  54  5.445309E-29 ar54 
   19  32  1.043177E-36 k32  
   19  33  1.940103E-36 k33  
   19  34  7.856959E-34 k34  
   19  35  1.378975E-35 k35  
   19  36  3.624330E-29 k36  
   19  37  1.262898E-27 k37  
   19  38  3.235880E-25 k38  
   19  39  1.547029E-24 k39  
   19  40  4.467173E-26 k40  
   19  41  2.705297E-26 k41  
   19  42  8.064082E-27 k42  
   19  43  3.450419E-26 k43  
   19  44  1.873775E-26 k44  
   19  45  3.393971E-25 k45  
   19  46  1.193561E-26 k46  
   19  47  7.175932E-25 k47  
   19  48  1.788406E-25 k48  
   19  49  1.265248E-27 k49  
   19  50  5.846575E-27 k50  
   19  51  6.898929E-27 k51  
   19  52  5.182343E-30 k52  
   19  53  4.738523E-28 k53  
   19  54  2.246205E-33 k54  
   19  55  6.112958E-29 k55  
   19  56  6.360341E-32 k56  
   20  34  6.375600E-32 ca34 
   20  35  3.627557E-30 ca35 
   20  36  1.434007E-27 ca36 
   20  37  3.829713E-27 ca37 
   20  38  3.994231E-27 ca38 
   20  39  1.355117E-26 ca39 
   20  40  1.004382E-24 ca40 
   20  41  5.246429E-26 ca41 
   20  42  7.545574E-25 ca42 
   20  43  1.801841E-25 ca43 
   20  44  1.720489E-25 ca44 
   20  45  3.516144E-26 ca45 
   20  46  2.812137E-26 ca46 
   20  47  6.790247E-25 ca47 
   20  48  7.987969E-25 ca48 
   20  49  8.703486E-26 ca49 
   20  50  3.324056E-25 ca50 
   20  51  3.106617E-25 ca51 
   20  52  6.492279E-26 ca52 
   20  53  3.074953E-28 ca53 
   20  54  1.134655E-32 ca54 
   20  55  6.190429E-30 ca55 
   20  56  1.158617E-28 ca56 
   20  57  1.414394E-35 ca57 
   20  58  1.282209E-28 ca58 
   20  59  8.924913E-36 ca59 
   21  36  1.089061E-36 sc36 
   21  37  2.225526E-36 sc37 
   21  38  3.157099E-36 sc38 
   21  39  1.546700E-36 sc39 
   21  40  2.566205E-33 sc40 
   21  41  1.905119E-29 sc41 
   21  42  4.436672E-27 sc42 
   21  43  7.674274E-25 sc43 
   21  44  4.449955E-28 sc44 
   21  45  1.326093E-25 sc45 
   21  46  1.190177E-25 sc46 
   21  47  7.275806E-26 sc47 
   21  48  2.072416E-26 sc48 
   21  49  3.751508E-27 sc49 
   21  50  4.267804E-25 sc50 
   21  51  3.830405E-25 sc51 
   21  52  2.325279E-25 sc52 
   21  53  9.371840E-27 sc53 
   21  54  1.318487E-26 sc54 
   21  55  2.120314E-28 sc55 
   21  56  5.748580E-28 sc56 
   21  57  2.486354E-28 sc57 
   21  58  1.689684E-29 sc58 
   21  59  1.038705E-28 sc59 
   21  60  4.929240E-31 sc60 
   21  61  8.401140E-29 sc61 
   21  62  2.456517E-36 sc62 
   21  63  6.067330E-29 sc63 
   21  64  3.428026E-35 sc64 
   22  38  6.549842E-31 ti38 
   22  39  1.174710E-30 ti39 
   22  40  7.069374E-28 ti40 
   22  41  1.909582E-27 ti41 
   22  42  1.622089E-27 ti42 
   22  43  1.025553E-26 ti43 
   22  44  6.704164E-25 ti44 
   22  45  6.990425E-26 ti45 
   22  46  9.965409E-25 ti46 
   22  47  1.351170E-25 ti47 
   22  48  2.659614E-25 ti48 
   22  49  1.962265E-25 ti49 
   22  50  1.082527E-25 ti50 
   22  51  3.000102E-25 ti51 
   22  52  4.001248E-25 ti52 
   22  53  1.580102E-25 ti53 
   22  54  3.789448E-26 ti54 
   22  55  1.751128E-27 ti55 
   22  56  5.896189E-27 ti56 
   22  57  5.748135E-29 ti57 
   22  58  4.446506E-28 ti58 
   22  59  1.416979E-28 ti59 
   22  60  1.421231E-27 ti60 
   22  61  2.831465E-29 ti61 
   22  62  5.724906E-28 ti62 
   22  63  3.651150E-33 ti63 
   22  64  1.457232E-28 ti64 
   22  65  6.280994E-36 ti65 
   22  66  1.096647E-28 ti66 
   22  67  7.918673E-36 ti67 
   23  40  1.217147E-36 v40  
   23  41  2.708816E-36 v41  
   23  42  3.859264E-36 v42  
   23  43  1.151180E-36 v43  
   23  44  2.389984E-31 v44  
   23  45  5.918338E-28 v45  
   23  46  4.651056E-27 v46  
   23  47  1.598557E-27 v47  
   23  48  2.284582E-26 v48  
   23  49  1.064341E-25 v49  
   23  50  2.428210E-26 v50  
   23  51  4.380916E-26 v51  
   23  52  5.429932E-26 v52  
   23  53  5.781975E-26 v53  
   23  54  1.421784E-24 v54  
   23  55  2.551682E-26 v55  
   23  56  6.088355E-27 v56  
   23  57  3.048725E-28 v57  
   23  58  1.322870E-27 v58  
   23  59  5.269732E-28 v59  
   23  60  4.853990E-27 v60  
   23  61  7.557541E-29 v61  
   23  62  6.722731E-28 v62  
   23  63  3.991926E-28 v63  
   23  64  8.647653E-32 v64  
   23  65  1.686999E-28 v65  
   23  66  4.508223E-29 v66  
   23  67  9.914754E-29 v67  
   23  68  3.237825E-32 v68  
   23  69  8.427765E-29 v69  
   23  70  2.186896E-34 v70  
   23  71  6.897213E-29 v71  
   23  72  1.556099E-34 v72  
   24  42  9.816024E-32 cr42 
   24  43  6.843274E-30 cr43 
   24  44  8.213748E-28 cr44 
   24  45  8.205341E-28 cr45 
   24  46  3.257082E-27 cr46 
   24  47  4.700693E-29 cr47 
   24  48  9.862215E-25 cr48 
   24  49  8.100980E-25 cr49 
   24  50  2.815904E-26 cr50 
   24  51  4.890454E-26 cr51 
   24  52  6.086301E-25 cr52 
   24  53  1.299704E-21 cr53 
   24  54  1.150062E-12 cr54 
   24  55  1.656595E-13 cr55 
   24  56  1.599579E-14 cr56 
   24  57  2.341013E-16 cr57 
   24  58  1.984242E-18 cr58 
   24  59  3.015370E-27 cr59 
   24  60  1.182724E-26 cr60 
   24  61  7.709184E-28 cr61 
   24  62  6.771703E-27 cr62 
   24  63  2.679315E-27 cr63 
   24  64  4.588783E-27 cr64 
   24  65  1.878936E-30 cr65 
   24  66  3.815553E-29 cr66 
   24  67  8.140342E-29 cr67 
   24  68  8.633669E-28 cr68 
   24  69  4.597233E-30 cr69 
   24  70  5.922079E-28 cr70 
   24  71  7.131122E-33 cr71 
   24  72  1.548040E-28 cr72 
   24  73  5.351909E-33 cr73 
   24  74  1.385509E-28 cr74 
   24  75  1.985735E-36 cr75 
   25  44  1.273026E-36 mn44 
   25  45  2.315082E-36 mn45 
   25  46  2.524512E-35 mn46 
   25  47  1.262332E-33 mn47 
   25  48  2.894793E-27 mn48 
   25  49  9.653502E-27 mn49 
   25  50  4.140890E-28 mn50 
   25  51  8.894339E-25 mn51 
   25  52  6.093404E-26 mn52 
   25  53  6.204105E-25 mn53 
   25  54  2.617258E-25 mn54 
   25  55  1.130928E-14 mn55 
   25  56  6.346319E-16 mn56 
   25  57  1.989833E-16 mn57 
   25  58  1.381981E-18 mn58 
   25  59  5.144506E-21 mn59 
   25  60  1.497266E-21 mn60 
   25  61  1.891857E-27 mn61 
   25  62  1.921123E-24 mn62 
   25  63  5.715763E-27 mn63 
   25  64  2.633836E-27 mn64 
   25  65  6.436486E-29 mn65 
   25  66  2.407369E-27 mn66 
   25  67  1.866215E-28 mn67 
   25  68  9.024366E-28 mn68 
   25  69  2.054850E-28 mn69 
   25  70  1.927789E-28 mn70 
   25  71  2.225924E-28 mn71 
   25  72  1.274809E-29 mn72 
   25  73  2.193314E-28 mn73 
   25  74  2.474932E-30 mn74 
   25  75  1.137866E-28 mn75 
   25  76  2.338452E-36 mn76 
   26  46  1.907233E-29 fe46 
   26  47  9.092775E-29 fe47 
   26  48  8.524854E-28 fe48 
   26  49  2.041016E-27 fe49 
   26  50  1.237445E-28 fe50 
   26  51  5.033289E-27 fe51 
   26  52  2.621490E-25 fe52 
   26  53  1.419058E-24 fe53 
   26  54  1.951732E-24 fe54 
   26  55  6.209852E-25 fe55 
   26  56  1.393221E-05 fe56 
   26  57  6.949408E-06 fe57 
   26  58  7.187841E-06 fe58 
   26  59  2.024856E-06 fe59 
   26  60  3.882169E-07 fe60 
   26  61  1.500816E-08 fe61 
   26  62  7.439472E-10 fe62 
   26  63  1.327600E-12 fe63 
   26  64  3.531364E-16 fe64 
   26  65  5.807292E-20 fe65 
   26  66  1.501037E-26 fe66 
   26  67  1.581704E-27 fe67 
   26  68  5.758651E-27 fe68 
   26  69  1.532510E-27 fe69 
   26  70  1.710964E-27 fe70 
   26  71  2.619148E-27 fe71 
   26  72  2.101628E-27 fe72 
   26  73  3.247922E-28 fe73 
   26  74  1.031203E-27 fe74 
   26  75  1.370135E-28 fe75 
   26  76  1.091491E-27 fe76 
   26  77  3.516171E-36 fe77 
   26  78  4.338447E-29 fe78 
   27  48  1.507046E-36 co48 
   27  49  4.674694E-36 co49 
   27  50  6.010445E-31 co50 
   27  51  5.460536E-29 co51 
   27  52  2.445760E-28 co52 
   27  53  6.680172E-27 co53 
   27  54  1.692829E-26 co54 
   27  55  1.026728E-24 co55 
   27  56  2.602013E-26 co56 
   27  57  2.801186E-16 co57 
   27  58  2.301734E-16 co58 
   27  59  7.298575E-12 co59 
   27  60  6.923834E-16 co60 
   27  61  5.901956E-10 co61 
   27  62  1.554255E-10 co62 
   27  63  8.591571E-12 co63 
   27  64  6.231818E-17 co64 
   27  65  4.121603E-19 co65 
   27  66  5.875485E-27 co66 
   27  67  1.207403E-27 co67 
   27  68  5.288169E-27 co68 
   27  69  2.980356E-27 co69 
   27  70  2.697886E-27 co70 
   27  71  1.736809E-27 co71 
   27  72  1.426638E-27 co72 
   27  73  1.339550E-28 co73 
   27  74  3.603678E-28 co74 
   27  75  2.718312E-33 co75 
   27  76  3.519248E-28 co76 
   27  77  3.895432E-28 co77 
   27  78  4.785783E-34 co78 
   27  79  8.866930E-29 co79 
   27  80  5.379055E-36 co80 
   28  50  3.461524E-32 ni50 
   28  51  1.113772E-30 ni51 
   28  52  7.912122E-28 ni52 
   28  53  1.452574E-27 ni53 
   28  54  4.232003E-27 ni54 
   28  55  4.044104E-27 ni55 
   28  56  1.549575E-24 ni56 
   28  57  8.436738E-27 ni57 
   28  58  1.372383E-24 ni58 
   28  59  1.516506E-22 ni59 
   28  60  8.161428E-16 ni60 
   28  61  6.931244E-13 ni61 
   28  62  1.271042E-11 ni62 
   28  63  3.405655E-12 ni63 
   28  64  3.602611E-13 ni64 
   28  65  2.655396E-15 ni65 
   28  66  6.023183E-17 ni66 
   28  67  3.323561E-19 ni67 
   28  68  4.581387E-21 ni68 
   28  69  2.857047E-23 ni69 
   28  70  1.927969E-25 ni70 
   28  71  4.522966E-26 ni71 
   28  72  2.732702E-26 ni72 
   28  73  3.557894E-27 ni73 
   28  74  1.201731E-26 ni74 
   28  75  9.095838E-27 ni75 
   28  76  5.239685E-27 ni76 
   28  77  1.154869E-26 ni77 
   28  78  1.188072E-26 ni78 
   28  79  2.618658E-35 ni79 
   28  80  2.816144E-27 ni80 
   28  81  2.652700E-36 ni81 
   28  82  1.409582E-27 ni82 
   28  83  2.187628E-36 ni83 
   29  52  1.647181E-36 cu52 
   29  53  3.080440E-36 cu53 
   29  54  5.260346E-36 cu54 
   29  55  6.174849E-36 cu55 
   29  56  4.607824E-36 cu56 
   29  57  8.409281E-31 cu57 
   29  58  7.707415E-26 cu58 
   29  59  7.221131E-25 cu59 
   29  60  1.643307E-25 cu60 
   29  61  9.927904E-27 cu61 
   29  62  4.052183E-24 cu62 
   29  63  6.245575E-21 cu63 
   29  64  1.918895E-22 cu64 
   29  65  3.361695E-18 cu65 
   29  66  4.117688E-21 cu66 
   29  67  2.903168E-19 cu67 
   29  68  2.186259E-21 cu68 
   29  69  6.269273E-23 cu69 
   29  70  2.419274E-25 cu70 
   29  71  6.695250E-25 cu71 
   29  72  2.611466E-25 cu72 
   29  73  2.878119E-26 cu73 
   29  74  2.214379E-26 cu74 
   29  75  1.333807E-26 cu75 
   29  76  1.104639E-26 cu76 
   29  77  9.764636E-27 cu77 
   29  78  7.559904E-27 cu78 
   29  79  5.536713E-27 cu79 
   29  80  1.855457E-30 cu80 
   29  81  3.202363E-27 cu81 
   29  82  2.495700E-33 cu82 
   29  83  8.975275E-28 cu83 
   29  84  8.498209E-35 cu84 
   29  85  1.651775E-28 cu85 
   29  86  4.047123E-36 cu86 
   30  54  5.835783E-36 zn54 
   30  55  9.649519E-35 zn55 
   30  56  1.613126E-29 zn56 
   30  57  9.158279E-28 zn57 
   30  58  2.834716E-27 zn58 
   30  59  3.038700E-27 zn59 
   30  60  1.370043E-24 zn60 
   30  61  6.870617E-29 zn61 
   30  62  1.207445E-24 zn62 
   30  63  3.077190E-25 zn63 
   30  64  3.184622E-25 zn64 
   30  65  7.544985E-25 zn65 
   30  66  1.048221E-22 zn66 
   30  67  1.207167E-23 zn67 
   30  68  5.617287E-22 zn68 
   30  69  3.131520E-24 zn69 
   30  70  1.003432E-24 zn70 
   30  71  4.434525E-25 zn71 
   30  72  9.735783E-25 zn72 
   30  73  1.988061E-25 zn73 
   30  74  1.070728E-24 zn74 
   30  75  4.641554E-25 zn75 
   30  76  1.964682E-25 zn76 
   30  77  3.627528E-26 zn77 
   30  78  2.331828E-26 zn78 
   30  79  2.109763E-26 zn79 
   30  80  1.985217E-26 zn80 
   30  81  4.685262E-29 zn81 
   30  82  8.249615E-27 zn82 
   30  83  1.255064E-31 zn83 
   30  84  1.987906E-27 zn84 
   30  85  3.239459E-33 zn85 
   30  86  5.032886E-28 zn86 
   30  87  6.391211E-36 zn87 
   30  88  1.550574E-28 zn88 
   30  89  2.939476E-36 zn89 
   31  56  1.558956E-36 ga56 
   31  57  3.334549E-36 ga57 
   31  58  5.774124E-36 ga58 
   31  59  5.125088E-36 ga59 
   31  60  6.589213E-36 ga60 
   31  61  4.862113E-34 ga61 
   31  62  2.106569E-27 ga62 
   31  63  5.705234E-25 ga63 
   31  64  2.172900E-25 ga64 
   31  65  1.439499E-27 ga65 
   31  66  2.259454E-26 ga66 
   31  67  9.104221E-26 ga67 
   31  68  1.502857E-26 ga68 
   31  69  4.387772E-26 ga69 
   31  70  2.157438E-26 ga70 
   31  71  5.120487E-26 ga71 
   31  72  2.540198E-26 ga72 
   31  73  1.438265E-25 ga73 
   31  74  1.418102E-25 ga74 
   31  75  8.737901E-25 ga75 
   31  76  9.282955E-25 ga76 
   31  77  9.308990E-25 ga77 
   31  78  2.814534E-25 ga78 
   31  79  6.311954E-26 ga79 
   31  80  4.239292E-26 ga80 
   31  81  2.044573E-27 ga81 
   31  82  1.715599E-26 ga82 
   31  83  1.054383E-26 ga83 
   31  84  8.691681E-29 ga84 
   31  85  3.336562E-27 ga85 
   31  86  6.094487E-31 ga86 
   31  87  9.492293E-28 ga87 
   31  88  5.496827E-33 ga88 
   31  89  2.023297E-28 ga89 
   31  90  1.334276E-34 ga90 
   31  91  1.629284E-28 ga91 
   31  92  9.820531E-35 ga92 
   32  58  1.191619E-34 ge58 
   32  59  9.345349E-34 ge59 
   32  60  6.642237E-30 ge60 
   32  61  7.209549E-28 ge61 
   32  62  1.627668E-26 ge62 
   32  63  2.277287E-27 ge63 
   32  64  9.157090E-25 ge64 
   32  65  6.500009E-29 ge65 
   32  66  7.600358E-25 ge66 
   32  67  1.862658E-25 ge67 
   32  68  1.075484E-25 ge68 
   32  69  1.414869E-26 ge69 
   32  70  1.979475E-26 ge70 
   32  71  1.226773E-26 ge71 
   32  72  2.240978E-26 ge72 
   32  73  9.134906E-27 ge73 
   32  74  2.423374E-26 ge74 
   32  75  6.688616E-26 ge75 
   32  76  2.705342E-25 ge76 
   32  77  1.052986E-24 ge77 
   32  78  1.785671E-24 ge78 
   32  79  8.902038E-25 ge79 
   32  80  1.882469E-24 ge80 
   32  81  4.722528E-26 ge81 
   32  82  2.122130E-25 ge82 
   32  83  4.504748E-26 ge83 
   32  84  2.582600E-26 ge84 
   32  85  6.132977E-28 ge85 
   32  86  9.244810E-27 ge86 
   32  87  2.031880E-29 ge87 
   32  88  1.494975E-32 ge88 
   32  89  2.110658E-31 ge89 
   32  90  9.293429E-28 ge90 
   32  91  5.030157E-33 ge91 
   32  92  3.327564E-28 ge92 
   32  93  5.187629E-33 ge93 
   32  94  2.158298E-28 ge94 
   32  95  1.991020E-35 ge95 
   33  60  1.323188E-36 as60 
   33  61  2.104222E-36 as61 
   33  62  4.423137E-36 as62 
   33  63  4.160505E-36 as63 
   33  64  5.207102E-35 as64 
   33  65  6.244879E-33 as65 
   33  66  2.023671E-27 as66 
   33  67  5.091536E-25 as67 
   33  68  1.957929E-25 as68 
   33  69  3.751773E-28 as69 
   33  70  1.607004E-28 as70 
   33  71  2.772298E-27 as71 
   33  72  4.495044E-28 as72 
   33  73  3.824737E-27 as73 
   33  74  1.385354E-27 as74 
   33  75  1.364054E-27 as75 
   33  76  2.873234E-27 as76 
   33  77  8.054436E-27 as77 
   33  78  4.896476E-27 as78 
   33  79  5.360766E-25 as79 
   33  80  5.677247E-25 as80 
   33  81  1.198879E-25 as81 
   33  82  1.410024E-24 as82 
   33  83  1.007228E-24 as83 
   33  84  1.028101E-25 as84 
   33  85  9.629401E-27 as85 
   33  86  3.019284E-26 as86 
   33  87  8.793220E-29 as87 
   33  88  2.030437E-32 as88 
   33  89  3.371895E-27 as89 
   33  90  1.146481E-28 as90 
   33  91  9.908994E-29 as91 
   33  92  1.055449E-32 as92 
   33  93  9.760992E-28 as93 
   33  94  6.382779E-31 as94 
   33  95  4.063946E-28 as95 
   33  96  1.678894E-33 as96 
   33  97  2.200777E-28 as97 
   33  98  4.888576E-34 as98 
   33  99  1.353435E-28 as99 
   33 100  2.401321E-34 as100
   34  63  2.209752E-33 se63 
   34  64  1.368180E-28 se64 
   34  65  5.169783E-28 se65 
   34  66  7.046359E-28 se66 
   34  67  1.960650E-27 se67 
   34  68  4.689384E-25 se68 
   34  69  6.738246E-28 se69 
   34  70  1.802513E-26 se70 
   34  71  2.849238E-27 se71 
   34  72  4.155719E-27 se72 
   34  73  1.411608E-27 se73 
   34  74  7.768550E-26 se74 
   34  75  1.093068E-25 se75 
   34  76  1.217906E-25 se76 
   34  77  5.355805E-26 se77 
   34  78  1.564458E-25 se78 
   34  79  8.892351E-26 se79 
   34  80  5.658012E-25 se80 
   34  81  2.259920E-25 se81 
   34  82  8.095227E-25 se82 
   34  83  1.329650E-24 se83 
   34  84  1.915791E-24 se84 
   34  85  3.110129E-25 se85 
   34  86  1.088452E-24 se86 
   34  87  1.408654E-27 se87 
   34  88  7.490722E-26 se88 
   34  89  1.530762E-26 se89 
   34  90  9.692586E-28 se90 
   34  91  8.739717E-29 se91 
   34  92  3.036785E-32 se92 
   34  93  4.926279E-29 se93 
   34  94  2.005043E-27 se94 
   34  95  1.245066E-29 se95 
   34  96  1.276187E-27 se96 
   34  97  5.384231E-32 se97 
   34  98  7.871695E-28 se98 
   34  99  1.220339E-32 se99 
   34 100  1.909124E-28 se100
   34 101  2.156746E-33 se101
   34 102  1.385544E-28 se102
   34 103  3.768566E-34 se103
   35  65  1.480004E-36 br65 
   35  66  2.418815E-36 br66 
   35  67  5.608673E-36 br67 
   35  68  4.691929E-35 br68 
   35  69  2.274844E-32 br69 
   35  70  1.061282E-28 br70 
   35  71  7.335275E-27 br71 
   35  72  1.303693E-28 br72 
   35  73  2.555159E-28 br73 
   35  74  2.121911E-26 br74 
   35  75  3.549742E-26 br75 
   35  76  5.799067E-27 br76 
   35  77  4.004966E-26 br77 
   35  78  1.118538E-26 br78 
   35  79  2.304756E-26 br79 
   35  80  1.233102E-26 br80 
   35  81  2.152239E-26 br81 
   35  82  2.025643E-26 br82 
   35  83  8.220088E-26 br83 
   35  84  1.310962E-25 br84 
   35  85  1.830919E-25 br85 
   35  86  1.096265E-24 br86 
   35  87  6.936251E-27 br87 
   35  88  2.343982E-24 br88 
   35  89  2.219345E-25 br89 
   35  90  1.151473E-26 br90 
   35  91  8.044613E-27 br91 
   35  92  2.604427E-26 br92 
   35  93  9.616646E-29 br93 
   35  94  2.473303E-27 br94 
   35  95  1.080676E-27 br95 
   35  96  1.220726E-27 br96 
   35  97  3.219319E-27 br97 
   35  98  1.048456E-29 br98 
   35  99  1.095967E-27 br99 
   35 100  1.189931E-30 br100
   35 101  3.515395E-28 br101
   35 102  2.476174E-31 br102
   35 103  1.585701E-28 br103
   35 104  4.228725E-33 br104
   35 105  5.577175E-29 br105
   36  68  5.098092E-29 kr68 
   36  69  8.077816E-29 kr69 
   36  70  7.151824E-29 kr70 
   36  71  7.010497E-29 kr71 
   36  72  7.200000E-29 kr72 
   36  73  1.083983E-28 kr73 
   36  74  7.055870E-25 kr74 
   36  75  3.814732E-25 kr75 
   36  76  1.749193E-25 kr76 
   36  77  1.934076E-26 kr77 
   36  78  1.192880E-26 kr78 
   36  79  3.834834E-26 kr79 
   36  80  8.405325E-26 kr80 
   36  81  3.633743E-26 kr81 
   36  82  1.642390E-25 kr82 
   36  83  6.952518E-26 kr83 
   36  84  2.699595E-25 kr84 
   36  85  1.600148E-25 kr85 
   36  86  2.912679E-25 kr86 
   36  87  7.480935E-27 kr87 
   36  88  2.347439E-24 kr88 
   36  89  2.362740E-24 kr89 
   36  90  2.397180E-25 kr90 
   36  91  2.900100E-25 kr91 
   36  92  9.741942E-26 kr92 
   36  93  1.213047E-27 kr93 
   36  94  7.076579E-27 kr94 
   36  95  1.425858E-27 kr95 
   36  96  2.078734E-27 kr96 
   36  97  3.693734E-27 kr97 
   36  98  1.855942E-27 kr98 
   36  99  1.879378E-28 kr99 
   36 100  3.057779E-27 kr100
   36 101  1.949082E-29 kr101
   36 102  1.151980E-27 kr102
   36 103  2.013975E-30 kr103
   36 104  4.976898E-28 kr104
   36 105  2.202402E-32 kr105
   36 106  2.596862E-28 kr106
   36 107  3.137930E-34 kr107
   36 108  3.900542E-29 kr108
   37  74  8.471283E-28 rb74 
   37  75  4.706538E-25 rb75 
   37  76  4.558427E-25 rb76 
   37  77  2.004668E-26 rb77 
   37  78  1.903711E-28 rb78 
   37  79  3.476858E-26 rb79 
   37  80  3.549348E-27 rb80 
   37  81  5.077824E-26 rb81 
   37  82  1.750476E-26 rb82 
   37  83  2.677799E-26 rb83 
   37  84  9.299399E-27 rb84 
   37  85  3.096177E-26 rb85 
   37  86  3.108061E-26 rb86 
   37  87  1.834216E-25 rb87 
   37  88  3.403616E-26 rb88 
   37  89  1.360840E-25 rb89 
   37  90  9.394755E-26 rb90 
   37  91  7.253312E-25 rb91 
   37  92  5.524186E-25 rb92 
   37  93  3.472042E-26 rb93 
   37  94  6.781138E-26 rb94 
   37  95  4.379207E-27 rb95 
   37  96  5.088049E-27 rb96 
   37  97  9.715995E-27 rb97 
   37  98  4.493271E-27 rb98 
   37  99  4.027467E-28 rb99 
   37 100  2.949820E-27 rb100
   37 101  8.647611E-28 rb101
   37 102  8.996934E-28 rb102
   37 103  6.773228E-28 rb103
   37 104  9.599320E-29 rb104
   37 105  6.020061E-28 rb105
   37 106  6.208023E-30 rb106
   37 107  3.320679E-28 rb107
   37 108  1.121937E-31 rb108
   37 109  2.071829E-28 rb109
   37 110  1.777395E-34 rb110
   37 111  1.458768E-32 rb111
   38  73  7.300000E-29 sr73 
   38  74  5.116353E-27 sr74 
   38  75  2.529317E-27 sr75 
   38  76  1.635368E-25 sr76 
   38  77  2.173215E-26 sr77 
   38  78  2.150636E-27 sr78 
   38  79  4.055985E-25 sr79 
   38  80  4.179273E-25 sr80 
   38  81  7.549439E-26 sr81 
   38  82  1.917791E-26 sr82 
   38  83  7.656407E-27 sr83 
   38  84  5.664714E-26 sr84 
   38  85  3.290414E-26 sr85 
   38  86  1.467332E-25 sr86 
   38  87  9.321919E-26 sr87 
   38  88  2.400680E-25 sr88 
   38  89  2.623044E-26 sr89 
   38  90  9.183636E-27 sr90 
   38  91  1.021729E-25 sr91 
   38  92  4.252898E-24 sr92 
   38  93  2.170924E-25 sr93 
   38  94  1.565475E-24 sr94 
   38  95  5.795625E-25 sr95 
   38  96  2.036128E-26 sr96 
   38  97  2.100705E-26 sr97 
   38  98  2.253966E-26 sr98 
   38  99  2.020050E-27 sr99 
   38 100  1.113457E-26 sr100
   38 101  3.027116E-27 sr101
   38 102  1.800400E-27 sr102
   38 103  1.344746E-27 sr103
   38 104  2.622942E-27 sr104
   38 105  1.301851E-27 sr105
   38 106  2.359872E-27 sr106
   38 107  7.987535E-29 sr107
   38 108  1.293003E-27 sr108
   38 109  1.499919E-31 sr109
   38 110  7.871394E-28 sr110
   38 111  4.101080E-33 sr111
   38 112  5.041635E-29 sr112
   38 113  2.006841E-30 sr113
   38 114  8.970341E-29 sr114
   39  75  2.655764E-36 y75  
   39  76  1.639739E-35 y76  
   39  77  4.941105E-34 y77  
   39  78  8.971859E-29 y78  
   39  79  3.320289E-25 y79  
   39  80  9.757963E-25 y80  
   39  81  3.560214E-25 y81  
   39  82  1.440151E-28 y82  
   39  83  1.110006E-26 y83  
   39  84  6.413865E-27 y84  
   39  85  1.668030E-26 y85  
   39  86  7.771086E-27 y86  
   39  87  1.183321E-26 y87  
   39  88  5.948604E-27 y88  
   39  89  1.068084E-25 y89  
   39  90  1.306150E-26 y90  
   39  91  2.364534E-26 y91  
   39  92  9.013953E-27 y92  
   39  93  1.277878E-26 y93  
   39  94  2.267957E-25 y94  
   39  95  3.877097E-25 y95  
   39  96  2.503550E-25 y96  
   39  97  2.036296E-25 y97  
   39  98  1.626871E-26 y98  
   39  99  7.741813E-27 y99  
   39 100  3.301791E-26 y100 
   39 101  1.023330E-26 y101 
   39 102  7.292312E-27 y102 
   39 103  8.118846E-27 y103 
   39 104  5.631442E-27 y104 
   39 105  1.081873E-27 y105 
   39 106  2.010739E-27 y106 
   39 107  1.755302E-28 y107 
   39 108  1.239131E-27 y108 
   39 109  1.401555E-27 y109 
   39 110  1.012516E-29 y110 
   39 111  3.290484E-28 y111 
   39 112  1.748473E-33 y112 
   39 113  4.174360E-28 y113 
   39 114  8.780240E-32 y114 
   39 115  1.644050E-28 y115 
   39 116  1.533966E-30 y116 
   39 117  1.542942E-28 y117 
   39 118  2.191645E-32 y118 
   39 119  5.120603E-29 y119 
   40  77  9.102402E-30 zr77 
   40  78  7.795727E-29 zr78 
   40  79  8.832313E-28 zr79 
   40  80  1.423805E-25 zr80 
   40  81  7.744945E-26 zr81 
   40  82  4.522393E-28 zr82 
   40  83  7.151719E-26 zr83 
   40  84  4.808178E-25 zr84 
   40  85  4.183727E-26 zr85 
   40  86  5.916003E-27 zr86 
   40  87  2.301335E-27 zr87 
   40  88  5.696717E-26 zr88 
   40  89  3.804496E-26 zr89 
   40  90  2.669019E-25 zr90 
   40  91  7.711154E-26 zr91 
   40  92  5.947121E-26 zr92 
   40  93  1.611516E-26 zr93 
   40  94  1.568021E-26 zr94 
   40  95  7.215507E-27 zr95 
   40  96  1.651720E-24 zr96 
   40  97  2.861173E-24 zr97 
   40  98  1.301530E-24 zr98 
   40  99  1.046040E-26 zr99 
   40 100  5.459522E-25 zr100
   40 101  3.787740E-26 zr101
   40 102  5.442868E-26 zr102
   40 103  3.179952E-26 zr103
   40 104  2.729299E-26 zr104
   40 105  1.153139E-26 zr105
   40 106  1.826185E-26 zr106
   40 107  8.495317E-28 zr107
   40 108  8.663994E-27 zr108
   40 109  9.904430E-27 zr109
   40 110  3.310101E-27 zr110
   40 111  6.448611E-29 zr111
   40 112  2.691997E-27 zr112
   40 113  1.853803E-32 zr113
   40 114  9.491326E-28 zr114
   40 115  4.308595E-29 zr115
   40 116  7.412441E-28 zr116
   40 117  2.531820E-29 zr117
   40 118  3.244829E-28 zr118
   40 119  2.146499E-31 zr119
   40 120  1.041803E-28 zr120
   40 121  1.279242E-28 zr121
   40 122  7.819797E-29 zr122
   41  80  1.672475E-36 nb80 
   41  81  5.947131E-36 nb81 
   41  82  6.883042E-31 nb82 
   41  83  2.794610E-26 nb83 
   41  84  2.872156E-25 nb84 
   41  85  1.030279E-25 nb85 
   41  86  5.500435E-27 nb86 
   41  87  3.445200E-27 nb87 
   41  88  1.666376E-26 nb88 
   41  89  1.333695E-26 nb89 
   41  90  1.140430E-26 nb90 
   41  91  2.632939E-26 nb91 
   41  92  1.232728E-26 nb92 
   41  93  1.423860E-26 nb93 
   41  94  9.697189E-27 nb94 
   41  95  1.050281E-26 nb95 
   41  96  9.133760E-27 nb96 
   41  97  2.677667E-26 nb97 
   41  98  1.245165E-25 nb98 
   41  99  2.005266E-25 nb99 
   41 100  1.343379E-25 nb100
   41 101  2.916054E-25 nb101
   41 102  2.626211E-26 nb102
   41 103  3.115436E-26 nb103
   41 104  1.863490E-25 nb104
   41 105  5.031123E-26 nb105
   41 106  3.864341E-26 nb106
   41 107  1.857604E-27 nb107
   41 108  8.830473E-27 nb108
   41 109  1.252019E-26 nb109
   41 110  6.650391E-27 nb110
   41 111  4.434735E-27 nb111
   41 112  3.381811E-27 nb112
   41 113  1.472364E-27 nb113
   41 114  4.927892E-28 nb114
   41 115  1.888317E-28 nb115
   41 116  7.466042E-28 nb116
   41 117  1.759162E-28 nb117
   41 118  2.169202E-28 nb118
   41 119  2.693542E-28 nb119
   41 120  2.286162E-29 nb120
   41 121  1.385042E-28 nb121
   41 122  2.211630E-28 nb122
   41 123  1.710131E-28 nb123
   41 124  5.218813E-36 nb124
   42  82  9.324274E-32 mo82 
   42  83  6.554556E-29 mo83 
   42  84  5.234355E-26 mo84 
   42  85  3.291684E-26 mo85 
   42  86  1.374735E-26 mo86 
   42  87  5.084039E-27 mo87 
   42  88  6.836832E-25 mo88 
   42  89  4.016697E-26 mo89 
   42  90  4.974555E-27 mo90 
   42  91  1.159871E-27 mo91 
   42  92  1.586508E-25 mo92 
   42  93  4.036614E-26 mo93 
   42  94  6.546357E-26 mo94 
   42  95  2.517121E-26 mo95 
   42  96  4.724048E-26 mo96 
   42  97  1.608594E-26 mo97 
   42  98  4.992531E-25 mo98 
   42  99  1.974002E-25 mo99 
   42 100  1.829759E-24 mo100
   42 101  8.045469E-25 mo101
   42 102  1.038739E-24 mo102
   42 103  1.230952E-24 mo103
   42 104  1.052098E-24 mo104
   42 105  7.207349E-25 mo105
   42 106  6.781788E-25 mo106
   42 107  2.688681E-26 mo107
   42 108  3.561589E-26 mo108
   42 109  2.803653E-26 mo109
   42 110  9.807057E-27 mo110
   42 111  1.881595E-26 mo111
   42 112  3.525421E-26 mo112
   42 113  1.524635E-28 mo113
   42 114  2.292809E-27 mo114
   42 115  6.862138E-28 mo115
   42 116  2.629546E-27 mo116
   42 117  7.970347E-28 mo117
   42 118  7.027211E-28 mo118
   42 119  9.310791E-28 mo119
   42 120  4.831429E-28 mo120
   42 121  1.797232E-28 mo121
   42 122  2.737505E-28 mo122
   42 123  1.142660E-27 mo123
   42 124  2.615049E-28 mo124
   42 125  5.715590E-36 mo125
   43  85  8.489643E-35 tc85 
   43  86  1.929411E-29 tc86 
   43  87  5.459126E-28 tc87 
   43  88  1.451568E-25 tc88 
   43  89  6.249873E-26 tc89 
   43  90  3.829205E-27 tc90 
   43  91  8.211453E-28 tc91 
   43  92  4.779199E-26 tc92 
   43  93  3.026896E-26 tc93 
   43  94  1.129133E-26 tc94 
   43  95  8.784747E-27 tc95 
   43  96  5.616102E-27 tc96 
   43  97  6.652848E-27 tc97 
   43  98  4.163818E-27 tc98 
   43  99  5.441548E-27 tc99 
   43 100  2.510939E-27 tc100
   43 101  2.398170E-26 tc101
   43 102  6.649006E-27 tc102
   43 103  1.871012E-25 tc103
   43 104  1.518522E-25 tc104
   43 105  2.430432E-25 tc105
   43 106  1.393377E-24 tc106
   43 107  2.914894E-25 tc107
   43 108  3.840358E-25 tc108
   43 109  3.379893E-26 tc109
   43 110  2.678053E-26 tc110
   43 111  4.227714E-27 tc111
   43 112  1.474882E-26 tc112
   43 113  1.129349E-28 tc113
   43 114  3.213579E-27 tc114
   43 115  8.121299E-28 tc115
   43 116  2.238401E-27 tc116
   43 117  6.064394E-28 tc117
   43 118  8.370518E-28 tc118
   43 119  7.646390E-28 tc119
   43 120  5.313040E-28 tc120
   43 121  1.512806E-28 tc121
   43 122  2.896028E-28 tc122
   43 123  4.396932E-28 tc123
   43 124  4.628731E-28 tc124
   43 125  2.491629E-28 tc125
   43 126  2.315030E-35 tc126
   44  86  8.486312E-29 ru86 
   44  87  8.674289E-29 ru87 
   44  88  1.499762E-26 ru88 
   44  89  1.319756E-26 ru89 
   44  90  1.077614E-26 ru90 
   44  91  3.563961E-28 ru91 
   44  92  8.236033E-25 ru92 
   44  93  5.221833E-26 ru93 
   44  94  5.748013E-27 ru94 
   44  95  2.268229E-27 ru95 
   44  96  5.409940E-27 ru96 
   44  97  3.179243E-27 ru97 
   44  98  9.932583E-27 ru98 
   44  99  3.235985E-27 ru99 
   44 100  1.204751E-26 ru100
   44 101  2.496517E-27 ru101
   44 102  2.227757E-26 ru102
   44 103  2.893179E-26 ru103
   44 104  1.110390E-26 ru104
   44 105  1.436677E-26 ru105
   44 106  3.230914E-25 ru106
   44 107  1.593088E-25 ru107
   44 108  2.509622E-24 ru108
   44 109  1.764652E-24 ru109
   44 110  8.098481E-25 ru110
   44 111  3.286591E-26 ru111
   44 112  6.875528E-26 ru112
   44 113  5.483183E-28 ru113
   44 114  9.352206E-27 ru114
   44 115  8.263424E-27 ru115
   44 116  2.245715E-26 ru116
   44 117  2.901957E-27 ru117
   44 118  4.771457E-27 ru118
   44 119  5.754952E-27 ru119
   44 120  2.452214E-27 ru120
   44 121  8.860574E-28 ru121
   44 122  1.238485E-27 ru122
   44 123  2.266520E-27 ru123
   44 124  1.322910E-27 ru124
   44 125  2.431012E-27 ru125
   44 126  1.421240E-27 ru126
   44 127  2.641520E-34 ru127
   44 128  7.216669E-29 ru128
   45  89  1.204369E-33 rh89 
   45  90  7.027010E-29 rh90 
   45  91  7.746730E-27 rh91 
   45  92  1.456588E-26 rh92 
   45  93  1.418660E-26 rh93 
   45  94  5.619061E-27 rh94 
   45  95  2.740267E-28 rh95 
   45  96  7.891979E-27 rh96 
   45  97  9.231893E-28 rh97 
   45  98  2.476304E-28 rh98 
   45  99  8.143894E-28 rh99 
   45 100  4.741557E-28 rh100
   45 101  1.054969E-27 rh101
   45 102  5.883317E-28 rh102
   45 103  7.638227E-28 rh103
   45 104  5.140598E-28 rh104
   45 105  1.566219E-27 rh105
   45 106  4.915849E-28 rh106
   45 107  6.307216E-27 rh107
   45 108  5.767560E-26 rh108
   45 109  5.939486E-25 rh109
   45 110  2.633223E-25 rh110
   45 111  5.840934E-25 rh111
   45 112  2.311011E-25 rh112
   45 113  2.080415E-27 rh113
   45 114  2.358049E-26 rh114
   45 115  9.398102E-27 rh115
   45 116  2.166162E-26 rh116
   45 117  7.043393E-27 rh117
   45 118  2.786555E-27 rh118
   45 119  3.009167E-27 rh119
   45 120  1.939219E-27 rh120
   45 121  5.209420E-28 rh121
   45 122  9.517943E-28 rh122
   45 123  1.593964E-27 rh123
   45 124  8.617535E-28 rh124
   45 125  7.294964E-28 rh125
   45 126  1.592372E-27 rh126
   45 127  1.159000E-27 rh127
   45 128  4.198779E-33 rh128
   45 129  1.837453E-28 rh129
   45 130  6.601717E-35 rh130
   46  91  9.285859E-29 pd91 
   46  92  1.040264E-26 pd92 
   46  93  1.042683E-26 pd93 
   46  94  7.236515E-27 pd94 
   46  95  1.357766E-26 pd95 
   46  96  1.428445E-25 pd96 
   46  97  8.533517E-28 pd97 
   46  98  1.922939E-27 pd98 
   46  99  1.269161E-27 pd99 
   46 100  4.778522E-27 pd100
   46 101  3.317792E-27 pd101
   46 102  5.388658E-27 pd102
   46 103  3.372239E-27 pd103
   46 104  6.559468E-27 pd104
   46 105  1.637281E-27 pd105
   46 106  7.715448E-27 pd106
   46 107  1.607693E-27 pd107
   46 108  2.695283E-26 pd108
   46 109  5.321793E-26 pd109
   46 110  1.020378E-24 pd110
   46 111  7.409736E-25 pd111
   46 112  2.208576E-24 pd112
   46 113  2.368861E-26 pd113
   46 114  3.639386E-25 pd114
   46 115  2.304941E-25 pd115
   46 116  7.048075E-25 pd116
   46 117  8.335955E-26 pd117
   46 118  3.325339E-26 pd118
   46 119  2.193042E-26 pd119
   46 120  9.805917E-27 pd120
   46 121  1.549035E-26 pd121
   46 122  6.154358E-33 pd122
   46 123  1.464175E-26 pd123
   46 124  9.110538E-27 pd124
   46 125  1.008327E-26 pd125
   46 126  9.780399E-27 pd126
   46 127  1.601535E-26 pd127
   46 128  4.508763E-27 pd128
   46 129  1.405932E-31 pd129
   46 130  2.796369E-27 pd130
   46 131  1.581994E-34 pd131
   46 132  1.519031E-28 pd132
   47  93  5.685094E-33 ag93 
   47  94  1.034353E-28 ag94 
   47  95  2.193731E-27 ag95 
   47  96  4.988674E-26 ag96 
   47  97  1.879750E-27 ag97 
   47  98  3.150523E-28 ag98 
   47  99  6.587344E-27 ag99 
   47 100  3.662771E-28 ag100
   47 101  1.665583E-27 ag101
   47 102  6.067259E-28 ag102
   47 103  1.461023E-27 ag103
   47 104  9.765079E-28 ag104
   47 105  1.798805E-27 ag105
   47 106  7.792447E-28 ag106
   47 107  1.097841E-27 ag107
   47 108  7.341375E-28 ag108
   47 109  1.181300E-27 ag109
   47 110  4.712424E-28 ag110
   47 111  5.642144E-27 ag111
   47 112  1.960330E-27 ag112
   47 113  6.916790E-27 ag113
   47 114  9.424379E-27 ag114
   47 115  1.163520E-25 ag115
   47 116  9.890042E-25 ag116
   47 117  5.740269E-25 ag117
   47 118  9.714532E-26 ag118
   47 119  4.150531E-26 ag119
   47 120  1.903460E-26 ag120
   47 121  6.528370E-27 ag121
   47 122  1.843687E-26 ag122
   47 123  7.636014E-27 ag123
   47 124  3.665500E-27 ag124
   47 125  4.050724E-27 ag125
   47 126  4.058003E-27 ag126
   47 127  3.843032E-27 ag127
   47 128  2.051950E-27 ag128
   47 129  2.485568E-27 ag129
   47 130  3.893146E-30 ag130
   47 131  1.510052E-27 ag131
   47 132  8.495084E-33 ag132
   47 133  4.464264E-28 ag133
   47 134  1.082789E-35 ag134
   48  95  9.726891E-29 cd95 
   48  96  1.190454E-26 cd96 
   48  97  5.028058E-28 cd97 
   48  98  1.532067E-28 cd98 
   48  99  1.709765E-26 cd99 
   48 100  1.396973E-27 cd100
   48 101  7.524613E-28 cd101
   48 102  1.683620E-27 cd102
   48 103  1.077541E-27 cd103
   48 104  1.038792E-25 cd104
   48 105  3.100273E-26 cd105
   48 106  5.789894E-26 cd106
   48 107  1.980352E-26 cd107
   48 108  6.606332E-26 cd108
   48 109  1.947041E-26 cd109
   48 110  5.006777E-26 cd110
   48 111  1.108832E-26 cd111
   48 112  4.529597E-26 cd112
   48 113  1.317926E-26 cd113
   48 114  9.190489E-26 cd114
   48 115  3.347332E-26 cd115
   48 116  1.904735E-25 cd116
   48 117  1.221473E-25 cd117
   48 118  8.731169E-25 cd118
   48 119  3.168133E-25 cd119
   48 120  1.794146E-25 cd120
   48 121  5.938852E-26 cd121
   48 122  2.245779E-25 cd122
   48 123  4.585216E-26 cd123
   48 124  2.095232E-26 cd124
   48 125  1.341472E-26 cd125
   48 126  1.620229E-26 cd126
   48 127  1.572738E-26 cd127
   48 128  9.187333E-27 cd128
   48 129  1.343858E-26 cd129
   48 130  9.092952E-27 cd130
   48 131  5.259893E-29 cd131
   48 132  3.769695E-27 cd132
   48 133  1.758084E-32 cd133
   48 134  1.340032E-28 cd134
   49  97  1.319719E-29 in97 
   49  98  9.800209E-29 in98 
   49  99  9.421164E-27 in99 
   49 100  5.775316E-28 in100
   49 101  3.485797E-28 in101
   49 102  2.925983E-28 in102
   49 103  2.919947E-28 in103
   49 104  4.441964E-25 in104
   49 105  9.132403E-27 in105
   49 106  1.190102E-25 in106
   49 107  1.773270E-26 in107
   49 108  8.830295E-27 in108
   49 109  1.038855E-26 in109
   49 110  5.063599E-27 in110
   49 111  6.911806E-27 in111
   49 112  3.762727E-27 in112
   49 113  5.548363E-27 in113
   49 114  2.568967E-27 in114
   49 115  6.936924E-27 in115
   49 116  2.191406E-27 in116
   49 117  1.476287E-26 in117
   49 118  1.646353E-27 in118
   49 119  3.429854E-26 in119
   49 120  8.899080E-27 in120
   49 121  4.141359E-26 in121
   49 122  7.410676E-26 in122
   49 123  5.226952E-25 in123
   49 124  1.007883E-25 in124
   49 125  5.086046E-26 in125
   49 126  3.579134E-26 in126
   49 127  3.349644E-26 in127
   49 128  2.081124E-26 in128
   49 129  2.476551E-26 in129
   49 130  1.631884E-26 in130
   49 131  1.737835E-27 in131
   49 132  6.327189E-27 in132
   49 133  4.298940E-27 in133
   49 134  2.856564E-31 in134
   49 135  2.474258E-27 in135
   49 136  1.209633E-32 in136
   49 137  1.436138E-28 in137
   50  99  1.049556E-28 sn99 
   50 100  1.000012E-28 sn100
   50 101  1.010000E-28 sn101
   50 102  1.020000E-28 sn102
   50 103  1.030000E-28 sn103
   50 104  5.701155E-25 sn104
   50 105  6.231222E-27 sn105
   50 106  9.744164E-25 sn106
   50 107  2.708626E-26 sn107
   50 108  1.421126E-26 sn108
   50 109  3.619524E-27 sn109
   50 110  1.070134E-26 sn110
   50 111  4.522462E-27 sn111
   50 112  1.495488E-26 sn112
   50 113  4.676214E-27 sn113
   50 114  2.306307E-26 sn114
   50 115  7.735422E-27 sn115
   50 116  3.230523E-26 sn116
   50 117  7.858252E-27 sn117
   50 118  3.966265E-26 sn118
   50 119  1.076382E-26 sn119
   50 120  4.397216E-26 sn120
   50 121  2.128968E-26 sn121
   50 122  1.292829E-24 sn122
   50 123  2.102763E-24 sn123
   50 124  2.200786E-24 sn124
   50 125  2.343611E-24 sn125
   50 126  2.270286E-24 sn126
   50 127  3.730176E-24 sn127
   50 128  1.974749E-24 sn128
   50 129  2.197557E-24 sn129
   50 130  2.974568E-24 sn130
   50 131  4.699127E-25 sn131
   50 132  2.774582E-24 sn132
   50 133  5.133598E-27 sn133
   50 134  4.059154E-26 sn134
   50 135  3.453052E-30 sn135
   50 136  7.145522E-27 sn136
   50 137  1.798761E-31 sn137
   50 138  1.148028E-26 sn138
   50 139  1.261302E-32 sn139
   50 140  1.387586E-28 sn140
   51 105  6.230001E-36 sb105
   51 106  1.060041E-28 sb106
   51 107  2.657169E-32 sb107
   51 108  1.065862E-28 sb108
   51 109  2.990348E-28 sb109
   51 110  1.216630E-28 sb110
   51 111  9.672512E-27 sb111
   51 112  2.225480E-28 sb112
   51 113  5.930231E-28 sb113
   51 114  4.425707E-28 sb114
   51 115  6.811739E-28 sb115
   51 116  4.558125E-28 sb116
   51 117  8.770206E-28 sb117
   51 118  6.280157E-28 sb118
   51 119  1.250777E-27 sb119
   51 120  5.552434E-28 sb120
   51 121  1.667649E-27 sb121
   51 122  1.196426E-27 sb122
   51 123  3.157498E-27 sb123
   51 124  2.256292E-27 sb124
   51 125  6.015541E-27 sb125
   51 126  4.428057E-27 sb126
   51 127  1.834437E-26 sb127
   51 128  1.272833E-26 sb128
   51 129  2.093406E-25 sb129
   51 130  1.693855E-25 sb130
   51 131  1.180285E-25 sb131
   51 132  9.925122E-25 sb132
   51 133  7.618290E-25 sb133
   51 134  1.765028E-26 sb134
   51 135  3.883971E-26 sb135
   51 136  2.513927E-28 sb136
   51 137  3.895661E-26 sb137
   51 138  2.881998E-32 sb138
   51 139  4.961482E-27 sb139
   51 140  3.133152E-31 sb140
   51 141  2.272660E-27 sb141
   51 142  4.311189E-34 sb142
   51 143  7.713487E-28 sb143
   51 144  1.294205E-31 sb144
   51 145  4.285583E-28 sb145
   51 146  5.798659E-32 sb146
   51 147  3.534331E-28 sb147
   51 148  5.709194E-33 sb148
   51 149  3.051037E-28 sb149
   51 150  3.374583E-33 sb150
   51 151  5.259529E-29 sb151
   52 109  1.089597E-28 te109
   52 110  1.100000E-28 te110
   52 111  1.733081E-28 te111
   52 112  7.539750E-28 te112
   52 113  6.399099E-28 te113
   52 114  1.264999E-27 te114
   52 115  4.196724E-28 te115
   52 116  2.164263E-27 te116
   52 117  8.127397E-28 te117
   52 118  2.505891E-27 te118
   52 119  1.088550E-27 te119
   52 120  2.887141E-27 te120
   52 121  1.646443E-27 te121
   52 122  4.155596E-27 te122
   52 123  1.352589E-27 te123
   52 124  8.063316E-27 te124
   52 125  2.708724E-27 te125
   52 126  1.550209E-26 te126
   52 127  7.330992E-27 te127
   52 128  1.919810E-26 te128
   52 129  7.599061E-27 te129
   52 130  8.164678E-27 te130
   52 131  1.736270E-27 te131
   52 132  4.221994E-26 te132
   52 133  5.930380E-26 te133
   52 134  1.539210E-24 te134
   52 135  8.333450E-25 te135
   52 136  7.306384E-26 te136
   52 137  9.328741E-26 te137
   52 138  5.280785E-26 te138
   52 139  7.933437E-31 te139
   52 140  1.480711E-26 te140
   52 141  3.657511E-30 te141
   52 142  5.714268E-27 te142
   52 143  1.805120E-29 te143
   52 144  3.278647E-27 te144
   52 145  5.379511E-30 te145
   52 146  2.356743E-27 te146
   52 147  1.789787E-30 te147
   52 148  1.774028E-27 te148
   52 149  2.352149E-31 te149
   52 150  1.364866E-27 te150
   52 151  1.515537E-32 te151
   52 152  1.273226E-28 te152
   52 153  1.510779E-32 te153
   52 154  1.232260E-28 te154
   53 112  1.120000E-28 i112 
   53 113  2.435190E-28 i113 
   53 114  1.140000E-28 i114 
   53 115  1.144045E-28 i115 
   53 116  1.160000E-28 i116 
   53 117  2.400735E-28 i117 
   53 118  1.971729E-28 i118 
   53 119  3.089391E-28 i119 
   53 120  1.556794E-28 i120 
   53 121  3.825992E-28 i121 
   53 122  2.865716E-28 i122 
   53 123  4.814167E-28 i123 
   53 124  3.533834E-28 i124 
   53 125  8.082366E-28 i125 
   53 126  5.418788E-28 i126 
   53 127  1.058845E-27 i127 
   53 128  1.238425E-27 i128 
   53 129  1.635913E-27 i129 
   53 130  2.315625E-27 i130 
   53 131  6.834170E-27 i131 
   53 132  5.361276E-27 i132 
   53 133  1.100882E-26 i133 
   53 134  1.179058E-26 i134 
   53 135  6.247768E-25 i135 
   53 136  5.034176E-26 i136 
   53 137  2.646266E-24 i137 
   53 138  4.417669E-25 i138 
   53 139  6.972881E-26 i139 
   53 140  4.079120E-27 i140 
   53 141  1.765083E-26 i141 
   53 142  5.605916E-28 i142 
   53 143  7.094021E-27 i143 
   53 144  2.659568E-28 i144 
   53 145  3.049767E-27 i145 
   53 146  2.432595E-28 i146 
   53 147  2.991161E-27 i147 
   53 148  4.562056E-29 i148 
   53 149  3.824871E-27 i149 
   53 150  2.536738E-30 i150 
   53 151  9.099506E-28 i151 
   53 152  4.777260E-31 i152 
   53 153  8.055208E-28 i153 
   53 154  1.262611E-31 i154 
   53 155  4.751824E-28 i155 
   53 156  4.517965E-32 i156 
   53 157  3.428883E-29 i157 
   53 158  1.485249E-34 i158 
   54 113  1.130000E-28 xe113
   54 114  1.140000E-28 xe114
   54 115  1.150000E-28 xe115
   54 116  1.160000E-28 xe116
   54 117  1.170000E-28 xe117
   54 118  5.400734E-28 xe118
   54 119  4.992753E-28 xe119
   54 120  9.407976E-28 xe120
   54 121  6.222646E-28 xe121
   54 122  1.706499E-27 xe122
   54 123  9.995249E-28 xe123
   54 124  2.263064E-27 xe124
   54 125  1.388740E-27 xe125
   54 126  4.301644E-27 xe126
   54 127  2.421222E-27 xe127
   54 128  6.138884E-27 xe128
   54 129  3.460894E-27 xe129
   54 130  1.135375E-26 xe130
   54 131  5.828150E-27 xe131
   54 132  2.472475E-26 xe132
   54 133  1.189375E-26 xe133
   54 134  2.563266E-26 xe134
   54 135  6.500322E-27 xe135
   54 136  5.587055E-27 xe136
   54 137  1.235005E-24 xe137
   54 138  1.838822E-24 xe138
   54 139  1.709589E-24 xe139
   54 140  1.120791E-25 xe140
   54 141  4.738033E-26 xe141
   54 142  8.271075E-27 xe142
   54 143  2.021220E-26 xe143
   54 144  1.289513E-26 xe144
   54 145  4.791769E-27 xe145
   54 146  5.604271E-27 xe146
   54 147  6.130979E-27 xe147
   54 148  1.219444E-26 xe148
   54 149  6.170894E-28 xe149
   54 150  4.637722E-27 xe150
   54 151  7.843599E-29 xe151
   54 152  3.436165E-27 xe152
   54 153  1.088084E-29 xe153
   54 154  2.048061E-27 xe154
   54 155  5.805644E-30 xe155
   54 156  6.782039E-28 xe156
   54 157  6.194880E-32 xe157
   54 158  4.286032E-28 xe158
   54 159  2.038488E-33 xe159
   54 160  1.474709E-28 xe160
   54 161  3.707872E-34 xe161
   55 118  1.180000E-28 cs118
   55 119  3.697822E-28 cs119
   55 120  1.560338E-28 cs120
   55 121  2.087005E-28 cs121
   55 122  1.603375E-28 cs122
   55 123  2.870978E-28 cs123
   55 124  1.940471E-28 cs124
   55 125  5.427187E-28 cs125
   55 126  3.091088E-28 cs126
   55 127  6.742180E-28 cs127
   55 128  2.527966E-28 cs128
   55 129  9.141181E-28 cs129
   55 130  5.797778E-28 cs130
   55 131  1.427442E-27 cs131
   55 132  1.025476E-27 cs132
   55 133  2.270939E-27 cs133
   55 134  1.996824E-27 cs134
   55 135  5.369467E-27 cs135
   55 136  7.550527E-27 cs136
   55 137  6.344283E-26 cs137
   55 138  1.950757E-26 cs138
   55 139  4.971536E-25 cs139
   55 140  1.361692E-25 cs140
   55 141  1.112248E-24 cs141
   55 142  9.944022E-27 cs142
   55 143  5.490970E-26 cs143
   55 144  2.603835E-26 cs144
   55 145  1.404422E-26 cs145
   55 146  1.121986E-26 cs146
   55 147  1.494819E-26 cs147
   55 148  1.317195E-26 cs148
   55 149  7.590079E-27 cs149
   55 150  4.295705E-27 cs150
   55 151  3.876223E-27 cs151
   55 152  1.406747E-27 cs152
   55 153  4.978183E-27 cs153
   55 154  1.477940E-28 cs154
   55 155  2.373200E-27 cs155
   55 156  4.905105E-29 cs156
   55 157  2.168835E-27 cs157
   55 158  1.221130E-30 cs158
   55 159  1.074766E-27 cs159
   55 160  1.780820E-32 cs160
   55 161  4.308740E-28 cs161
   55 162  6.683224E-33 cs162
   55 163  7.292224E-29 cs163
   55 164  7.379565E-34 cs164
   55 165  5.970754E-30 cs165
   56 119  1.190000E-28 ba119
   56 120  1.200000E-28 ba120
   56 121  1.210000E-28 ba121
   56 122  8.690320E-28 ba122
   56 123  5.814523E-28 ba123
   56 124  1.381139E-27 ba124
   56 125  4.532750E-28 ba125
   56 126  1.822163E-27 ba126
   56 127  1.058533E-27 ba127
   56 128  3.378752E-27 ba128
   56 129  1.259102E-27 ba129
   56 130  2.738801E-27 ba130
   56 131  2.375239E-27 ba131
   56 132  6.238344E-27 ba132
   56 133  4.715238E-27 ba133
   56 134  1.315706E-26 ba134
   56 135  5.591559E-27 ba135
   56 136  4.022512E-26 ba136
   56 137  3.210533E-26 ba137
   56 138  5.129430E-26 ba138
   56 139  8.369049E-27 ba139
   56 140  1.700955E-26 ba140
   56 141  5.565676E-25 ba141
   56 142  3.563920E-25 ba142
   56 143  9.057335E-25 ba143
   56 144  6.740165E-25 ba144
   56 145  1.286801E-25 ba145
   56 146  5.638137E-26 ba146
   56 147  4.336365E-26 ba147
   56 148  4.393622E-26 ba148
   56 149  1.183285E-26 ba149
   56 150  8.134724E-27 ba150
   56 151  1.370778E-26 ba151
   56 152  1.271535E-26 ba152
   56 153  5.967569E-27 ba153
   56 154  4.793491E-27 ba154
   56 155  1.726406E-27 ba155
   56 156  4.727244E-27 ba156
   56 157  1.505682E-27 ba157
   56 158  4.207723E-27 ba158
   56 159  1.296491E-29 ba159
   56 160  1.598752E-27 ba160
   56 161  1.914724E-31 ba161
   56 162  6.245354E-28 ba162
   56 163  2.628111E-32 ba163
   56 164  4.942444E-28 ba164
   56 165  4.589700E-33 ba165
   56 166  2.802063E-28 ba166
   56 167  8.741065E-34 ba167
   56 168  6.335522E-29 ba168
   57 122  4.462164E-28 la122
   57 123  3.679575E-28 la123
   57 124  1.931453E-28 la124
   57 125  3.444867E-28 la125
   57 126  2.765932E-28 la126
   57 127  5.392780E-28 la127
   57 128  2.773728E-28 la128
   57 129  4.703056E-28 la129
   57 130  2.221187E-28 la130
   57 131  5.577684E-28 la131
   57 132  3.614998E-28 la132
   57 133  6.947904E-28 la133
   57 134  6.075504E-28 la134
   57 135  1.376168E-27 la135
   57 136  1.245357E-27 la136
   57 137  3.365650E-27 la137
   57 138  3.687093E-27 la138
   57 139  3.520776E-26 la139
   57 140  1.093865E-26 la140
   57 141  1.361976E-26 la141
   57 142  9.446950E-27 la142
   57 143  8.817493E-25 la143
   57 144  8.875109E-25 la144
   57 145  8.665078E-25 la145
   57 146  3.619647E-25 la146
   57 147  2.487951E-25 la147
   57 148  6.604456E-26 la148
   57 149  2.606694E-26 la149
   57 150  1.127852E-26 la150
   57 151  2.324444E-26 la151
   57 152  3.039818E-26 la152
   57 153  2.358066E-26 la153
   57 154  4.463940E-27 la154
   57 155  5.411645E-27 la155
   57 156  5.726762E-27 la156
   57 157  2.377113E-27 la157
   57 158  3.798559E-27 la158
   57 159  3.437112E-27 la159
   57 160  5.077514E-29 la160
   57 161  1.428111E-27 la161
   57 162  8.561080E-31 la162
   57 163  1.308222E-27 la163
   57 164  2.993551E-31 la164
   57 165  1.019281E-27 la165
   57 166  3.542475E-32 la166
   57 167  6.888827E-28 la167
   57 168  2.307399E-32 la168
   57 169  2.841276E-28 la169
   57 170  1.111180E-32 la170
   57 171  1.601415E-29 la171
   57 172  4.525952E-34 la172
   58 122  1.220000E-28 ce122
   58 123  1.230000E-28 ce123
   58 124  1.240000E-28 ce124
   58 125  1.250000E-28 ce125
   58 126  7.473041E-28 ce126
   58 127  8.644773E-28 ce127
   58 128  1.309140E-27 ce128
   58 129  6.174270E-28 ce129
   58 130  1.441682E-27 ce130
   58 131  6.323418E-28 ce131
   58 132  1.386253E-27 ce132
   58 133  1.006462E-27 ce133
   58 134  2.350748E-27 ce134
   58 135  2.021997E-27 ce135
   58 136  7.878718E-27 ce136
   58 137  3.076707E-27 ce137
   58 138  1.579347E-26 ce138
   58 139  1.505179E-26 ce139
   58 140  1.083392E-25 ce140
   58 141  1.370376E-26 ce141
   58 142  1.260532E-26 ce142
   58 143  1.025724E-26 ce143
   58 144  1.617308E-25 ce144
   58 145  3.453540E-25 ce145
   58 146  1.179997E-24 ce146
   58 147  2.068958E-24 ce147
   58 148  3.526730E-24 ce148
   58 149  2.268414E-25 ce149
   58 150  9.437851E-26 ce150
   58 151  2.355605E-26 ce151
   58 152  5.172554E-26 ce152
   58 153  1.175084E-25 ce153
   58 154  3.209531E-26 ce154
   58 155  7.271194E-27 ce155
   58 156  1.699738E-26 ce156
   58 157  1.142224E-26 ce157
   58 158  1.492466E-26 ce158
   58 159  1.530019E-26 ce159
   58 160  6.428230E-27 ce160
   58 161  1.024857E-27 ce161
   58 162  5.976426E-27 ce162
   58 163  1.869751E-29 ce163
   58 164  4.187373E-27 ce164
   58 165  3.379055E-30 ce165
   58 166  2.154052E-27 ce166
   58 167  3.523422E-31 ce167
   58 168  1.101397E-27 ce168
   58 169  4.499886E-32 ce169
   58 170  6.578473E-28 ce170
   58 171  9.551961E-32 ce171
   58 172  3.750442E-28 ce172
   58 173  7.940326E-33 ce173
   58 174  1.878559E-28 ce174
   58 175  1.245068E-32 ce175
   59 126  1.260000E-28 pr126
   59 127  2.910835E-28 pr127
   59 128  1.280000E-28 pr128
   59 129  1.988575E-28 pr129
   59 130  3.768518E-28 pr130
   59 131  4.826394E-28 pr131
   59 132  2.939312E-28 pr132
   59 133  6.121311E-28 pr133
   59 134  2.888220E-28 pr134
   59 135  5.139199E-28 pr135
   59 136  4.144193E-28 pr136
   59 137  7.119084E-28 pr137
   59 138  5.239541E-28 pr138
   59 139  1.593807E-27 pr139
   59 140  2.082890E-27 pr140
   59 141  2.019162E-26 pr141
   59 142  7.062076E-27 pr142
   59 143  6.860565E-27 pr143
   59 144  4.366901E-27 pr144
   59 145  2.166264E-26 pr145
   59 146  1.501997E-26 pr146
   59 147  3.406709E-25 pr147
   59 148  7.083360E-25 pr148
   59 149  1.079954E-24 pr149
   59 150  2.571297E-25 pr150
   59 151  9.023628E-25 pr151
   59 152  2.202739E-25 pr152
   59 153  4.171418E-25 pr153
   59 154  7.317568E-26 pr154
   59 155  1.196212E-26 pr155
   59 156  7.495188E-27 pr156
   59 157  7.214265E-27 pr157
   59 158  1.135227E-26 pr158
   59 159  1.029847E-26 pr159
   59 160  5.587590E-27 pr160
   59 161  2.729426E-27 pr161
   59 162  4.028234E-27 pr162
   59 163  5.468333E-27 pr163
   59 164  9.446994E-29 pr164
   59 165  3.539201E-27 pr165
   59 166  2.088078E-29 pr166
   59 167  2.119852E-27 pr167
   59 168  1.759489E-30 pr168
   59 169  2.089758E-27 pr169
   59 170  3.777965E-31 pr170
   59 171  1.087071E-27 pr171
   59 172  2.044319E-31 pr172
   59 173  1.389027E-27 pr173
   59 174  4.791730E-32 pr174
   59 175  3.223559E-28 pr175
   59 176  4.753018E-32 pr176
   59 177  5.220732E-29 pr177
   59 178  2.802862E-34 pr178
   60 127  1.270001E-28 nd127
   60 128  1.280000E-28 nd128
   60 129  1.290000E-28 nd129
   60 130  6.625606E-28 nd130
   60 131  5.247159E-28 nd131
   60 132  8.546889E-28 nd132
   60 133  6.718383E-28 nd133
   60 134  1.286412E-27 nd134
   60 135  6.038390E-28 nd135
   60 136  1.581520E-27 nd136
   60 137  9.893722E-28 nd137
   60 138  2.253347E-27 nd138
   60 139  1.577677E-27 nd139
   60 140  8.902522E-27 nd140
   60 141  6.257763E-27 nd141
   60 142  8.076975E-26 nd142
   60 143  1.363000E-26 nd143
   60 144  2.847286E-26 nd144
   60 145  8.181933E-27 nd145
   60 146  1.971895E-26 nd146
   60 147  7.618958E-27 nd147
   60 148  4.138233E-26 nd148
   60 149  6.946976E-26 nd149
   60 150  6.014032E-25 nd150
   60 151  6.373214E-25 nd151
   60 152  2.084096E-24 nd152
   60 153  2.126645E-24 nd153
   60 154  1.563779E-24 nd154
   60 155  6.224308E-25 nd155
   60 156  4.524883E-25 nd156
   60 157  6.402013E-26 nd157
   60 158  5.835555E-33 nd158
   60 159  6.613243E-26 nd159
   60 160  2.976790E-26 nd160
   60 161  1.971865E-26 nd161
   60 162  3.009334E-26 nd162
   60 163  2.259165E-26 nd163
   60 164  1.530464E-26 nd164
   60 165  6.275966E-28 nd165
   60 166  7.157872E-27 nd166
   60 167  2.782819E-28 nd167
   60 168  5.969748E-27 nd168
   60 169  1.028934E-29 nd169
   60 170  4.040635E-27 nd170
   60 171  4.013410E-30 nd171
   60 172  3.818289E-27 nd172
   60 173  6.616337E-30 nd173
   60 174  1.485019E-27 nd174
   60 175  3.259379E-31 nd175
   60 176  5.083397E-28 nd176
   60 177  4.991718E-32 nd177
   60 178  1.652387E-28 nd178
   61 130  1.300000E-28 pm130
   61 131  1.310000E-28 pm131
   61 132  1.320000E-28 pm132
   61 133  3.969411E-28 pm133
   61 134  1.459478E-28 pm134
   61 135  3.144062E-28 pm135
   61 136  2.616829E-28 pm136
   61 137  3.509535E-28 pm137
   61 138  1.379998E-28 pm138
   61 139  4.098078E-28 pm139
   61 140  2.955731E-28 pm140
   61 141  6.851838E-28 pm141
   61 142  5.575480E-28 pm142
   61 143  3.668359E-27 pm143
   61 144  1.672043E-27 pm144
   61 145  2.840705E-27 pm145
   61 146  8.150310E-28 pm146
   61 147  1.763384E-27 pm147
   61 148  3.900930E-28 pm148
   61 149  1.104162E-27 pm149
   61 150  9.803928E-28 pm150
   61 151  1.066091E-26 pm151
   61 152  2.543693E-26 pm152
   61 153  5.487095E-25 pm153
   61 154  6.690901E-25 pm154
   61 155  1.369266E-24 pm155
   61 156  2.181126E-24 pm156
   61 157  1.013085E-24 pm157
   61 158  6.410735E-25 pm158
   61 159  8.106722E-26 pm159
   61 160  2.177805E-26 pm160
   61 161  1.160966E-26 pm161
   61 162  2.284874E-26 pm162
   61 163  2.388677E-26 pm163
   61 164  1.304084E-26 pm164
   61 165  8.160381E-27 pm165
   61 166  2.173946E-27 pm166
   61 167  7.631183E-27 pm167
   61 168  6.351620E-28 pm168
   61 169  9.784715E-27 pm169
   61 170  1.868081E-28 pm170
   61 171  8.907278E-27 pm171
   61 172  2.984847E-29 pm172
   61 173  2.621573E-27 pm173
   61 174  1.326828E-29 pm174
   61 175  1.366007E-27 pm175
   61 176  7.331851E-31 pm176
   61 177  6.808560E-28 pm177
   61 178  1.059663E-31 pm178
   61 179  3.717391E-28 pm179
   61 180  1.947424E-34 pm180
   61 181  4.315332E-28 pm181
   61 182  2.602080E-31 pm182
   61 183  2.400385E-28 pm183
   61 184  3.129705E-31 pm184
   61 185  1.707130E-28 pm185
   62 133  1.330000E-28 sm133
   62 134  1.340000E-28 sm134
   62 135  1.350000E-28 sm135
   62 136  7.265377E-28 sm136
   62 137  3.306850E-28 sm137
   62 138  7.221603E-28 sm138
   62 139  5.226654E-28 sm139
   62 140  1.729765E-27 sm140
   62 141  6.838305E-28 sm141
   62 142  2.346280E-27 sm142
   62 143  1.766609E-27 sm143
   62 144  2.438481E-26 sm144
   62 145  4.133184E-27 sm145
   62 146  1.270956E-26 sm146
   62 147  3.213736E-27 sm147
   62 148  8.410057E-27 sm148
   62 149  1.899265E-27 sm149
   62 150  5.112957E-27 sm150
   62 151  1.590046E-27 sm151
   62 152  5.638298E-27 sm152
   62 153  1.183057E-26 sm153
   62 154  3.615279E-26 sm154
   62 155  2.948714E-25 sm155
   62 156  8.207442E-25 sm156
   62 157  1.605458E-24 sm157
   62 158  5.336661E-24 sm158
   62 159  1.829972E-24 sm159
   62 160  1.091798E-24 sm160
   62 161  2.775942E-25 sm161
   62 162  9.353256E-25 sm162
   62 163  5.901724E-25 sm163
   62 164  1.829923E-25 sm164
   62 165  4.578058E-26 sm165
   62 166  3.144051E-26 sm166
   62 167  9.941519E-27 sm167
   62 168  1.496142E-26 sm168
   62 169  1.298099E-26 sm169
   62 170  1.943673E-26 sm170
   62 171  2.231083E-27 sm171
   62 172  9.786388E-27 sm172
   62 173  2.623861E-28 sm173
   62 174  6.021251E-27 sm174
   62 175  1.438762E-28 sm175
   62 176  4.329575E-27 sm176
   62 177  1.482958E-29 sm177
   62 178  2.109589E-27 sm178
   62 179  9.997179E-31 sm179
   62 180  1.249235E-27 sm180
   62 181  2.589927E-33 sm181
   62 182  9.476274E-28 sm182
   62 183  7.584427E-31 sm183
   62 184  4.655502E-28 sm184
   62 185  5.718516E-30 sm185
   62 186  3.759498E-28 sm186
   62 187  3.258466E-30 sm187
   62 188  1.515857E-28 sm188
   63 136  1.360000E-28 eu136
   63 137  1.370000E-28 eu137
   63 138  1.380000E-28 eu138
   63 139  1.390000E-28 eu139
   63 140  1.400000E-28 eu140
   63 141  1.955945E-28 eu141
   63 142  3.242840E-28 eu142
   63 143  3.876716E-28 eu143
   63 144  1.439482E-28 eu144
   63 145  1.042945E-27 eu145
   63 146  4.869509E-28 eu146
   63 147  7.955616E-28 eu147
   63 148  3.164238E-28 eu148
   63 149  8.929658E-28 eu149
   63 150  6.359446E-28 eu150
   63 151  4.029804E-28 eu151
   63 152  2.691162E-28 eu152
   63 153  7.896662E-28 eu153
   63 154  4.140815E-28 eu154
   63 155  2.581359E-27 eu155
   63 156  2.024673E-27 eu156
   63 157  2.652627E-26 eu157
   63 158  1.542039E-25 eu158
   63 159  2.533563E-24 eu159
   63 160  1.987195E-24 eu160
   63 161  1.687544E-24 eu161
   63 162  1.984767E-24 eu162
   63 163  3.971324E-24 eu163
   63 164  2.395346E-24 eu164
   63 165  8.134099E-25 eu165
   63 166  7.168956E-26 eu166
   63 167  1.245242E-25 eu167
   63 168  1.208642E-26 eu168
   63 169  3.190752E-26 eu169
   63 170  1.698813E-26 eu170
   63 171  5.781112E-27 eu171
   63 172  5.648455E-27 eu172
   63 173  5.143326E-27 eu173
   63 174  8.377971E-28 eu174
   63 175  6.437659E-27 eu175
   63 176  4.354976E-28 eu176
   63 177  4.254244E-27 eu177
   63 178  8.010135E-29 eu178
   63 179  3.153193E-27 eu179
   63 180  4.953259E-30 eu180
   63 181  1.697391E-27 eu181
   63 182  4.987905E-32 eu182
   63 183  1.623422E-27 eu183
   63 184  4.289330E-30 eu184
   63 185  1.113331E-27 eu185
   63 186  2.718906E-29 eu186
   63 187  6.662532E-28 eu187
   63 188  3.168835E-29 eu188
   63 189  3.823725E-28 eu189
   63 190  8.772516E-36 eu190
   64 139  1.391360E-28 gd139
   64 140  1.400000E-28 gd140
   64 141  1.410000E-28 gd141
   64 142  3.394543E-27 gd142
   64 143  5.783651E-28 gd143
   64 144  2.748838E-27 gd144
   64 145  1.122915E-27 gd145
   64 146  7.317176E-27 gd146
   64 147  1.958532E-27 gd147
   64 148  5.830509E-27 gd148
   64 149  1.620533E-27 gd149
   64 150  5.216865E-27 gd150
   64 151  1.916444E-27 gd151
   64 152  1.949503E-27 gd152
   64 153  8.105962E-28 gd153
   64 154  2.123211E-27 gd154
   64 155  1.345760E-27 gd155
   64 156  3.683639E-27 gd156
   64 157  2.716591E-27 gd157
   64 158  7.893453E-27 gd158
   64 159  2.634679E-26 gd159
   64 160  4.248396E-25 gd160
   64 161  6.448843E-25 gd161
   64 162  2.045892E-24 gd162
   64 163  1.410962E-24 gd163
   64 164  2.059224E-24 gd164
   64 165  1.343840E-24 gd165
   64 166  2.095945E-24 gd166
   64 167  4.733342E-25 gd167
   64 168  3.318972E-25 gd168
   64 169  1.984911E-26 gd169
   64 170  1.034910E-25 gd170
   64 171  3.593544E-26 gd171
   64 172  3.035984E-26 gd172
   64 173  2.124000E-26 gd173
   64 174  1.436509E-26 gd174
   64 175  4.759466E-27 gd175
   64 176  1.084931E-26 gd176
   64 177  8.567007E-27 gd177
   64 178  1.365280E-26 gd178
   64 179  8.147221E-28 gd179
   64 180  9.239060E-27 gd180
   64 181  1.129211E-28 gd181
   64 182  3.930461E-27 gd182
   64 183  7.575780E-31 gd183
   64 184  2.844857E-27 gd184
   64 185  3.207099E-29 gd185
   64 186  1.408018E-27 gd186
   64 187  1.639658E-28 gd187
   64 188  6.764125E-28 gd188
   64 189  2.671258E-28 gd189
   64 190  4.333095E-28 gd190
   64 191  8.178469E-36 gd191
   65 142  1.420041E-28 tb142
   65 143  4.583987E-28 tb143
   65 144  1.440010E-28 tb144
   65 145  2.717151E-28 tb145
   65 146  2.859835E-28 tb146
   65 147  9.163450E-28 tb147
   65 148  5.819464E-28 tb148
   65 149  5.708853E-28 tb149
   65 150  3.439486E-28 tb150
   65 151  5.513828E-28 tb151
   65 152  3.036089E-28 tb152
   65 153  6.076229E-28 tb153
   65 154  2.689188E-28 tb154
   65 155  9.755085E-28 tb155
   65 156  5.542666E-28 tb156
   65 157  1.479111E-27 tb157
   65 158  8.672233E-28 tb158
   65 159  1.351202E-27 tb159
   65 160  7.783342E-28 tb160
   65 161  2.037927E-26 tb161
   65 162  2.567233E-26 tb162
   65 163  1.246178E-25 tb163
   65 164  2.960909E-25 tb164
   65 165  1.276195E-24 tb165
   65 166  5.251802E-25 tb166
   65 167  2.555340E-24 tb167
   65 168  9.782356E-25 tb168
   65 169  1.427594E-24 tb169
   65 170  4.716468E-26 tb170
   65 171  9.717089E-26 tb171
   65 172  7.664007E-26 tb172
   65 173  3.955492E-26 tb173
   65 174  2.513399E-26 tb174
   65 175  1.384902E-26 tb175
   65 176  1.160807E-26 tb176
   65 177  6.063194E-27 tb177
   65 178  1.018618E-26 tb178
   65 179  8.297377E-27 tb179
   65 180  3.241489E-27 tb180
   65 181  7.486394E-27 tb181
   65 182  2.447364E-28 tb182
   65 183  4.009542E-27 tb183
   65 184  8.981011E-30 tb184
   65 185  3.415066E-27 tb185
   65 186  1.862506E-28 tb186
   65 187  1.382078E-27 tb187
   65 188  1.290098E-28 tb188
   65 189  1.584883E-27 tb189
   65 190  2.290855E-28 tb190
   65 191  5.124769E-28 tb191
   65 192  9.588360E-36 tb192
   66 143  1.430000E-28 dy143
   66 144  1.440000E-28 dy144
   66 145  1.450000E-28 dy145
   66 146  7.254398E-28 dy146
   66 147  6.588930E-28 dy147
   66 148  3.914161E-27 dy148
   66 149  1.255340E-27 dy149
   66 150  2.525578E-27 dy150
   66 151  1.134511E-27 dy151
   66 152  2.555908E-27 dy152
   66 153  9.025641E-28 dy153
   66 154  2.441241E-27 dy154
   66 155  1.070571E-27 dy155
   66 156  1.297476E-27 dy156
   66 157  1.478892E-27 dy157
   66 158  2.398319E-27 dy158
   66 159  2.379387E-27 dy159
   66 160  2.484699E-27 dy160
   66 161  1.905095E-27 dy161
   66 162  5.016876E-27 dy162
   66 163  3.459049E-27 dy163
   66 164  1.881806E-26 dy164
   66 165  7.058888E-26 dy165
   66 166  1.953143E-25 dy166
   66 167  1.203999E-24 dy167
   66 168  1.575204E-24 dy168
   66 169  1.469141E-24 dy169
   66 170  4.945086E-24 dy170
   66 171  6.036806E-26 dy171
   66 172  7.808984E-25 dy172
   66 173  2.986159E-25 dy173
   66 174  6.858663E-26 dy174
   66 175  3.223686E-26 dy175
   66 176  3.098191E-26 dy176
   66 177  2.878877E-26 dy177
   66 178  4.768169E-26 dy178
   66 179  4.287828E-26 dy179
   66 180  3.660648E-26 dy180
   66 181  2.351602E-26 dy181
   66 182  2.070957E-26 dy182
   66 183  2.920688E-27 dy183
   66 184  7.336981E-27 dy184
   66 185  1.268442E-28 dy185
   66 186  3.342488E-27 dy186
   66 187  6.502353E-28 dy187
   66 188  1.346383E-27 dy188
   66 189  9.889753E-28 dy189
   66 190  7.813121E-28 dy190
   66 191  9.491730E-28 dy191
   66 192  1.273223E-27 dy192
   66 193  1.668423E-35 dy193
   67 146  1.460000E-28 ho146
   67 147  1.470000E-28 ho147
   67 148  1.864854E-28 ho148
   67 149  8.501063E-28 ho149
   67 150  1.201533E-27 ho150
   67 151  3.648470E-27 ho151
   67 152  5.405129E-28 ho152
   67 153  2.382752E-28 ho153
   67 154  2.297511E-28 ho154
   67 155  2.854098E-28 ho155
   67 156  2.525772E-28 ho156
   67 157  2.977867E-28 ho157
   67 158  2.157401E-28 ho158
   67 159  3.610208E-28 ho159
   67 160  2.366062E-28 ho160
   67 161  5.130368E-28 ho161
   67 162  3.304324E-28 ho162
   67 163  4.480705E-28 ho163
   67 164  5.833169E-28 ho164
   67 165  9.102595E-28 ho165
   67 166  6.295926E-28 ho166
   67 167  1.905389E-26 ho167
   67 168  1.929124E-26 ho168
   67 169  2.806992E-25 ho169
   67 170  6.938342E-25 ho170
   67 171  1.771799E-24 ho171
   67 172  1.471030E-24 ho172
   67 173  1.953423E-25 ho173
   67 174  5.329152E-26 ho174
   67 175  1.760135E-26 ho175
   67 176  1.502195E-26 ho176
   67 177  1.611626E-26 ho177
   67 178  2.208539E-26 ho178
   67 179  1.811017E-26 ho179
   67 180  1.840624E-26 ho180
   67 181  1.810768E-26 ho181
   67 182  1.314237E-26 ho182
   67 183  1.085674E-26 ho183
   67 184  3.639656E-27 ho184
   67 185  2.746608E-27 ho185
   67 186  4.664977E-28 ho186
   67 187  3.184876E-27 ho187
   67 188  5.802057E-28 ho188
   67 189  2.444724E-27 ho189
   67 190  9.323364E-28 ho190
   67 191  1.440230E-27 ho191
   67 192  1.144166E-27 ho192
   67 193  3.164784E-27 ho193
   67 194  1.122255E-34 ho194
   67 195  6.667682E-30 ho195
   67 196  4.128124E-36 ho196
   68 148  1.480000E-28 er148
   68 149  1.490000E-28 er149
   68 150  1.637155E-27 er150
   68 151  1.196579E-26 er151
   68 152  6.295865E-27 er152
   68 153  3.833114E-28 er153
   68 154  1.224566E-27 er154
   68 155  5.853441E-28 er155
   68 156  1.945684E-27 er156
   68 157  4.009897E-28 er157
   68 158  8.487880E-28 er158
   68 159  7.042157E-28 er159
   68 160  1.666620E-27 er160
   68 161  1.051205E-27 er161
   68 162  1.056633E-27 er162
   68 163  1.575385E-27 er163
   68 164  1.987949E-27 er164
   68 165  2.279289E-27 er165
   68 166  3.091090E-27 er166
   68 167  1.853700E-27 er167
   68 168  5.768758E-27 er168
   68 169  8.838281E-27 er169
   68 170  3.691567E-26 er170
   68 171  3.151597E-25 er171
   68 172  4.830662E-25 er172
   68 173  2.331822E-24 er173
   68 174  2.075194E-24 er174
   68 175  1.319738E-24 er175
   68 176  1.150853E-24 er176
   68 177  8.747285E-25 er177
   68 178  1.110781E-24 er178
   68 179  3.650647E-25 er179
   68 180  2.727345E-25 er180
   68 181  2.387568E-25 er181
   68 182  1.448025E-25 er182
   68 183  6.749687E-26 er183
   68 184  4.778312E-26 er184
   68 185  6.613451E-27 er185
   68 186  3.276506E-27 er186
   68 187  3.058574E-27 er187
   68 188  2.413537E-27 er188
   68 189  2.913534E-27 er189
   68 190  1.670560E-27 er190
   68 191  3.620441E-27 er191
   68 192  3.895438E-27 er192
   68 193  1.272401E-26 er193
   68 194  6.779008E-27 er194
   68 195  6.785425E-34 er195
   68 196  2.202921E-27 er196
   68 197  1.348534E-35 er197
   68 198  3.598750E-29 er198
   69 150  1.500000E-28 tm150
   69 151  1.510000E-28 tm151
   69 152  3.543213E-27 tm152
   69 153  1.530000E-28 tm153
   69 154  1.927904E-28 tm154
   69 155  2.314880E-28 tm155
   69 156  2.676185E-28 tm156
   69 157  3.801503E-28 tm157
   69 158  4.067169E-28 tm158
   69 159  2.891103E-28 tm159
   69 160  3.502565E-28 tm160
   69 161  4.850261E-28 tm161
   69 162  4.123158E-28 tm162
   69 163  5.677521E-28 tm163
   69 164  2.531674E-28 tm164
   69 165  8.021609E-28 tm165
   69 166  5.288072E-28 tm166
   69 167  1.315854E-27 tm167
   69 168  8.154320E-28 tm168
   69 169  1.195162E-27 tm169
   69 170  7.796009E-28 tm170
   69 171  2.884242E-27 tm171
   69 172  1.991298E-27 tm172
   69 173  2.084945E-25 tm173
   69 174  9.853196E-26 tm174
   69 175  2.069545E-25 tm175
   69 176  7.139257E-25 tm176
   69 177  1.357933E-24 tm177
   69 178  3.376091E-24 tm178
   69 179  2.936694E-24 tm179
   69 180  1.678497E-24 tm180
   69 181  1.199479E-24 tm181
   69 182  6.227273E-25 tm182
   69 183  4.411596E-25 tm183
   69 184  9.211080E-26 tm184
   69 185  6.276016E-26 tm185
   69 186  3.447406E-27 tm186
   69 187  5.910057E-27 tm187
   69 188  1.333975E-27 tm188
   69 189  2.969310E-27 tm189
   69 190  1.351242E-27 tm190
   69 191  3.279895E-27 tm191
   69 192  3.176685E-27 tm192
   69 193  1.010765E-26 tm193
   69 194  6.545013E-27 tm194
   69 195  7.547360E-27 tm195
   69 196  1.445485E-33 tm196
   69 197  3.606511E-28 tm197
   69 198  1.390697E-35 tm198
   70 152  1.520000E-28 yb152
   70 153  1.530000E-28 yb153
   70 154  1.540000E-28 yb154
   70 155  1.539552E-28 yb155
   70 156  3.207556E-28 yb156
   70 157  7.939047E-28 yb157
   70 158  5.634602E-28 yb158
   70 159  3.749417E-28 yb159
   70 160  4.816721E-28 yb160
   70 161  3.385164E-28 yb161
   70 162  4.929840E-28 yb162
   70 163  3.447791E-28 yb163
   70 164  5.865106E-28 yb164
   70 165  4.037995E-28 yb165
   70 166  9.229415E-28 yb166
   70 167  6.117112E-28 yb167
   70 168  7.066605E-28 yb168
   70 169  9.367815E-28 yb169
   70 170  1.274078E-27 yb170
   70 171  9.417980E-28 yb171
   70 172  2.580997E-27 yb172
   70 173  1.668517E-27 yb173
   70 174  7.850565E-27 yb174
   70 175  3.811821E-27 yb175
   70 176  4.834867E-26 yb176
   70 177  1.177405E-25 yb177
   70 178  4.599122E-25 yb178
   70 179  6.550100E-25 yb179
   70 180  1.257431E-24 yb180
   70 181  1.061274E-24 yb181
   70 182  7.639706E-25 yb182
   70 183  6.779941E-25 yb183
   70 184  6.267262E-25 yb184
   70 185  3.754027E-25 yb185
   70 186  1.636298E-25 yb186
   70 187  6.962615E-27 yb187
   70 188  6.529625E-27 yb188
   70 189  8.789382E-27 yb189
   70 190  7.309936E-27 yb190
   70 191  1.225198E-26 yb191
   70 192  1.219260E-26 yb192
   70 193  4.202872E-26 yb193
   70 194  3.052012E-26 yb194
   70 195  5.061158E-26 yb195
   70 196  2.066585E-26 yb196
   70 197  4.133791E-32 yb197
   70 198  9.533996E-27 yb198
   70 199  4.367078E-35 yb199
   70 200  1.901618E-28 yb200
   71 156  1.558917E-28 lu156
   71 157  1.570000E-28 lu157
   71 158  1.580000E-28 lu158
   71 159  2.117388E-28 lu159
   71 160  2.732595E-28 lu160
   71 161  5.202162E-28 lu161
   71 162  3.642027E-28 lu162
   71 163  4.178701E-28 lu163
   71 164  2.545475E-28 lu164
   71 165  3.867250E-28 lu165
   71 166  2.806234E-28 lu166
   71 167  3.179867E-28 lu167
   71 168  3.164063E-28 lu168
   71 169  5.629300E-28 lu169
   71 170  4.601138E-28 lu170
   71 171  7.666896E-28 lu171
   71 172  6.330098E-28 lu172
   71 173  1.071502E-27 lu173
   71 174  9.004942E-28 lu174
   71 175  5.129086E-28 lu175
   71 176  6.968827E-28 lu176
   71 177  2.969940E-27 lu177
   71 178  2.340025E-27 lu178
   71 179  1.116809E-26 lu179
   71 180  5.045141E-26 lu180
   71 181  5.215964E-26 lu181
   71 182  2.709746E-26 lu182
   71 183  5.607873E-26 lu183
   71 184  9.537671E-26 lu184
   71 185  4.174349E-25 lu185
   71 186  8.065361E-26 lu186
   71 187  2.169029E-26 lu187
   71 188  4.095671E-27 lu188
   71 189  2.197151E-26 lu189
   71 190  2.257646E-27 lu190
   71 191  8.397704E-27 lu191
   71 192  6.590966E-27 lu192
   71 193  2.292271E-26 lu193
   71 194  1.332058E-26 lu194
   71 195  1.999073E-26 lu195
   71 196  9.878774E-27 lu196
   71 197  2.182731E-26 lu197
   71 198  5.998957E-31 lu198
   71 199  1.453904E-26 lu199
   71 200  8.310616E-34 lu200
   71 201  1.691034E-28 lu201
   71 202  3.658394E-32 lu202
   71 203  6.609466E-28 lu203
   71 204  2.910504E-32 lu204
   71 205  2.043287E-28 lu205
   71 206  3.141133E-32 lu206
   71 207  3.336367E-28 lu207
   71 208  1.264791E-32 lu208
   71 209  8.624518E-29 lu209
   72 159  1.590000E-28 hf159
   72 160  1.599997E-28 hf160
   72 161  5.889200E-28 hf161
   72 162  8.034137E-28 hf162
   72 163  5.358623E-28 hf163
   72 164  6.204555E-28 hf164
   72 165  4.227283E-28 hf165
   72 166  5.957188E-28 hf166
   72 167  3.882145E-28 hf167
   72 168  6.658583E-28 hf168
   72 169  4.867825E-28 hf169
   72 170  8.952723E-28 hf170
   72 171  6.693476E-28 hf171
   72 172  1.277556E-27 hf172
   72 173  1.033900E-27 hf173
   72 174  1.037246E-27 hf174
   72 175  1.477729E-27 hf175
   72 176  2.582941E-27 hf176
   72 177  9.184322E-28 hf177
   72 178  3.456645E-27 hf178
   72 179  1.577240E-27 hf179
   72 180  7.220697E-27 hf180
   72 181  8.544286E-27 hf181
   72 182  1.203515E-26 hf182
   72 183  2.421432E-26 hf183
   72 184  4.142076E-26 hf184
   72 185  7.708908E-25 hf185
   72 186  6.899965E-25 hf186
   72 187  1.061558E-24 hf187
   72 188  9.386161E-25 hf188
   72 189  1.885914E-26 hf189
   72 190  9.911825E-26 hf190
   72 191  3.563088E-26 hf191
   72 192  2.860589E-25 hf192
   72 193  1.655107E-25 hf193
   72 194  3.667366E-25 hf194
   72 195  1.806693E-25 hf195
   72 196  1.577050E-25 hf196
   72 197  8.325777E-25 hf197
   72 198  4.480626E-25 hf198
   72 199  1.749519E-29 hf199
   72 200  8.433046E-26 hf200
   72 201  9.023660E-33 hf201
   72 202  8.144790E-27 hf202
   72 203  7.648139E-33 hf203
   72 204  3.934658E-27 hf204
   72 205  3.434786E-32 hf205
   72 206  2.831087E-27 hf206
   72 207  1.484639E-32 hf207
   72 208  1.452394E-27 hf208
   72 209  8.049482E-32 hf209
   72 210  7.107786E-28 hf210
   72 211  3.969974E-32 hf211
   72 212  2.146490E-28 hf212
   73 161  1.610000E-28 ta161
   73 162  1.620000E-28 ta162
   73 163  4.424965E-28 ta163
   73 164  2.876916E-28 ta164
   73 165  4.932800E-28 ta165
   73 166  2.837180E-28 ta166
   73 167  3.766083E-28 ta167
   73 168  3.892915E-28 ta168
   73 169  3.509802E-28 ta169
   73 170  3.455972E-28 ta170
   73 171  4.258864E-28 ta171
   73 172  2.897766E-28 ta172
   73 173  2.934091E-28 ta173
   73 174  3.362395E-28 ta174
   73 175  5.862625E-28 ta175
   73 176  2.748437E-28 ta176
   73 177  2.255512E-27 ta177
   73 178  5.379728E-28 ta178
   73 179  7.104571E-28 ta179
   73 180  4.758770E-28 ta180
   73 181  1.416052E-27 ta181
   73 182  1.102282E-27 ta182
   73 183  3.207614E-27 ta183
   73 184  1.297024E-27 ta184
   73 185  2.306675E-26 ta185
   73 186  3.229172E-26 ta186
   73 187  1.805235E-25 ta187
   73 188  1.122540E-25 ta188
   73 189  1.656042E-24 ta189
   73 190  4.525392E-26 ta190
   73 191  4.554227E-26 ta191
   73 192  3.573010E-26 ta192
   73 193  1.271292E-25 ta193
   73 194  1.125626E-25 ta194
   73 195  8.596459E-26 ta195
   73 196  3.344643E-26 ta196
   73 197  1.276370E-25 ta197
   73 198  7.484767E-26 ta198
   73 199  5.919620E-26 ta199
   73 200  2.068793E-29 ta200
   73 201  3.884211E-26 ta201
   73 202  3.069009E-32 ta202
   73 203  6.742357E-27 ta203
   73 204  1.157049E-31 ta204
   73 205  5.976780E-27 ta205
   73 206  3.510931E-31 ta206
   73 207  6.554152E-27 ta207
   73 208  6.594067E-32 ta208
   73 209  3.678872E-27 ta209
   73 210  3.957031E-31 ta210
   73 211  1.297437E-27 ta211
   73 212  3.332388E-31 ta212
   73 213  1.019631E-27 ta213
   73 214  4.674027E-32 ta214
   73 215  2.442505E-28 ta215
   73 216  9.113045E-33 ta216
   73 217  1.941906E-28 ta217
   74 163  1.630000E-28 w163 
   74 164  1.640000E-28 w164 
   74 165  1.650000E-28 w165 
   74 166  1.660000E-28 w166 
   74 167  3.943776E-28 w167 
   74 168  7.102616E-28 w168 
   74 169  6.491052E-28 w169 
   74 170  8.452901E-28 w170 
   74 171  6.123140E-27 w171 
   74 172  6.862834E-28 w172 
   74 173  2.904152E-28 w173 
   74 174  5.618199E-28 w174 
   74 175  4.325071E-28 w175 
   74 176  7.048620E-28 w176 
   74 177  3.225025E-28 w177 
   74 178  1.105517E-27 w178 
   74 179  6.690803E-28 w179 
   74 180  1.348384E-27 w180 
   74 181  9.220259E-28 w181 
   74 182  2.898838E-27 w182 
   74 183  1.969850E-27 w183 
   74 184  3.580405E-27 w184 
   74 185  1.720640E-27 w185 
   74 186  5.260694E-27 w186 
   74 187  1.592136E-26 w187 
   74 188  2.179676E-26 w188 
   74 189  4.270934E-26 w189 
   74 190  1.025047E-24 w190 
   74 191  1.333193E-24 w191 
   74 192  2.054572E-24 w192 
   74 193  4.234749E-24 w193 
   74 194  3.438186E-24 w194 
   74 195  4.257035E-24 w195 
   74 196  3.502905E-24 w196 
   74 197  6.944040E-24 w197 
   74 198  7.115392E-24 w198 
   74 199  6.936384E-24 w199 
   74 200  9.972269E-24 w200 
   74 201  7.885395E-28 w201 
   74 202  4.582528E-24 w202 
   74 203  6.754991E-31 w203 
   74 204  6.344338E-25 w204 
   74 205  6.507989E-32 w205 
   74 206  3.509326E-26 w206 
   74 207  4.829691E-31 w207 
   74 208  1.640156E-26 w208 
   74 209  1.680606E-30 w209 
   74 210  4.246436E-27 w210 
   74 211  1.231538E-30 w211 
   74 212  3.702804E-27 w212 
   74 213  1.141812E-30 w213 
   74 214  1.925373E-27 w214 
   74 215  2.564605E-31 w215 
   74 216  1.192646E-27 w216 
   74 217  5.089399E-32 w217 
   74 218  6.457493E-28 w218 
   74 219  2.427149E-32 w219 
   74 220  1.375412E-28 w220 
   75 167  1.670000E-28 re167
   75 168  1.680000E-28 re168
   75 169  3.706567E-28 re169
   75 170  4.951377E-28 re170
   75 171  1.887531E-26 re171
   75 172  7.278848E-28 re172
   75 173  4.986920E-28 re173
   75 174  1.408969E-27 re174
   75 175  1.452448E-27 re175
   75 176  2.643711E-28 re176
   75 177  2.889621E-28 re177
   75 178  2.499814E-28 re178
   75 179  3.274547E-28 re179
   75 180  2.299379E-28 re180
   75 181  6.139052E-28 re181
   75 182  3.469900E-28 re182
   75 183  9.403437E-28 re183
   75 184  7.525839E-28 re184
   75 185  5.041307E-28 re185
   75 186  4.790886E-28 re186
   75 187  7.804990E-28 re187
   75 188  6.661409E-28 re188
   75 189  3.584310E-27 re189
   75 190  5.510434E-27 re190
   75 191  1.724978E-24 re191
   75 192  3.160014E-25 re192
   75 193  2.430076E-24 re193
   75 194  1.316074E-24 re194
   75 195  9.356488E-25 re195
   75 196  1.406211E-25 re196
   75 197  1.157787E-24 re197
   75 198  2.402585E-25 re198
   75 199  6.635325E-26 re199
   75 200  1.019224E-25 re200
   75 201  1.487463E-25 re201
   75 202  2.244041E-27 re202
   75 203  9.925447E-26 re203
   75 204  2.014214E-30 re204
   75 205  5.031409E-26 re205
   75 206  2.156131E-30 re206
   75 207  3.190777E-26 re207
   75 208  2.034385E-30 re208
   75 209  1.850842E-26 re209
   75 210  3.151827E-30 re210
   75 211  5.933282E-27 re211
   75 212  3.638821E-30 re212
   75 213  4.330965E-27 re213
   75 214  2.305234E-30 re214
   75 215  4.213519E-27 re215
   75 216  1.548359E-30 re216
   75 217  2.315800E-27 re217
   75 218  3.697433E-31 re218
   75 219  1.486773E-27 re219
   75 220  1.349828E-31 re220
   75 221  1.008016E-27 re221
   75 222  2.334400E-32 re222
   75 223  2.507844E-28 re223
   75 224  3.305537E-33 re224
   75 225  3.355715E-29 re225
   76 169  1.690000E-28 os169
   76 170  1.700000E-28 os170
   76 171  2.746998E-26 os171
   76 172  2.086121E-27 os172
   76 173  6.856611E-28 os173
   76 174  9.711888E-27 os174
   76 175  2.057698E-26 os175
   76 176  2.817404E-27 os176
   76 177  6.595905E-28 os177
   76 178  7.183544E-28 os178
   76 179  4.727881E-28 os179
   76 180  7.657841E-28 os180
   76 181  5.092822E-28 os181
   76 182  1.061977E-27 os182
   76 183  6.074911E-28 os183
   76 184  1.111289E-27 os184
   76 185  1.085079E-27 os185
   76 186  1.856151E-27 os186
   76 187  9.870440E-28 os187
   76 188  2.024264E-27 os188
   76 189  1.030103E-27 os189
   76 190  3.182565E-27 os190
   76 191  1.743979E-26 os191
   76 192  1.078428E-25 os192
   76 193  1.637612E-26 os193
   76 194  3.018441E-26 os194
   76 195  2.339206E-24 os195
   76 196  2.568969E-25 os196
   76 197  1.636144E-24 os197
   76 198  8.705143E-25 os198
   76 199  2.586754E-25 os199
   76 200  6.577209E-25 os200
   76 201  1.617031E-24 os201
   76 202  8.194281E-24 os202
   76 203  2.197807E-25 os203
   76 204  8.337977E-24 os204
   76 205  3.640226E-29 os205
   76 206  5.118932E-24 os206
   76 207  1.131726E-29 os207
   76 208  2.086381E-25 os208
   76 209  6.045818E-30 os209
   76 210  4.194625E-26 os210
   76 211  3.827683E-29 os211
   76 212  2.127189E-26 os212
   76 213  7.798637E-30 os213
   76 214  1.252098E-26 os214
   76 215  3.603990E-29 os215
   76 216  8.232040E-27 os216
   76 217  6.824144E-30 os217
   76 218  4.572228E-27 os218
   76 219  1.438243E-30 os219
   76 220  3.219970E-27 os220
   76 221  3.220020E-31 os221
   76 222  1.532765E-27 os222
   76 223  2.875753E-31 os223
   76 224  7.671855E-28 os224
   76 225  4.258707E-32 os225
   76 226  1.666827E-28 os226
   77 172  1.720000E-28 ir172
   77 173  1.730000E-28 ir173
   77 174  8.305365E-27 ir174
   77 175  2.593244E-26 ir175
   77 176  2.591890E-27 ir176
   77 177  1.428329E-27 ir177
   77 178  2.947909E-28 ir178
   77 179  5.765894E-28 ir179
   77 180  4.402761E-28 ir180
   77 181  4.567524E-28 ir181
   77 182  2.951541E-28 ir182
   77 183  5.161737E-28 ir183
   77 184  3.203753E-28 ir184
   77 185  6.142829E-28 ir185
   77 186  3.349212E-28 ir186
   77 187  7.350784E-28 ir187
   77 188  5.042627E-28 ir188
   77 189  9.739989E-28 ir189
   77 190  5.156956E-28 ir190
   77 191  5.935216E-28 ir191
   77 192  3.475340E-28 ir192
   77 193  9.528606E-28 ir193
   77 194  2.725163E-27 ir194
   77 195  2.334090E-26 ir195
   77 196  1.357445E-27 ir196
   77 197  4.675977E-26 ir197
   77 198  1.967815E-27 ir198
   77 199  1.510358E-26 ir199
   77 200  6.109345E-27 ir200
   77 201  1.627994E-26 ir201
   77 202  8.231303E-27 ir202
   77 203  8.431865E-26 ir203
   77 204  1.057878E-26 ir204
   77 205  2.435226E-24 ir205
   77 206  2.081517E-28 ir206
   77 207  3.988185E-24 ir207
   77 208  1.601687E-29 ir208
   77 209  2.354844E-25 ir209
   77 210  1.362832E-29 ir210
   77 211  3.829388E-26 ir211
   77 212  7.599756E-29 ir212
   77 213  2.601446E-26 ir213
   77 214  9.784834E-30 ir214
   77 215  1.212850E-26 ir215
   77 216  2.487129E-29 ir216
   77 217  9.043814E-27 ir217
   77 218  2.343446E-29 ir218
   77 219  8.924700E-27 ir219
   77 220  7.157885E-30 ir220
   77 221  5.071681E-27 ir221
   77 222  2.222002E-30 ir222
   77 223  2.308149E-27 ir223
   77 224  1.182616E-30 ir224
   77 225  3.103691E-27 ir225
   77 226  8.324048E-31 ir226
   77 227  4.521020E-28 ir227
   77 228  9.753054E-32 ir228
   77 229  3.333613E-29 ir229
   77 230  7.977345E-34 ir230
   78 175  2.558408E-26 pt175
   78 176  1.850701E-27 pt176
   78 177  1.456975E-27 pt177
   78 178  8.456271E-28 pt178
   78 179  5.970708E-28 pt179
   78 180  5.003844E-28 pt180
   78 181  3.911833E-28 pt181
   78 182  5.587436E-28 pt182
   78 183  2.984052E-28 pt183
   78 184  4.206671E-28 pt184
   78 185  3.052680E-28 pt185
   78 186  6.491912E-28 pt186
   78 187  4.743508E-28 pt187
   78 188  6.530250E-28 pt188
   78 189  4.516248E-28 pt189
   78 190  8.433088E-28 pt190
   78 191  5.851354E-28 pt191
   78 192  1.073840E-27 pt192
   78 193  6.401709E-28 pt193
   78 194  1.751763E-27 pt194
   78 195  1.053926E-27 pt195
   78 196  3.853768E-27 pt196
   78 197  7.520820E-27 pt197
   78 198  1.169364E-26 pt198
   78 199  1.197051E-26 pt199
   78 200  1.041144E-26 pt200
   78 201  1.269669E-27 pt201
   78 202  8.488175E-28 pt202
   78 203  3.147724E-28 pt203
   78 204  1.335671E-27 pt204
   78 205  1.728116E-26 pt205
   78 206  1.106142E-24 pt206
   78 207  7.734310E-28 pt207
   78 208  4.307036E-24 pt208
   78 209  6.934965E-28 pt209
   78 210  1.800104E-24 pt210
   78 211  1.062887E-28 pt211
   78 212  1.022696E-25 pt212
   78 213  4.975059E-28 pt213
   78 214  4.917466E-26 pt214
   78 215  2.489107E-28 pt215
   78 216  3.266207E-26 pt216
   78 217  1.661131E-28 pt217
   78 218  2.094121E-26 pt218
   78 219  1.989797E-28 pt219
   78 220  1.206185E-26 pt220
   78 221  7.388098E-29 pt221
   78 222  7.737144E-27 pt222
   78 223  7.402125E-30 pt223
   78 224  8.239089E-27 pt224
   78 225  1.088729E-29 pt225
   78 226  2.281604E-27 pt226
   78 227  7.935577E-31 pt227
   78 228  1.572082E-27 pt228
   78 229  2.060176E-31 pt229
   78 230  6.010308E-28 pt230
   78 231  5.542806E-33 pt231
   78 232  6.716501E-29 pt232
   79 178  1.765993E-28 au178
   79 179  1.784497E-28 au179
   79 180  1.800033E-28 au180
   79 181  2.344895E-28 au181
   79 182  4.112352E-28 au182
   79 183  3.176796E-28 au183
   79 184  2.574707E-28 au184
   79 185  2.736603E-28 au185
   79 186  3.353703E-28 au186
   79 187  3.103723E-28 au187
   79 188  3.489781E-28 au188
   79 189  3.313053E-28 au189
   79 190  3.444411E-28 au190
   79 191  5.059655E-28 au191
   79 192  3.589960E-28 au192
   79 193  6.848564E-28 au193
   79 194  4.342029E-28 au194
   79 195  1.206357E-27 au195
   79 196  7.279045E-28 au196
   79 197  1.414513E-27 au197
   79 198  1.204939E-27 au198
   79 199  8.111891E-27 au199
   79 200  4.337996E-27 au200
   79 201  1.597061E-26 au201
   79 202  2.931444E-27 au202
   79 203  8.574827E-27 au203
   79 204  5.723075E-28 au204
   79 205  4.732608E-28 au205
   79 206  3.282769E-28 au206
   79 207  1.695478E-25 au207
   79 208  1.077308E-26 au208
   79 209  2.756508E-24 au209
   79 210  3.080278E-27 au210
   79 211  8.279246E-25 au211
   79 212  1.658552E-27 au212
   79 213  1.793411E-25 au213
   79 214  4.499511E-28 au214
   79 215  7.702047E-26 au215
   79 216  2.247704E-28 au216
   79 217  6.186131E-26 au217
   79 218  1.765191E-28 au218
   79 219  3.409961E-26 au219
   79 220  3.219296E-28 au220
   79 221  1.119361E-26 au221
   79 222  8.059267E-28 au222
   79 223  1.792576E-26 au223
   79 224  6.942760E-29 au224
   79 225  6.683426E-27 au225
   79 226  1.122334E-28 au226
   79 227  3.701969E-27 au227
   79 228  4.207424E-30 au228
   79 229  4.062745E-27 au229
   79 230  1.720100E-30 au230
   79 231  2.248909E-27 au231
   79 232  1.164600E-31 au232
   79 233  4.202346E-28 au233
   79 234  5.581429E-32 au234
   79 235  3.953308E-30 au235
   79 236  6.391904E-33 au236
   80 178  1.780024E-28 hg178
   80 179  2.102480E-28 hg179
   80 180  1.800069E-28 hg180
   80 181  1.810040E-28 hg181
   80 182  4.936716E-28 hg182
   80 183  1.830000E-28 hg183
   80 184  3.808064E-28 hg184
   80 185  3.519119E-28 hg185
   80 186  4.835959E-28 hg186
   80 187  3.443103E-28 hg187
   80 188  1.290832E-27 hg188
   80 189  4.310888E-28 hg189
   80 190  6.357739E-28 hg190
   80 191  3.042088E-28 hg191
   80 192  8.864127E-28 hg192
   80 193  4.726395E-28 hg193
   80 194  1.320929E-27 hg194
   80 195  8.580592E-28 hg195
   80 196  1.067767E-27 hg196
   80 197  1.740867E-27 hg197
   80 198  4.719912E-27 hg198
   80 199  2.439076E-27 hg199
   80 200  7.356874E-27 hg200
   80 201  4.844438E-27 hg201
   80 202  1.187286E-26 hg202
   80 203  1.165773E-26 hg203
   80 204  7.464297E-27 hg204
   80 205  5.010460E-27 hg205
   80 206  6.479448E-28 hg206
   80 207  3.550593E-28 hg207
   80 208  7.786428E-26 hg208
   80 209  1.380128E-25 hg209
   80 210  5.204385E-24 hg210
   80 211  5.241148E-26 hg211
   80 212  4.588469E-24 hg212
   80 213  7.859179E-27 hg213
   80 214  1.048769E-24 hg214
   80 215  1.065570E-27 hg215
   80 216  1.107582E-25 hg216
   80 217  5.126188E-28 hg217
   80 218  2.752340E-26 hg218
   80 219  2.805137E-27 hg219
   80 220  2.053412E-26 hg220
   80 221  4.754443E-27 hg221
   80 222  3.584003E-26 hg222
   80 223  9.762979E-28 hg223
   80 224  1.799026E-26 hg224
   80 225  4.196539E-28 hg225
   80 226  1.272511E-26 hg226
   80 227  1.139246E-28 hg227
   80 228  1.251447E-26 hg228
   80 229  7.426233E-29 hg229
   80 230  6.066383E-27 hg230
   80 231  5.305796E-30 hg231
   80 232  2.535192E-27 hg232
   80 233  6.980391E-32 hg233
   80 234  6.834514E-28 hg234
   80 235  2.946289E-33 hg235
   80 236  7.183087E-28 hg236
   80 237  1.948077E-33 hg237
   80 238  4.524675E-28 hg238
   80 239  7.519989E-33 hg239
   81 182  1.820000E-28 tl182
   81 183  1.830000E-28 tl183
   81 184  1.840000E-28 tl184
   81 185  1.849990E-28 tl185
   81 186  3.868146E-28 tl186
   81 187  3.172319E-28 tl187
   81 188  1.189697E-26 tl188
   81 189  1.264093E-27 tl189
   81 190  2.724662E-28 tl190
   81 191  3.564682E-28 tl191
   81 192  2.452137E-28 tl192
   81 193  4.137205E-28 tl193
   81 194  3.682735E-28 tl194
   81 195  6.538585E-28 tl195
   81 196  4.487533E-28 tl196
   81 197  1.070803E-27 tl197
   81 198  6.881514E-28 tl198
   81 199  2.372655E-27 tl199
   81 200  1.498059E-27 tl200
   81 201  6.090556E-27 tl201
   81 202  3.322146E-27 tl202
   81 203  7.250093E-27 tl203
   81 204  5.258841E-27 tl204
   81 205  1.382440E-26 tl205
   81 206  1.010516E-26 tl206
   81 207  2.910386E-27 tl207
   81 208  3.277811E-28 tl208
   81 209  1.975038E-26 tl209
   81 210  4.062267E-28 tl210
   81 211  4.627878E-25 tl211
   81 212  8.254834E-25 tl212
   81 213  4.632264E-24 tl213
   81 214  1.184660E-25 tl214
   81 215  4.067977E-24 tl215
   81 216  4.092252E-27 tl216
   81 217  1.455663E-25 tl217
   81 218  1.625171E-26 tl218
   81 219  7.946730E-26 tl219
   81 220  4.161124E-28 tl220
   81 221  1.152937E-25 tl221
   81 222  1.427669E-26 tl222
   81 223  4.928409E-26 tl223
   81 224  1.424136E-27 tl224
   81 225  3.709584E-26 tl225
   81 226  5.455599E-28 tl226
   81 227  3.067025E-26 tl227
   81 228  4.781720E-28 tl228
   81 229  1.854457E-26 tl229
   81 230  9.861005E-29 tl230
   81 231  8.480336E-27 tl231
   81 232  9.901848E-30 tl232
   81 233  6.870240E-27 tl233
   81 234  5.049155E-32 tl234
   81 235  3.563854E-27 tl235
   81 236  6.859470E-32 tl236
   81 237  2.079850E-27 tl237
   81 238  3.052175E-32 tl238
   81 239  1.480140E-27 tl239
   81 240  7.505906E-32 tl240
   81 241  5.278875E-36 tl241
   81 242  2.253933E-32 tl242
   81 243  1.559527E-28 tl243
   81 244  1.767067E-34 tl244
   81 245  1.348358E-28 tl245
   82 185  1.850000E-28 pb185
   82 186  1.860000E-28 pb186
   82 187  1.870000E-28 pb187
   82 188  4.686963E-26 pb188
   82 189  7.471698E-27 pb189
   82 190  5.298701E-28 pb190
   82 191  4.209226E-28 pb191
   82 192  5.106557E-28 pb192
   82 193  3.636552E-28 pb193
   82 194  7.195811E-28 pb194
   82 195  4.108221E-28 pb195
   82 196  1.252278E-27 pb196
   82 197  6.313138E-28 pb197
   82 198  2.205366E-27 pb198
   82 199  9.894978E-28 pb199
   82 200  3.925183E-27 pb200
   82 201  2.555932E-27 pb201
   82 202  8.721317E-27 pb202
   82 203  6.046390E-27 pb203
   82 204  6.519201E-27 pb204
   82 205  5.789891E-27 pb205
   82 206  1.019840E-26 pb206
   82 207  2.751271E-27 pb207
   82 208  1.260732E-26 pb208
   82 209  9.392788E-27 pb209
   82 210  3.211555E-28 pb210
   82 211  3.506170E-28 pb211
   82 212  7.661311E-27 pb212
   82 213  4.254069E-26 pb213
   82 214  9.922029E-25 pb214
   82 215  1.500804E-24 pb215
   82 216  2.448522E-24 pb216
   82 217  1.502876E-24 pb217
   82 218  3.650133E-24 pb218
   82 219  1.425643E-26 pb219
   82 220  2.212736E-24 pb220
   82 221  3.024355E-29 pb221
   82 222  5.606435E-26 pb222
   82 223  5.746585E-26 pb223
   82 224  5.648502E-26 pb224
   82 225  6.532468E-27 pb225
   82 226  6.141847E-26 pb226
   82 227  7.252481E-27 pb227
   82 228  3.802315E-26 pb228
   82 229  3.906945E-27 pb229
   82 230  2.109093E-26 pb230
   82 231  4.317938E-28 pb231
   82 232  1.890784E-26 pb232
   82 233  1.444362E-28 pb233
   82 234  9.811261E-27 pb234
   82 235  9.163307E-31 pb235
   82 236  5.556009E-27 pb236
   82 237  6.987419E-32 pb237
   82 238  4.023578E-27 pb238
   82 239  8.016815E-32 pb239
   82 240  3.487601E-27 pb240
   82 241  4.421188E-30 pb241
   82 242  3.023678E-32 pb242
   82 243  1.097054E-31 pb243
   82 244  6.094606E-28 pb244
   82 245  3.777210E-33 pb245
   82 246  2.296306E-28 pb246
   83 188  1.880000E-28 bi188
   83 189  2.028858E-28 bi189
   83 190  1.900000E-28 bi190
   83 191  1.910000E-28 bi191
   83 192  1.959810E-28 bi192
   83 193  5.808456E-28 bi193
   83 194  2.785181E-28 bi194
   83 195  3.851388E-28 bi195
   83 196  2.905250E-28 bi196
   83 197  3.100878E-28 bi197
   83 198  2.404957E-28 bi198
   83 199  4.135701E-28 bi199
   83 200  3.017876E-28 bi200
   83 201  6.508658E-28 bi201
   83 202  5.443882E-28 bi202
   83 203  1.161621E-27 bi203
   83 204  1.289579E-27 bi204
   83 205  2.926247E-27 bi205
   83 206  3.795728E-27 bi206
   83 207  7.723439E-27 bi207
   83 208  1.458068E-26 bi208
   83 209  1.567882E-26 bi209
   83 210  7.675872E-28 bi210
   83 211  2.317863E-28 bi211
   83 212  2.124008E-28 bi212
   83 213  7.423360E-28 bi213
   83 214  3.124323E-27 bi214
   83 215  3.332415E-25 bi215
   83 216  2.160001E-28 bi216
   83 217  1.105045E-25 bi217
   83 218  2.117457E-25 bi218
   83 219  3.855676E-24 bi219
   83 220  5.632718E-25 bi220
   83 221  1.257846E-24 bi221
   83 222  1.218574E-26 bi222
   83 223  6.919336E-25 bi223
   83 224  1.082413E-25 bi224
   83 225  1.239101E-25 bi225
   83 226  3.419464E-26 bi226
   83 227  9.967459E-26 bi227
   83 228  2.062237E-26 bi228
   83 229  5.948388E-26 bi229
   83 230  6.900756E-27 bi230
   83 231  5.194083E-26 bi231
   83 232  2.198808E-27 bi232
   83 233  2.894781E-26 bi233
   83 234  2.810702E-28 bi234
   83 235  3.240498E-26 bi235
   83 236  7.243592E-30 bi236
   83 237  3.765322E-26 bi237
   83 238  1.075287E-30 bi238
   83 239  2.491467E-25 bi239
   83 240  6.413221E-31 bi240
   83 241  1.142964E-25 bi241
   83 242  1.312711E-30 bi242
   83 243  6.914289E-33 bi243
   83 244  2.481395E-31 bi244
   83 245  1.057236E-26 bi245
   83 246  1.184619E-32 bi246
   83 247  1.895785E-26 bi247
   83 248  1.193255E-33 bi248
   83 249  4.730997E-28 bi249
   83 250  8.796886E-33 bi250
   83 251  4.453656E-29 bi251
   84 193  1.930000E-28 po193
   84 194  1.940000E-28 po194
   84 195  1.950000E-28 po195
   84 196  1.960000E-28 po196
   84 197  1.970000E-28 po197
   84 198  1.980000E-28 po198
   84 199  1.990000E-28 po199
   84 200  2.000000E-28 po200
   84 201  2.010000E-28 po201
   84 202  2.020000E-28 po202
   84 203  2.030000E-28 po203
   84 204  2.040000E-28 po204
   84 205  2.050000E-28 po205
   84 206  2.060000E-28 po206
   84 207  2.070000E-28 po207
   84 208  2.080000E-28 po208
   84 209  2.090000E-28 po209
   84 210  2.100246E-28 po210
   84 211  2.110000E-28 po211
   84 212  2.118707E-28 po212
   84 213  2.130008E-28 po213
   84 214  2.140000E-28 po214
   84 215  3.559635E-27 po215
   84 216  2.388763E-28 po216
   84 217  5.432984E-27 po217
   84 218  4.592695E-26 po218
   84 219  3.290598E-25 po219
   84 220  1.164785E-24 po220
   84 221  9.970124E-25 po221
   84 222  2.647518E-25 po222
   84 223  3.974590E-24 po223
   84 224  1.431025E-24 po224
   84 225  4.735373E-24 po225
   84 226  2.412749E-24 po226
   84 227  5.341993E-24 po227
   84 228  1.677769E-24 po228
   84 229  6.430638E-24 po229
   84 230  1.022300E-24 po230
   84 231  1.350120E-23 po231
   84 232  1.064874E-24 po232
   84 233  1.060387E-23 po233
   84 234  1.047947E-25 po234
   84 235  1.933816E-23 po235
   84 236  6.764431E-27 po236
   84 237  3.699691E-23 po237
   85 211  2.110000E-28 at211
    0   1  7.096718E-21 neut 
    1   1  9.015743E-14 prot 
    2   4  9.999674E-01 he4  
