 *                                      
 * hydrostatic:  btemp=  1.000E+04 bden=  1.000E+02
 *          time                se94          se95          se96          se97          se98          se99          se100         se101
      1  0.000000000000E+00  1.000000E-30  1.000000E-30  1.000000E-30  1.000000E-30  1.000000E-30  1.000000E-30  1.000000E-30  1.000000E-30
      2  1.000000000000E-16  1.000000E-30  1.000000E-30  1.000000E-30  1.000000E-30  1.000000E-30  1.000000E-30  1.000000E-30  1.000000E-30
      3  1.100000000000E-15  1.000000E-30  1.000000E-30  1.000000E-30  1.000000E-30  1.000000E-30  1.000000E-30  1.000000E-30  1.000000E-30
      4  1.110000000000E-14  1.000000E-30  1.000000E-30  1.000000E-30  1.000000E-30  1.000000E-30  1.000000E-30  1.000000E-30  1.000000E-30
      5  1.111000000000E-13  1.000000E-30  1.000000E-30  1.000000E-30  1.000000E-30  1.000000E-30  1.000000E-30  1.000000E-30  1.000000E-30
      6  1.111100000000E-12  1.000000E-30  1.000000E-30  1.000000E-30  1.000000E-30  1.000000E-30  1.000000E-30  1.000000E-30  1.000000E-30
      7  1.111110000000E-11  1.000000E-30  1.000000E-30  1.000000E-30  1.000000E-30  1.000000E-30  1.000000E-30  1.000000E-30  1.000000E-30
      8  1.111111000000E-10  1.000000E-30  1.000000E-30  1.000000E-30  1.000000E-30  1.000000E-30  1.000000E-30  1.000000E-30  1.000000E-30
      9  1.111111100000E-09  1.000000E-30  1.000000E-30  1.000000E-30  1.000000E-30  1.000000E-30  1.000000E-30  1.000000E-30  1.000000E-30
     10  1.111111110000E-08  1.000000E-30  1.000000E-30  1.000000E-30  1.000000E-30  1.000001E-30  1.000000E-30  1.000001E-30  1.000000E-30
     11  4.567476566510E-08  1.000001E-30  1.000001E-30  1.000001E-30  1.000001E-30  1.000002E-30  1.000002E-30  1.000003E-30  1.000000E-30
     12  1.658089127914E-07  1.000004E-30  1.000002E-30  1.000004E-30  1.000005E-30  1.000008E-30  1.000006E-30  1.000012E-30  1.000000E-30
     13  4.445546741016E-07  1.000011E-30  1.000005E-30  1.000010E-30  1.000015E-30  1.000022E-30  1.000017E-30  1.000031E-30  1.000000E-30
     14  1.066239799837E-06  1.000026E-30  1.000012E-30  1.000024E-30  1.000035E-30  1.000052E-30  1.000040E-30  1.000075E-30  1.000000E-30
     15  2.222704079044E-06  1.000055E-30  1.000026E-30  1.000049E-30  1.000073E-30  1.000108E-30  1.000084E-30  1.000157E-30  1.000000E-30
     16  4.298102471270E-06  1.000106E-30  1.000050E-30  1.000096E-30  1.000141E-30  1.000209E-30  1.000163E-30  1.000303E-30  1.000000E-30
     17  7.691889062333E-06  1.000189E-30  1.000089E-30  1.000171E-30  1.000252E-30  1.000375E-30  1.000291E-30  1.000541E-30  1.000000E-30
     18  1.308909950745E-05  1.000322E-30  1.000151E-30  1.000291E-30  1.000429E-30  1.000638E-30  1.000496E-30  1.000921E-30  1.000000E-30
     19  1.857566740576E-05  1.000457E-30  1.000215E-30  1.000413E-30  1.000609E-30  1.000905E-30  1.000703E-30  1.001307E-30  1.000000E-30
     20  2.437304006798E-05  1.000600E-30  1.000282E-30  1.000542E-30  1.000799E-30  1.001187E-30  1.000923E-30  1.001714E-30  1.000000E-30
     21  3.062636084650E-05  1.000754E-30  1.000355E-30  1.000681E-30  1.001004E-30  1.001491E-30  1.001159E-30  1.002154E-30  1.000000E-30
     22  3.755179443036E-05  1.000925E-30  1.000435E-30  1.000835E-30  1.001231E-30  1.001828E-30  1.001421E-30  1.002640E-30  1.000000E-30
     23  4.608652240190E-05  1.001135E-30  1.000534E-30  1.001025E-30  1.001511E-30  1.002243E-30  1.001743E-30  1.003239E-30  1.000000E-30
     24  5.520402925860E-05  1.001360E-30  1.000640E-30  1.001228E-30  1.001809E-30  1.002687E-30  1.002087E-30  1.003878E-30  1.000000E-30
     25  6.472551468226E-05  1.001594E-30  1.000750E-30  1.001440E-30  1.002121E-30  1.003150E-30  1.002446E-30  1.004545E-30  1.000000E-30
     26  7.459047774494E-05  1.001837E-30  1.000865E-30  1.001659E-30  1.002444E-30  1.003629E-30  1.002818E-30  1.005236E-30  1.000000E-30
     27  8.489118412102E-05  1.002091E-30  1.000985E-30  1.001888E-30  1.002781E-30  1.004129E-30  1.003205E-30  1.005956E-30  1.000000E-30
     28  9.570255892797E-05  1.002357E-30  1.001110E-30  1.002128E-30  1.003135E-30  1.004654E-30  1.003612E-30  1.006712E-30  1.000000E-30
     29  1.070853065563E-04  1.002638E-30  1.001243E-30  1.002381E-30  1.003507E-30  1.005207E-30  1.004039E-30  1.007506E-30  1.000000E-30
     30  1.190882425669E-04  1.002934E-30  1.001383E-30  1.002647E-30  1.003900E-30  1.005789E-30  1.004490E-30  1.008343E-30  1.000000E-30
     31  1.366291075688E-04  1.003366E-30  1.001587E-30  1.003036E-30  1.004473E-30  1.006639E-30  1.005147E-30  1.009565E-30  1.000000E-30
     32  1.695708820900E-04  1.004178E-30  1.001972E-30  1.003767E-30  1.005549E-30  1.008234E-30  1.006378E-30  1.011854E-30  1.000000E-30
     33  1.992873377730E-04  1.004910E-30  1.002320E-30  1.004426E-30  1.006519E-30  1.009672E-30  1.007486E-30  1.013914E-30  1.000000E-30
     34  2.264248739983E-04  1.005579E-30  1.002639E-30  1.005027E-30  1.007404E-30  1.010983E-30  1.008495E-30  1.015791E-30  1.000000E-30
     35  2.515933231106E-04  1.006199E-30  1.002934E-30  1.005585E-30  1.008224E-30  1.012198E-30  1.009429E-30  1.017527E-30  1.000000E-30
     36  2.753099894686E-04  1.006784E-30  1.003213E-30  1.006109E-30  1.008996E-30  1.013342E-30  1.010306E-30  1.019160E-30  1.000000E-30
     37  2.979926919870E-04  1.007343E-30  1.003481E-30  1.006611E-30  1.009734E-30  1.014434E-30  1.011144E-30  1.020719E-30  1.000000E-30
     38  3.199702121451E-04  1.007885E-30  1.003740E-30  1.007097E-30  1.010449E-30  1.015492E-30  1.011954E-30  1.022226E-30  1.000000E-30
     39  3.524429751724E-04  1.008686E-30  1.004124E-30  1.007815E-30  1.011504E-30  1.017054E-30  1.013148E-30  1.024448E-30  1.000000E-30
     40  3.836809895565E-04  1.009456E-30  1.004494E-30  1.008505E-30  1.012519E-30  1.018554E-30  1.014294E-30  1.026579E-30  1.000000E-30
     41  4.138876583201E-04  1.010201E-30  1.004853E-30  1.009171E-30  1.013498E-30  1.020003E-30  1.015398E-30  1.028635E-30  1.000000E-30
     42  4.432651277490E-04  1.010926E-30  1.005202E-30  1.009819E-30  1.014451E-30  1.021410E-30  1.016469E-30  1.030629E-30  1.000000E-30
     43  4.720041568584E-04  1.011635E-30  1.005545E-30  1.010453E-30  1.015381E-30  1.022786E-30  1.017515E-30  1.032575E-30  1.000000E-30
     44  5.002792532552E-04  1.012332E-30  1.005882E-30  1.011075E-30  1.016297E-30  1.024137E-30  1.018540E-30  1.034485E-30  1.000000E-30
     45  5.282472522620E-04  1.013023E-30  1.006217E-30  1.011691E-30  1.017201E-30  1.025473E-30  1.019552E-30  1.036370E-30  1.000000E-30
     46  5.560479783168E-04  1.013709E-30  1.006550E-30  1.012303E-30  1.018099E-30  1.026799E-30  1.020556E-30  1.038239E-30  1.000000E-30
     47  5.838060709037E-04  1.014394E-30  1.006883E-30  1.012913E-30  1.018995E-30  1.028122E-30  1.021555E-30  1.040101E-30  1.000000E-30
     48  6.116334118686E-04  1.015081E-30  1.007218E-30  1.013525E-30  1.019893E-30  1.029446E-30  1.022555E-30  1.041963E-30  1.000000E-30
     49  6.396318340541E-04  1.015772E-30  1.007555E-30  1.014140E-30  1.020796E-30  1.030777E-30  1.023558E-30  1.043831E-30  1.000000E-30
     50  6.678959636874E-04  1.016469E-30  1.007896E-30  1.014760E-30  1.021706E-30  1.032119E-30  1.024568E-30  1.045713E-30  1.000000E-30
     51  6.965161747902E-04  1.017176E-30  1.008242E-30  1.015388E-30  1.022628E-30  1.033477E-30  1.025588E-30  1.047615E-30  1.000000E-30
     52  7.255817382538E-04  1.017894E-30  1.008593E-30  1.016025E-30  1.023562E-30  1.034854E-30  1.026621E-30  1.049541E-30  1.000000E-30
     53  7.551843574001E-04  1.018625E-30  1.008952E-30  1.016674E-30  1.024514E-30  1.036255E-30  1.027670E-30  1.051497E-30  1.000000E-30
     54  7.854224313090E-04  1.019371E-30  1.009320E-30  1.017336E-30  1.025485E-30  1.037685E-30  1.028740E-30  1.053491E-30  1.000000E-30
     55  8.164066374138E-04  1.020137E-30  1.009697E-30  1.018014E-30  1.026479E-30  1.039148E-30  1.029832E-30  1.055528E-30  1.000000E-30
     56  8.482679080764E-04  1.020924E-30  1.010086E-30  1.018711E-30  1.027500E-30  1.040650E-30  1.030952E-30  1.057618E-30  1.000000E-30
     57  8.811699017317E-04  1.021737E-30  1.010488E-30  1.019430E-30  1.028553E-30  1.042200E-30  1.032106E-30  1.059769E-30  1.000000E-30
     58  9.153304977871E-04  1.022581E-30  1.010906E-30  1.020176E-30  1.029646E-30  1.043807E-30  1.033300E-30  1.061997E-30  1.000000E-30
     59  9.510634923056E-04  1.023464E-30  1.011344E-30  1.020956E-30  1.030789E-30  1.045485E-30  1.034545E-30  1.064320E-30  1.000000E-30
     60  9.888739022907E-04  1.024398E-30  1.011809E-30  1.021780E-30  1.031996E-30  1.047259E-30  1.035858E-30  1.066771E-30  1.000000E-30
     61  1.029744313280E-03  1.025408E-30  1.012313E-30  1.022671E-30  1.033300E-30  1.049173E-30  1.037272E-30  1.069411E-30  1.000000E-30
     62  1.076805333108E-03  1.026571E-30  1.012895E-30  1.023695E-30  1.034799E-30  1.051373E-30  1.038895E-30  1.072439E-30  1.000000E-30
     63  1.127478238084E-03  1.027824E-30  1.013523E-30  1.024797E-30  1.036411E-30  1.053738E-30  1.040634E-30  1.075687E-30  1.000000E-30
     64  1.179263354774E-03  1.029105E-30  1.014166E-30  1.025922E-30  1.038056E-30  1.056149E-30  1.042402E-30  1.078991E-30  1.000000E-30
     65  1.231720185468E-03  1.030402E-30  1.014820E-30  1.027060E-30  1.039720E-30  1.058587E-30  1.044186E-30  1.082323E-30  1.000000E-30
     66  1.284679788904E-03  1.031712E-30  1.015482E-30  1.028208E-30  1.041398E-30  1.061043E-30  1.045978E-30  1.085672E-30  1.000000E-30
     67  1.338068714676E-03  1.033033E-30  1.016152E-30  1.029363E-30  1.043087E-30  1.063514E-30  1.047776E-30  1.089033E-30  1.000000E-30
     68  1.391852718980E-03  1.034364E-30  1.016829E-30  1.030526E-30  1.044785E-30  1.065998E-30  1.049578E-30  1.092403E-30  1.000000E-30
     69  1.446014888479E-03  1.035704E-30  1.017512E-30  1.031696E-30  1.046494E-30  1.068495E-30  1.051385E-30  1.095781E-30  1.000000E-30
     70  1.500546342624E-03  1.037054E-30  1.018202E-30  1.032873E-30  1.048211E-30  1.071002E-30  1.053194E-30  1.099167E-30  1.000000E-30
     71  1.555442065896E-03  1.038413E-30  1.018899E-30  1.034056E-30  1.049937E-30  1.073522E-30  1.055007E-30  1.102559E-30  1.000000E-30
     72  1.610698967280E-03  1.039781E-30  1.019603E-30  1.035245E-30  1.051671E-30  1.076052E-30  1.056823E-30  1.105957E-30  1.000000E-30
     73  1.666314948699E-03  1.041158E-30  1.020313E-30  1.036441E-30  1.053415E-30  1.078593E-30  1.058641E-30  1.109362E-30  1.000000E-30
     74  1.722288445659E-03  1.042544E-30  1.021031E-30  1.037643E-30  1.055167E-30  1.081145E-30  1.060462E-30  1.112771E-30  1.000000E-30
     75  1.778618195039E-03  1.043939E-30  1.021754E-30  1.038851E-30  1.056927E-30  1.083708E-30  1.062286E-30  1.116187E-30  1.000000E-30
     76  1.835303663832E-03  1.045344E-30  1.022485E-30  1.040065E-30  1.058695E-30  1.086281E-30  1.064111E-30  1.119607E-30  1.000000E-30
     77  1.892344396716E-03  1.046757E-30  1.023222E-30  1.041286E-30  1.060472E-30  1.088864E-30  1.065939E-30  1.123032E-30  1.000000E-30
     78  1.949739812628E-03  1.048179E-30  1.023967E-30  1.042513E-30  1.062257E-30  1.091458E-30  1.067768E-30  1.126461E-30  1.000000E-30
     79  2.007489276907E-03  1.049611E-30  1.024718E-30  1.043745E-30  1.064051E-30  1.094062E-30  1.069599E-30  1.129895E-30  1.000000E-30
     80  2.065592139419E-03  1.051051E-30  1.025476E-30  1.044984E-30  1.065852E-30  1.096676E-30  1.071432E-30  1.133333E-30  1.000000E-30
     81  2.124047755162E-03  1.052500E-30  1.026241E-30  1.046229E-30  1.067661E-30  1.099299E-30  1.073266E-30  1.136774E-30  1.000000E-30
     82  2.182855495215E-03  1.053959E-30  1.027013E-30  1.047480E-30  1.069478E-30  1.101933E-30  1.075102E-30  1.140219E-30  1.000000E-30
     83  2.242014752368E-03  1.055426E-30  1.027791E-30  1.048736E-30  1.071304E-30  1.104576E-30  1.076939E-30  1.143666E-30  1.000000E-30
     84  2.301524943777E-03  1.056902E-30  1.028577E-30  1.049999E-30  1.073137E-30  1.107228E-30  1.078777E-30  1.147117E-30  1.000000E-30
     85  2.361385511936E-03  1.058387E-30  1.029370E-30  1.051267E-30  1.074977E-30  1.109890E-30  1.080615E-30  1.150571E-30  1.000000E-30
     86  2.421595924701E-03  1.059880E-30  1.030170E-30  1.052541E-30  1.076826E-30  1.112561E-30  1.082455E-30  1.154026E-30  1.000000E-30
     87  2.482155674804E-03  1.061383E-30  1.030977E-30  1.053821E-30  1.078682E-30  1.115242E-30  1.084295E-30  1.157484E-30  1.000000E-30
     88  2.543064279071E-03  1.062895E-30  1.031790E-30  1.055107E-30  1.080545E-30  1.117931E-30  1.086135E-30  1.160944E-30  1.000000E-30
     89  2.604321277494E-03  1.064415E-30  1.032611E-30  1.056398E-30  1.082416E-30  1.120630E-30  1.087976E-30  1.164406E-30  1.000000E-30
     90  2.665926232237E-03  1.065944E-30  1.033440E-30  1.057695E-30  1.084295E-30  1.123337E-30  1.089817E-30  1.167869E-30  1.000000E-30
     91  2.727878734382E-03  1.067483E-30  1.034275E-30  1.058998E-30  1.086180E-30  1.126052E-30  1.091659E-30  1.171333E-30  1.000000E-30
     92  2.790178404165E-03  1.069030E-30  1.035117E-30  1.060306E-30  1.088074E-30  1.128777E-30  1.093500E-30  1.174798E-30  1.000000E-30
     93  2.852824875480E-03  1.070585E-30  1.035967E-30  1.061619E-30  1.089974E-30  1.131510E-30  1.095341E-30  1.178264E-30  1.000000E-30
     94  2.915817796872E-03  1.072150E-30  1.036824E-30  1.062939E-30  1.091882E-30  1.134251E-30  1.097182E-30  1.181730E-30  1.000000E-30
     95  2.979156831833E-03  1.073723E-30  1.037688E-30  1.064263E-30  1.093796E-30  1.137000E-30  1.099022E-30  1.185197E-30  1.000000E-30
