 *                                      
 * hydrostatic:  btemp=  1.000E+04 bden=  1.000E+02
 *          time                cr75          mn44          mn45          mn46          mn47          mn48          mn49          mn50 
      1  0.000000000000E+00  1.000000E-30  1.000000E-30  1.000000E-30  1.000000E-30  1.000000E-30  1.000000E-30  1.000000E-30  1.000000E-30
      2  1.000000000000E-16  1.000000E-30  1.000000E-30  1.000000E-30  1.000000E-30  1.000000E-30  1.000000E-30  1.000000E-30  1.000000E-30
      3  1.100000000000E-15  1.000000E-30  1.000000E-30  1.000000E-30  1.000000E-30  1.000000E-30  1.000000E-30  1.000000E-30  1.000000E-30
      4  1.110000000000E-14  1.000000E-30  1.000000E-30  1.000000E-30  1.000000E-30  1.000000E-30  1.000000E-30  1.000000E-30  1.000000E-30
      5  1.111000000000E-13  1.000000E-30  1.000000E-30  1.000000E-30  1.000000E-30  1.000000E-30  1.000000E-30  1.000000E-30  1.000000E-30
      6  1.111100000000E-12  1.000000E-30  1.000000E-30  1.000000E-30  1.000000E-30  1.000000E-30  1.000000E-30  1.000000E-30  1.000000E-30
      7  1.111110000000E-11  1.000000E-30  1.000000E-30  1.000000E-30  1.000000E-30  1.000000E-30  1.000000E-30  1.000000E-30  1.000000E-30
      8  1.111111000000E-10  1.000000E-30  1.000000E-30  1.000000E-30  1.000000E-30  1.000000E-30  1.000000E-30  1.000000E-30  1.000000E-30
      9  1.111111100000E-09  1.000000E-30  1.000000E-30  1.000000E-30  1.000000E-30  1.000000E-30  1.000000E-30  1.000000E-30  1.000000E-30
     10  1.111111110000E-08  1.000000E-30  1.000000E-30  1.000000E-30  1.000000E-30  1.000000E-30  1.000000E-30  1.000000E-30  1.000000E-30
     11  4.567476566510E-08  1.000000E-30  1.000000E-30  1.000000E-30  1.000001E-30  1.000001E-30  1.000001E-30  1.000000E-30  1.000000E-30
     12  1.658089127914E-07  1.000000E-30  1.000000E-30  1.000000E-30  1.000002E-30  1.000004E-30  1.000002E-30  1.000001E-30  1.000000E-30
     13  4.445546741016E-07  1.000000E-30  1.000000E-30  1.000000E-30  1.000006E-30  1.000011E-30  1.000005E-30  1.000004E-30  1.000001E-30
     14  1.066239799837E-06  1.000000E-30  1.000000E-30  1.000000E-30  1.000015E-30  1.000027E-30  1.000012E-30  1.000009E-30  1.000002E-30
     15  2.222704079044E-06  1.000000E-30  1.000000E-30  1.000000E-30  1.000032E-30  1.000055E-30  1.000025E-30  1.000018E-30  1.000004E-30
     16  4.298102471270E-06  1.000000E-30  1.000000E-30  1.000000E-30  1.000061E-30  1.000107E-30  1.000049E-30  1.000035E-30  1.000009E-30
     17  7.691889062333E-06  1.000000E-30  1.000000E-30  1.000000E-30  1.000110E-30  1.000191E-30  1.000087E-30  1.000062E-30  1.000016E-30
     18  1.308909950745E-05  1.000000E-30  1.000000E-30  1.000000E-30  1.000187E-30  1.000325E-30  1.000149E-30  1.000106E-30  1.000026E-30
     19  1.857566740576E-05  1.000000E-30  1.000000E-30  1.000000E-30  1.000265E-30  1.000462E-30  1.000211E-30  1.000150E-30  1.000038E-30
     20  2.437304006798E-05  1.000000E-30  1.000000E-30  1.000000E-30  1.000348E-30  1.000606E-30  1.000277E-30  1.000197E-30  1.000049E-30
     21  3.062636084650E-05  1.000000E-30  1.000000E-30  1.000000E-30  1.000437E-30  1.000761E-30  1.000348E-30  1.000248E-30  1.000062E-30
     22  3.755179443036E-05  1.000000E-30  1.000000E-30  1.000000E-30  1.000536E-30  1.000934E-30  1.000427E-30  1.000304E-30  1.000076E-30
     23  4.608652240190E-05  1.000000E-30  1.000000E-30  1.000000E-30  1.000657E-30  1.001146E-30  1.000524E-30  1.000373E-30  1.000093E-30
     24  5.520402925860E-05  1.000000E-30  1.000000E-30  1.000000E-30  1.000787E-30  1.001372E-30  1.000628E-30  1.000447E-30  1.000112E-30
     25  6.472551468226E-05  1.000000E-30  1.000000E-30  1.000000E-30  1.000923E-30  1.001609E-30  1.000737E-30  1.000524E-30  1.000131E-30
     26  7.459047774494E-05  1.000000E-30  1.000000E-30  1.000000E-30  1.001064E-30  1.001854E-30  1.000849E-30  1.000603E-30  1.000151E-30
     27  8.489118412102E-05  1.000000E-30  1.000000E-30  1.000000E-30  1.001210E-30  1.002110E-30  1.000967E-30  1.000687E-30  1.000172E-30
     28  9.570255892797E-05  1.000000E-30  1.000000E-30  1.000000E-30  1.001364E-30  1.002379E-30  1.001090E-30  1.000774E-30  1.000194E-30
     29  1.070853065563E-04  1.000000E-30  1.000000E-30  1.000000E-30  1.001527E-30  1.002662E-30  1.001220E-30  1.000866E-30  1.000217E-30
     30  1.190882425669E-04  1.000000E-30  1.000000E-30  1.000000E-30  1.001697E-30  1.002960E-30  1.001357E-30  1.000963E-30  1.000241E-30
     31  1.366291075688E-04  1.000000E-30  1.000000E-30  1.000000E-30  1.001947E-30  1.003396E-30  1.001558E-30  1.001105E-30  1.000277E-30
     32  1.695708820900E-04  1.000000E-30  1.000000E-30  1.000000E-30  1.002416E-30  1.004214E-30  1.001935E-30  1.001372E-30  1.000344E-30
     33  1.992873377730E-04  1.000000E-30  1.000000E-30  1.000000E-30  1.002838E-30  1.004952E-30  1.002275E-30  1.001613E-30  1.000404E-30
     34  2.264248739983E-04  1.000000E-30  1.000000E-30  1.000000E-30  1.003224E-30  1.005625E-30  1.002587E-30  1.001832E-30  1.000459E-30
     35  2.515933231106E-04  1.000000E-30  1.000000E-30  1.000000E-30  1.003581E-30  1.006250E-30  1.002876E-30  1.002036E-30  1.000510E-30
     36  2.753099894686E-04  1.000000E-30  1.000000E-30  1.000000E-30  1.003918E-30  1.006839E-30  1.003149E-30  1.002228E-30  1.000559E-30
     37  2.979926919870E-04  1.000000E-30  1.000000E-30  1.000000E-30  1.004240E-30  1.007402E-30  1.003410E-30  1.002412E-30  1.000605E-30
     38  3.199702121451E-04  1.000000E-30  1.000000E-30  1.000000E-30  1.004551E-30  1.007947E-30  1.003663E-30  1.002590E-30  1.000650E-30
     39  3.524429751724E-04  1.000000E-30  1.000000E-30  1.000000E-30  1.005012E-30  1.008753E-30  1.004038E-30  1.002853E-30  1.000716E-30
     40  3.836809895565E-04  1.000000E-30  1.000000E-30  1.000000E-30  1.005454E-30  1.009527E-30  1.004399E-30  1.003106E-30  1.000779E-30
     41  4.138876583201E-04  1.000000E-30  1.000000E-30  1.000000E-30  1.005882E-30  1.010276E-30  1.004748E-30  1.003351E-30  1.000841E-30
     42  4.432651277490E-04  1.000000E-30  1.000000E-30  1.000000E-30  1.006297E-30  1.011005E-30  1.005089E-30  1.003589E-30  1.000901E-30
     43  4.720041568584E-04  1.000000E-30  1.000000E-30  1.000000E-30  1.006704E-30  1.011717E-30  1.005422E-30  1.003822E-30  1.000960E-30
     44  5.002792532552E-04  1.000000E-30  1.000000E-30  1.000000E-30  1.007103E-30  1.012418E-30  1.005750E-30  1.004052E-30  1.001018E-30
     45  5.282472522620E-04  1.000000E-30  1.000000E-30  1.000000E-30  1.007498E-30  1.013110E-30  1.006076E-30  1.004278E-30  1.001075E-30
     46  5.560479783168E-04  1.000000E-30  1.000000E-30  1.000000E-30  1.007890E-30  1.013799E-30  1.006399E-30  1.004504E-30  1.001132E-30
     47  5.838060709037E-04  1.000000E-30  1.000000E-30  1.000000E-30  1.008282E-30  1.014487E-30  1.006723E-30  1.004729E-30  1.001189E-30
     48  6.116334118686E-04  1.000000E-30  1.000000E-30  1.000000E-30  1.008674E-30  1.015176E-30  1.007048E-30  1.004955E-30  1.001246E-30
     49  6.396318340541E-04  1.000000E-30  1.000000E-30  1.000000E-30  1.009069E-30  1.015869E-30  1.007375E-30  1.005182E-30  1.001303E-30
     50  6.678959636874E-04  1.000000E-30  1.000000E-30  1.000000E-30  1.009467E-30  1.016568E-30  1.007706E-30  1.005411E-30  1.001361E-30
     51  6.965161747902E-04  1.000000E-30  1.000000E-30  1.000000E-30  1.009870E-30  1.017277E-30  1.008041E-30  1.005644E-30  1.001420E-30
     52  7.255817382538E-04  1.000000E-30  1.000000E-30  1.000000E-30  1.010278E-30  1.017996E-30  1.008382E-30  1.005880E-30  1.001480E-30
     53  7.551843574001E-04  1.000000E-30  1.000000E-30  1.000000E-30  1.010694E-30  1.018728E-30  1.008730E-30  1.006120E-30  1.001541E-30
     54  7.854224313090E-04  1.000000E-30  1.000000E-30  1.000000E-30  1.011119E-30  1.019476E-30  1.009085E-30  1.006366E-30  1.001603E-30
     55  8.164066374138E-04  1.000000E-30  1.000000E-30  1.000000E-30  1.011554E-30  1.020242E-30  1.009450E-30  1.006617E-30  1.001667E-30
     56  8.482679080764E-04  1.000000E-30  1.000000E-30  1.000000E-30  1.012001E-30  1.021030E-30  1.009826E-30  1.006876E-30  1.001732E-30
     57  8.811699017317E-04  1.000000E-30  1.000000E-30  1.000000E-30  1.012463E-30  1.021843E-30  1.010214E-30  1.007143E-30  1.001800E-30
     58  9.153304977871E-04  1.000000E-30  1.000000E-30  1.000000E-30  1.012941E-30  1.022687E-30  1.010618E-30  1.007421E-30  1.001871E-30
     59  9.510634923056E-04  1.000000E-30  1.000000E-30  1.000000E-30  1.013442E-30  1.023570E-30  1.011041E-30  1.007711E-30  1.001944E-30
     60  9.888739022907E-04  1.000000E-30  1.000000E-30  1.000000E-30  1.013971E-30  1.024504E-30  1.011490E-30  1.008019E-30  1.002023E-30
     61  1.029744313280E-03  1.000000E-30  1.000000E-30  1.000000E-30  1.014542E-30  1.025513E-30  1.011975E-30  1.008351E-30  1.002107E-30
     62  1.076805333108E-03  1.000000E-30  1.000000E-30  1.000000E-30  1.015199E-30  1.026674E-30  1.012535E-30  1.008734E-30  1.002205E-30
     63  1.127478238084E-03  1.000000E-30  1.000000E-30  1.000000E-30  1.015906E-30  1.027925E-30  1.013140E-30  1.009146E-30  1.002310E-30
     64  1.179263354774E-03  1.000000E-30  1.000000E-30  1.000000E-30  1.016628E-30  1.029202E-30  1.013758E-30  1.009568E-30  1.002417E-30
     65  1.231720185468E-03  1.000000E-30  1.000000E-30  1.000000E-30  1.017359E-30  1.030495E-30  1.014387E-30  1.009995E-30  1.002526E-30
     66  1.284679788904E-03  1.000000E-30  1.000000E-30  1.000000E-30  1.018095E-30  1.031801E-30  1.015023E-30  1.010426E-30  1.002636E-30
     67  1.338068714676E-03  1.000000E-30  1.000000E-30  1.000000E-30  1.018837E-30  1.033116E-30  1.015665E-30  1.010861E-30  1.002748E-30
     68  1.391852718980E-03  1.000000E-30  1.000000E-30  1.000000E-30  1.019584E-30  1.034441E-30  1.016313E-30  1.011299E-30  1.002860E-30
     69  1.446014888479E-03  1.000000E-30  1.000000E-30  1.000000E-30  1.020334E-30  1.035775E-30  1.016968E-30  1.011740E-30  1.002973E-30
     70  1.500546342624E-03  1.000000E-30  1.000000E-30  1.000000E-30  1.021090E-30  1.037117E-30  1.017628E-30  1.012185E-30  1.003087E-30
     71  1.555442065896E-03  1.000000E-30  1.000000E-30  1.000000E-30  1.021849E-30  1.038467E-30  1.018295E-30  1.012632E-30  1.003202E-30
     72  1.610698967280E-03  1.000000E-30  1.000000E-30  1.000000E-30  1.022612E-30  1.039826E-30  1.018967E-30  1.013083E-30  1.003318E-30
     73  1.666314948699E-03  1.000000E-30  1.000000E-30  1.000000E-30  1.023380E-30  1.041193E-30  1.019645E-30  1.013537E-30  1.003435E-30
     74  1.722288445659E-03  1.000000E-30  1.000000E-30  1.000000E-30  1.024152E-30  1.042569E-30  1.020329E-30  1.013993E-30  1.003552E-30
     75  1.778618195039E-03  1.000000E-30  1.000000E-30  1.000000E-30  1.024927E-30  1.043953E-30  1.021019E-30  1.014453E-30  1.003671E-30
     76  1.835303663832E-03  1.000000E-30  1.000000E-30  1.000000E-30  1.025707E-30  1.045344E-30  1.021715E-30  1.014916E-30  1.003790E-30
     77  1.892344396716E-03  1.000000E-30  1.000000E-30  1.000000E-30  1.026491E-30  1.046745E-30  1.022417E-30  1.015382E-30  1.003911E-30
     78  1.949739812628E-03  1.000000E-30  1.000000E-30  1.000000E-30  1.027278E-30  1.048153E-30  1.023125E-30  1.015851E-30  1.004032E-30
     79  2.007489276907E-03  1.000000E-30  1.000000E-30  1.000000E-30  1.028070E-30  1.049569E-30  1.023839E-30  1.016323E-30  1.004154E-30
     80  2.065592139419E-03  1.000000E-30  1.000000E-30  1.000000E-30  1.028865E-30  1.050994E-30  1.024559E-30  1.016798E-30  1.004277E-30
     81  2.124047755162E-03  1.000000E-30  1.000000E-30  1.000000E-30  1.029665E-30  1.052426E-30  1.025285E-30  1.017276E-30  1.004401E-30
     82  2.182855495215E-03  1.000000E-30  1.000000E-30  1.000000E-30  1.030468E-30  1.053867E-30  1.026017E-30  1.017757E-30  1.004526E-30
     83  2.242014752368E-03  1.000000E-30  1.000000E-30  1.000000E-30  1.031275E-30  1.055315E-30  1.026755E-30  1.018241E-30  1.004652E-30
     84  2.301524943777E-03  1.000000E-30  1.000000E-30  1.000000E-30  1.032086E-30  1.056772E-30  1.027499E-30  1.018728E-30  1.004779E-30
     85  2.361385511936E-03  1.000000E-30  1.000000E-30  1.000000E-30  1.032900E-30  1.058236E-30  1.028250E-30  1.019218E-30  1.004906E-30
     86  2.421595924701E-03  1.000000E-30  1.000000E-30  1.000000E-30  1.033719E-30  1.059709E-30  1.029006E-30  1.019712E-30  1.005035E-30
     87  2.482155674804E-03  1.000000E-30  1.000000E-30  1.000000E-30  1.034541E-30  1.061189E-30  1.029769E-30  1.020208E-30  1.005164E-30
     88  2.543064279071E-03  1.000000E-30  1.000000E-30  1.000000E-30  1.035367E-30  1.062677E-30  1.030538E-30  1.020707E-30  1.005295E-30
     89  2.604321277494E-03  1.000000E-30  1.000000E-30  1.000000E-30  1.036196E-30  1.064174E-30  1.031313E-30  1.021209E-30  1.005426E-30
     90  2.665926232237E-03  1.000000E-30  1.000000E-30  1.000000E-30  1.037029E-30  1.065678E-30  1.032094E-30  1.021714E-30  1.005558E-30
     91  2.727878734382E-03  1.000000E-30  1.000000E-30  1.000000E-30  1.037866E-30  1.067189E-30  1.032882E-30  1.022222E-30  1.005692E-30
     92  2.790178404165E-03  1.000000E-30  1.000000E-30  1.000000E-30  1.038706E-30  1.068709E-30  1.033676E-30  1.022734E-30  1.005826E-30
     93  2.852824875480E-03  1.000000E-30  1.000000E-30  1.000000E-30  1.039550E-30  1.070237E-30  1.034476E-30  1.023248E-30  1.005961E-30
     94  2.915817796872E-03  1.000000E-30  1.000000E-30  1.000000E-30  1.040398E-30  1.071772E-30  1.035283E-30  1.023765E-30  1.006097E-30
     95  2.979156831833E-03  1.000000E-30  1.000000E-30  1.000000E-30  1.041249E-30  1.073315E-30  1.036096E-30  1.024285E-30  1.006234E-30
