 *                                      
 * hydrostatic:  btemp=  1.000E+04 bden=  1.000E+02
 *          time                p24           p25           p26           p27           p28           p29           p30           p31  
      1  0.000000000000E+00  1.000000E-30  1.000000E-30  1.000000E-30  1.000000E-30  1.000000E-30  1.000000E-30  1.000000E-30  1.000000E-30
      2  1.000000000000E-16  1.000000E-30  1.000000E-30  1.000000E-30  1.000000E-30  1.000000E-30  1.000000E-30  1.000000E-30  1.000000E-30
      3  1.100000000000E-15  1.000000E-30  1.000000E-30  1.000000E-30  1.000000E-30  1.000000E-30  1.000000E-30  1.000000E-30  1.000000E-30
      4  1.110000000000E-14  1.000000E-30  1.000000E-30  1.000000E-30  1.000000E-30  1.000000E-30  1.000000E-30  1.000000E-30  1.000000E-30
      5  1.111000000000E-13  1.000000E-30  1.000000E-30  1.000000E-30  1.000000E-30  1.000000E-30  1.000000E-30  1.000000E-30  1.000000E-30
      6  1.111100000000E-12  1.000000E-30  1.000000E-30  1.000000E-30  1.000000E-30  1.000000E-30  1.000000E-30  1.000000E-30  1.000000E-30
      7  1.111110000000E-11  1.000000E-30  1.000000E-30  1.000000E-30  1.000000E-30  1.000000E-30  1.000000E-30  1.000000E-30  1.000000E-30
      8  1.111111000000E-10  1.000000E-30  1.000000E-30  1.000000E-30  1.000000E-30  1.000000E-30  1.000000E-30  1.000000E-30  1.000000E-30
      9  1.111111100000E-09  1.000000E-30  1.000000E-30  1.000000E-30  1.000000E-30  1.000000E-30  1.000000E-30  1.000000E-30  1.000000E-30
     10  1.111111110000E-08  1.000000E-30  1.000000E-30  1.000000E-30  1.000000E-30  1.000000E-30  1.000000E-30  1.000000E-30  1.000000E-30
     11  4.567476566510E-08  1.000000E-30  1.000000E-30  1.000000E-30  1.000002E-30  1.000000E-30  1.000000E-30  1.000000E-30  1.000000E-30
     12  1.658089127914E-07  1.000000E-30  1.000000E-30  1.000001E-30  1.000007E-30  1.000000E-30  1.000001E-30  1.000000E-30  1.000000E-30
     13  4.445546741016E-07  1.000000E-30  1.000000E-30  1.000002E-30  1.000019E-30  1.000001E-30  1.000002E-30  1.000000E-30  1.000000E-30
     14  1.066239799837E-06  1.000000E-30  1.000000E-30  1.000005E-30  1.000045E-30  1.000003E-30  1.000004E-30  1.000000E-30  1.000000E-30
     15  2.222704079044E-06  1.000000E-30  1.000000E-30  1.000010E-30  1.000093E-30  1.000007E-30  1.000008E-30  1.000000E-30  1.000001E-30
     16  4.298102471270E-06  1.000000E-30  1.000000E-30  1.000019E-30  1.000181E-30  1.000013E-30  1.000015E-30  1.000000E-30  1.000001E-30
     17  7.691889062333E-06  1.000000E-30  1.000000E-30  1.000033E-30  1.000323E-30  1.000023E-30  1.000027E-30  1.000000E-30  1.000002E-30
     18  1.308909950745E-05  1.000000E-30  1.000000E-30  1.000056E-30  1.000550E-30  1.000039E-30  1.000046E-30  1.000000E-30  1.000004E-30
     19  1.857566740576E-05  1.000000E-30  1.000000E-30  1.000080E-30  1.000781E-30  1.000056E-30  1.000066E-30  1.000000E-30  1.000005E-30
     20  2.437304006798E-05  1.000000E-30  1.000000E-30  1.000105E-30  1.001025E-30  1.000073E-30  1.000086E-30  1.000000E-30  1.000007E-30
     21  3.062636084650E-05  1.000000E-30  1.000000E-30  1.000132E-30  1.001288E-30  1.000092E-30  1.000108E-30  1.000000E-30  1.000008E-30
     22  3.755179443036E-05  1.000000E-30  1.000000E-30  1.000162E-30  1.001579E-30  1.000113E-30  1.000133E-30  1.000000E-30  1.000010E-30
     23  4.608652240190E-05  1.000000E-30  1.000000E-30  1.000198E-30  1.001938E-30  1.000140E-30  1.000163E-30  1.000000E-30  1.000012E-30
     24  5.520402925860E-05  1.000000E-30  1.000000E-30  1.000238E-30  1.002321E-30  1.000168E-30  1.000196E-30  1.000000E-30  1.000015E-30
     25  6.472551468226E-05  1.000000E-30  1.000000E-30  1.000279E-30  1.002722E-30  1.000197E-30  1.000230E-30  1.000000E-30  1.000017E-30
     26  7.459047774494E-05  1.000000E-30  1.000000E-30  1.000321E-30  1.003136E-30  1.000228E-30  1.000265E-30  1.000000E-30  1.000020E-30
     27  8.489118412102E-05  1.000000E-30  1.000000E-30  1.000365E-30  1.003570E-30  1.000261E-30  1.000301E-30  1.000000E-30  1.000023E-30
     28  9.570255892797E-05  1.000000E-30  1.000000E-30  1.000412E-30  1.004024E-30  1.000295E-30  1.000340E-30  1.000000E-30  1.000026E-30
     29  1.070853065563E-04  1.000000E-30  1.000000E-30  1.000461E-30  1.004503E-30  1.000331E-30  1.000380E-30  1.000000E-30  1.000029E-30
     30  1.190882425669E-04  1.000000E-30  1.000000E-30  1.000512E-30  1.005007E-30  1.000370E-30  1.000423E-30  1.000000E-30  1.000032E-30
     31  1.366291075688E-04  1.000000E-30  1.000000E-30  1.000588E-30  1.005745E-30  1.000427E-30  1.000486E-30  1.000000E-30  1.000037E-30
     32  1.695708820900E-04  1.000000E-30  1.000000E-30  1.000729E-30  1.007129E-30  1.000536E-30  1.000603E-30  1.000000E-30  1.000046E-30
     33  1.992873377730E-04  1.000000E-30  1.000000E-30  1.000857E-30  1.008378E-30  1.000636E-30  1.000710E-30  1.000000E-30  1.000054E-30
     34  2.264248739983E-04  1.000000E-30  1.000000E-30  1.000973E-30  1.009519E-30  1.000730E-30  1.000807E-30  1.000000E-30  1.000061E-30
     35  2.515933231106E-04  1.000000E-30  1.000000E-30  1.001081E-30  1.010577E-30  1.000818E-30  1.000897E-30  1.000000E-30  1.000068E-30
     36  2.753099894686E-04  1.000000E-30  1.000000E-30  1.001183E-30  1.011573E-30  1.000902E-30  1.000983E-30  1.000000E-30  1.000074E-30
     37  2.979926919870E-04  1.000000E-30  1.000000E-30  1.001280E-30  1.012527E-30  1.000984E-30  1.001064E-30  1.000000E-30  1.000080E-30
     38  3.199702121451E-04  1.000000E-30  1.000000E-30  1.001374E-30  1.013450E-30  1.001064E-30  1.001144E-30  1.000000E-30  1.000086E-30
     39  3.524429751724E-04  1.000000E-30  1.000000E-30  1.001513E-30  1.014814E-30  1.001184E-30  1.001261E-30  1.000000E-30  1.000095E-30
     40  3.836809895565E-04  1.000000E-30  1.000000E-30  1.001647E-30  1.016127E-30  1.001302E-30  1.001374E-30  1.000000E-30  1.000104E-30
     41  4.138876583201E-04  1.000000E-30  1.000000E-30  1.001776E-30  1.017396E-30  1.001418E-30  1.001484E-30  1.000000E-30  1.000112E-30
     42  4.432651277490E-04  1.000000E-30  1.000000E-30  1.001902E-30  1.018630E-30  1.001533E-30  1.001590E-30  1.000000E-30  1.000120E-30
     43  4.720041568584E-04  1.000000E-30  1.000000E-30  1.002024E-30  1.019837E-30  1.001647E-30  1.001695E-30  1.000000E-30  1.000127E-30
     44  5.002792532552E-04  1.000000E-30  1.000000E-30  1.002145E-30  1.021024E-30  1.001761E-30  1.001798E-30  1.000000E-30  1.000135E-30
     45  5.282472522620E-04  1.000000E-30  1.000000E-30  1.002265E-30  1.022199E-30  1.001875E-30  1.001900E-30  1.000000E-30  1.000143E-30
     46  5.560479783168E-04  1.000000E-30  1.000000E-30  1.002383E-30  1.023366E-30  1.001990E-30  1.002002E-30  1.000000E-30  1.000150E-30
     47  5.838060709037E-04  1.000000E-30  1.000000E-30  1.002502E-30  1.024532E-30  1.002107E-30  1.002103E-30  1.000000E-30  1.000158E-30
     48  6.116334118686E-04  1.000000E-30  1.000000E-30  1.002620E-30  1.025700E-30  1.002226E-30  1.002206E-30  1.000000E-30  1.000165E-30
     49  6.396318340541E-04  1.000000E-30  1.000000E-30  1.002740E-30  1.026876E-30  1.002347E-30  1.002308E-30  1.000000E-30  1.000173E-30
     50  6.678959636874E-04  1.000000E-30  1.000000E-30  1.002860E-30  1.028062E-30  1.002471E-30  1.002413E-30  1.000000E-30  1.000180E-30
     51  6.965161747902E-04  1.000000E-30  1.000000E-30  1.002982E-30  1.029264E-30  1.002599E-30  1.002518E-30  1.000000E-30  1.000188E-30
     52  7.255817382538E-04  1.000000E-30  1.000000E-30  1.003106E-30  1.030484E-30  1.002730E-30  1.002625E-30  1.000000E-30  1.000196E-30
     53  7.551843574001E-04  1.000000E-30  1.000000E-30  1.003232E-30  1.031726E-30  1.002865E-30  1.002735E-30  1.000000E-30  1.000204E-30
     54  7.854224313090E-04  1.000000E-30  1.000000E-30  1.003360E-30  1.032995E-30  1.003006E-30  1.002847E-30  1.000000E-30  1.000212E-30
     55  8.164066374138E-04  1.000000E-30  1.000000E-30  1.003492E-30  1.034295E-30  1.003152E-30  1.002962E-30  1.000000E-30  1.000220E-30
     56  8.482679080764E-04  1.000000E-30  1.000000E-30  1.003627E-30  1.035632E-30  1.003304E-30  1.003081E-30  1.000000E-30  1.000229E-30
     57  8.811699017317E-04  1.000000E-30  1.000000E-30  1.003767E-30  1.037013E-30  1.003463E-30  1.003203E-30  1.000000E-30  1.000238E-30
     58  9.153304977871E-04  1.000000E-30  1.000000E-30  1.003912E-30  1.038446E-30  1.003631E-30  1.003331E-30  1.000000E-30  1.000247E-30
     59  9.510634923056E-04  1.000000E-30  1.000000E-30  1.004064E-30  1.039945E-30  1.003809E-30  1.003465E-30  1.000000E-30  1.000257E-30
     60  9.888739022907E-04  1.000000E-30  1.000000E-30  1.004224E-30  1.041531E-30  1.004001E-30  1.003606E-30  1.000000E-30  1.000267E-30
     61  1.029744313280E-03  1.000000E-30  1.000000E-30  1.004397E-30  1.043245E-30  1.004212E-30  1.003760E-30  1.000000E-30  1.000278E-30
     62  1.076805333108E-03  1.000000E-30  1.000000E-30  1.004596E-30  1.045218E-30  1.004459E-30  1.003937E-30  1.000000E-30  1.000291E-30
     63  1.127478238084E-03  1.000000E-30  1.000000E-30  1.004811E-30  1.047343E-30  1.004730E-30  1.004129E-30  1.000000E-30  1.000305E-30
     64  1.179263354774E-03  1.000000E-30  1.000000E-30  1.005030E-30  1.049514E-30  1.005013E-30  1.004325E-30  1.000000E-30  1.000319E-30
     65  1.231720185468E-03  1.000000E-30  1.000000E-30  1.005251E-30  1.051713E-30  1.005306E-30  1.004525E-30  1.000000E-30  1.000333E-30
     66  1.284679788904E-03  1.000000E-30  1.000000E-30  1.005475E-30  1.053933E-30  1.005607E-30  1.004727E-30  1.000000E-30  1.000347E-30
     67  1.338068714676E-03  1.000000E-30  1.000000E-30  1.005700E-30  1.056170E-30  1.005917E-30  1.004931E-30  1.000000E-30  1.000362E-30
     68  1.391852718980E-03  1.000000E-30  1.000000E-30  1.005926E-30  1.058423E-30  1.006235E-30  1.005137E-30  1.000000E-30  1.000376E-30
     69  1.446014888479E-03  1.000000E-30  1.000000E-30  1.006154E-30  1.060693E-30  1.006562E-30  1.005346E-30  1.000000E-30  1.000391E-30
     70  1.500546342624E-03  1.000000E-30  1.000000E-30  1.006384E-30  1.062977E-30  1.006898E-30  1.005556E-30  1.000000E-30  1.000406E-30
     71  1.555442065896E-03  1.000000E-30  1.000000E-30  1.006614E-30  1.065276E-30  1.007242E-30  1.005769E-30  1.000000E-30  1.000421E-30
     72  1.610698967280E-03  1.000000E-30  1.000000E-30  1.006846E-30  1.067590E-30  1.007594E-30  1.005983E-30  1.000000E-30  1.000436E-30
     73  1.666314948699E-03  1.000000E-30  1.000000E-30  1.007080E-30  1.069918E-30  1.007956E-30  1.006200E-30  1.000000E-30  1.000451E-30
     74  1.722288445659E-03  1.000000E-30  1.000000E-30  1.007314E-30  1.072262E-30  1.008327E-30  1.006418E-30  1.000000E-30  1.000466E-30
     75  1.778618195039E-03  1.000000E-30  1.000000E-30  1.007550E-30  1.074620E-30  1.008707E-30  1.006639E-30  1.000000E-30  1.000481E-30
     76  1.835303663832E-03  1.000000E-30  1.000000E-30  1.007787E-30  1.076992E-30  1.009096E-30  1.006862E-30  1.000000E-30  1.000497E-30
     77  1.892344396716E-03  1.000000E-30  1.000000E-30  1.008026E-30  1.079379E-30  1.009494E-30  1.007087E-30  1.000000E-30  1.000512E-30
     78  1.949739812628E-03  1.000000E-30  1.000000E-30  1.008265E-30  1.081780E-30  1.009902E-30  1.007314E-30  1.000000E-30  1.000528E-30
     79  2.007489276907E-03  1.000000E-30  1.000000E-30  1.008506E-30  1.084196E-30  1.010320E-30  1.007543E-30  1.000000E-30  1.000544E-30
     80  2.065592139419E-03  1.000000E-30  1.000000E-30  1.008748E-30  1.086626E-30  1.010747E-30  1.007775E-30  1.000000E-30  1.000559E-30
     81  2.124047755162E-03  1.000000E-30  1.000000E-30  1.008992E-30  1.089071E-30  1.011184E-30  1.008008E-30  1.000000E-30  1.000575E-30
     82  2.182855495215E-03  1.000000E-30  1.000000E-30  1.009237E-30  1.091530E-30  1.011631E-30  1.008244E-30  1.000000E-30  1.000591E-30
     83  2.242014752368E-03  1.000000E-30  1.000000E-30  1.009482E-30  1.094003E-30  1.012088E-30  1.008482E-30  1.000000E-30  1.000607E-30
     84  2.301524943777E-03  1.000000E-30  1.000000E-30  1.009730E-30  1.096490E-30  1.012556E-30  1.008722E-30  1.000000E-30  1.000624E-30
     85  2.361385511936E-03  1.000000E-30  1.000000E-30  1.009978E-30  1.098992E-30  1.013033E-30  1.008964E-30  1.000000E-30  1.000640E-30
     86  2.421595924701E-03  1.000000E-30  1.000000E-30  1.010227E-30  1.101508E-30  1.013522E-30  1.009208E-30  1.000000E-30  1.000656E-30
     87  2.482155674804E-03  1.000000E-30  1.000000E-30  1.010478E-30  1.104038E-30  1.014020E-30  1.009455E-30  1.000000E-30  1.000673E-30
     88  2.543064279071E-03  1.000000E-30  1.000000E-30  1.010730E-30  1.106582E-30  1.014530E-30  1.009704E-30  1.000000E-30  1.000689E-30
     89  2.604321277494E-03  1.000000E-30  1.000000E-30  1.010983E-30  1.109141E-30  1.015050E-30  1.009955E-30  1.000000E-30  1.000706E-30
     90  2.665926232237E-03  1.000000E-30  1.000000E-30  1.011238E-30  1.111713E-30  1.015582E-30  1.010208E-30  1.000000E-30  1.000723E-30
     91  2.727878734382E-03  1.000000E-30  1.000000E-30  1.011493E-30  1.114300E-30  1.016124E-30  1.010463E-30  1.000000E-30  1.000740E-30
     92  2.790178404165E-03  1.000000E-30  1.000000E-30  1.011750E-30  1.116901E-30  1.016678E-30  1.010721E-30  1.000000E-30  1.000757E-30
     93  2.852824875480E-03  1.000000E-30  1.000000E-30  1.012008E-30  1.119515E-30  1.017243E-30  1.010981E-30  1.000000E-30  1.000774E-30
     94  2.915817796872E-03  1.000000E-30  1.000000E-30  1.012267E-30  1.122144E-30  1.017820E-30  1.011244E-30  1.000000E-30  1.000791E-30
     95  2.979156831833E-03  1.000000E-30  1.000000E-30  1.012527E-30  1.124787E-30  1.018408E-30  1.011508E-30  1.000000E-30  1.000808E-30
