 *                                      
 * hydrostatic:  btemp=  1.000E+04 bden=  1.000E+02
 *          time                dy177         dy178         dy179         dy180         dy181         dy182         dy183         dy184
      1  0.000000000000E+00  1.000000E-30  1.000000E-30  1.000000E-30  1.000000E-30  1.000000E-30  1.000000E-30  1.000000E-30  1.000000E-30
      2  1.000000000000E-16  1.000000E-30  1.000000E-30  1.000000E-30  1.000000E-30  1.000000E-30  1.000000E-30  1.000000E-30  1.000000E-30
      3  1.100000000000E-15  1.000000E-30  1.000000E-30  1.000000E-30  1.000000E-30  1.000000E-30  1.000000E-30  1.000000E-30  1.000000E-30
      4  1.110000000000E-14  1.000000E-30  1.000000E-30  1.000000E-30  1.000000E-30  1.000000E-30  1.000000E-30  1.000000E-30  1.000000E-30
      5  1.111000000000E-13  1.000000E-30  1.000000E-30  1.000000E-30  1.000000E-30  1.000000E-30  1.000000E-30  1.000000E-30  1.000000E-30
      6  1.111100000000E-12  1.000000E-30  1.000000E-30  1.000000E-30  1.000000E-30  1.000000E-30  1.000000E-30  1.000000E-30  1.000000E-30
      7  1.111110000000E-11  1.000000E-30  1.000000E-30  1.000000E-30  1.000000E-30  1.000000E-30  1.000000E-30  1.000000E-30  1.000000E-30
      8  1.111111000000E-10  1.000000E-30  1.000000E-30  1.000000E-30  1.000000E-30  1.000000E-30  1.000000E-30  1.000000E-30  1.000000E-30
      9  1.111111100000E-09  1.000000E-30  1.000000E-30  1.000000E-30  1.000000E-30  1.000000E-30  1.000000E-30  1.000000E-30  1.000000E-30
     10  1.111111110000E-08  1.000000E-30  1.000000E-30  1.000000E-30  1.000000E-30  1.000000E-30  1.000000E-30  1.000000E-30  1.000000E-30
     11  4.567476566510E-08  1.000000E-30  1.000000E-30  1.000000E-30  1.000000E-30  1.000000E-30  1.000001E-30  1.000001E-30  1.000000E-30
     12  1.658089127914E-07  1.000001E-30  1.000001E-30  1.000001E-30  1.000001E-30  1.000002E-30  1.000004E-30  1.000002E-30  1.000002E-30
     13  4.445546741016E-07  1.000002E-30  1.000002E-30  1.000003E-30  1.000004E-30  1.000004E-30  1.000010E-30  1.000006E-30  1.000005E-30
     14  1.066239799837E-06  1.000005E-30  1.000005E-30  1.000007E-30  1.000009E-30  1.000010E-30  1.000024E-30  1.000013E-30  1.000011E-30
     15  2.222704079044E-06  1.000011E-30  1.000011E-30  1.000014E-30  1.000018E-30  1.000021E-30  1.000050E-30  1.000028E-30  1.000023E-30
     16  4.298102471270E-06  1.000022E-30  1.000022E-30  1.000027E-30  1.000035E-30  1.000041E-30  1.000096E-30  1.000054E-30  1.000045E-30
     17  7.691889062333E-06  1.000040E-30  1.000039E-30  1.000049E-30  1.000063E-30  1.000074E-30  1.000171E-30  1.000097E-30  1.000080E-30
     18  1.308909950745E-05  1.000067E-30  1.000067E-30  1.000083E-30  1.000108E-30  1.000125E-30  1.000292E-30  1.000164E-30  1.000136E-30
     19  1.857566740576E-05  1.000096E-30  1.000095E-30  1.000118E-30  1.000153E-30  1.000178E-30  1.000414E-30  1.000233E-30  1.000193E-30
     20  2.437304006798E-05  1.000125E-30  1.000125E-30  1.000155E-30  1.000201E-30  1.000234E-30  1.000543E-30  1.000306E-30  1.000254E-30
     21  3.062636084650E-05  1.000158E-30  1.000157E-30  1.000194E-30  1.000252E-30  1.000294E-30  1.000682E-30  1.000385E-30  1.000319E-30
     22  3.755179443036E-05  1.000193E-30  1.000192E-30  1.000238E-30  1.000309E-30  1.000360E-30  1.000836E-30  1.000471E-30  1.000391E-30
     23  4.608652240190E-05  1.000237E-30  1.000236E-30  1.000292E-30  1.000379E-30  1.000442E-30  1.001026E-30  1.000579E-30  1.000480E-30
     24  5.520402925860E-05  1.000284E-30  1.000283E-30  1.000350E-30  1.000454E-30  1.000529E-30  1.001229E-30  1.000693E-30  1.000575E-30
     25  6.472551468226E-05  1.000333E-30  1.000332E-30  1.000411E-30  1.000533E-30  1.000621E-30  1.001441E-30  1.000813E-30  1.000674E-30
     26  7.459047774494E-05  1.000384E-30  1.000382E-30  1.000473E-30  1.000614E-30  1.000715E-30  1.001661E-30  1.000937E-30  1.000777E-30
     27  8.489118412102E-05  1.000437E-30  1.000435E-30  1.000538E-30  1.000699E-30  1.000814E-30  1.001890E-30  1.001066E-30  1.000884E-30
     28  9.570255892797E-05  1.000492E-30  1.000490E-30  1.000607E-30  1.000788E-30  1.000918E-30  1.002131E-30  1.001202E-30  1.000997E-30
     29  1.070853065563E-04  1.000551E-30  1.000549E-30  1.000679E-30  1.000881E-30  1.001027E-30  1.002385E-30  1.001345E-30  1.001115E-30
     30  1.190882425669E-04  1.000613E-30  1.000610E-30  1.000755E-30  1.000980E-30  1.001142E-30  1.002652E-30  1.001495E-30  1.001240E-30
     31  1.366291075688E-04  1.000703E-30  1.000700E-30  1.000867E-30  1.001124E-30  1.001311E-30  1.003042E-30  1.001716E-30  1.001423E-30
     32  1.695708820900E-04  1.000872E-30  1.000869E-30  1.001075E-30  1.001395E-30  1.001627E-30  1.003776E-30  1.002129E-30  1.001766E-30
     33  1.992873377730E-04  1.001025E-30  1.001021E-30  1.001264E-30  1.001640E-30  1.001913E-30  1.004437E-30  1.002502E-30  1.002075E-30
     34  2.264248739983E-04  1.001165E-30  1.001160E-30  1.001436E-30  1.001863E-30  1.002173E-30  1.005041E-30  1.002843E-30  1.002358E-30
     35  2.515933231106E-04  1.001294E-30  1.001289E-30  1.001596E-30  1.002070E-30  1.002415E-30  1.005601E-30  1.003159E-30  1.002620E-30
     36  2.753099894686E-04  1.001416E-30  1.001411E-30  1.001746E-30  1.002265E-30  1.002643E-30  1.006129E-30  1.003457E-30  1.002867E-30
     37  2.979926919870E-04  1.001533E-30  1.001527E-30  1.001890E-30  1.002452E-30  1.002861E-30  1.006634E-30  1.003742E-30  1.003103E-30
     38  3.199702121451E-04  1.001646E-30  1.001639E-30  1.002029E-30  1.002633E-30  1.003073E-30  1.007123E-30  1.004018E-30  1.003332E-30
     39  3.524429751724E-04  1.001813E-30  1.001806E-30  1.002235E-30  1.002900E-30  1.003385E-30  1.007845E-30  1.004426E-30  1.003670E-30
     40  3.836809895565E-04  1.001973E-30  1.001966E-30  1.002433E-30  1.003157E-30  1.003686E-30  1.008540E-30  1.004818E-30  1.003996E-30
     41  4.138876583201E-04  1.002129E-30  1.002120E-30  1.002625E-30  1.003406E-30  1.003977E-30  1.009212E-30  1.005197E-30  1.004310E-30
     42  4.432651277490E-04  1.002280E-30  1.002271E-30  1.002811E-30  1.003647E-30  1.004260E-30  1.009866E-30  1.005566E-30  1.004616E-30
     43  4.720041568584E-04  1.002427E-30  1.002418E-30  1.002993E-30  1.003884E-30  1.004537E-30  1.010505E-30  1.005927E-30  1.004915E-30
     44  5.002792532552E-04  1.002573E-30  1.002563E-30  1.003172E-30  1.004116E-30  1.004809E-30  1.011134E-30  1.006282E-30  1.005210E-30
     45  5.282472522620E-04  1.002717E-30  1.002706E-30  1.003350E-30  1.004346E-30  1.005079E-30  1.011755E-30  1.006634E-30  1.005501E-30
     46  5.560479783168E-04  1.002860E-30  1.002848E-30  1.003526E-30  1.004575E-30  1.005347E-30  1.012374E-30  1.006983E-30  1.005791E-30
     47  5.838060709037E-04  1.003002E-30  1.002991E-30  1.003702E-30  1.004803E-30  1.005615E-30  1.012991E-30  1.007331E-30  1.006080E-30
     48  6.116334118686E-04  1.003145E-30  1.003133E-30  1.003878E-30  1.005032E-30  1.005883E-30  1.013609E-30  1.007681E-30  1.006370E-30
     49  6.396318340541E-04  1.003289E-30  1.003276E-30  1.004056E-30  1.005262E-30  1.006154E-30  1.014232E-30  1.008033E-30  1.006661E-30
     50  6.678959636874E-04  1.003435E-30  1.003421E-30  1.004235E-30  1.005495E-30  1.006426E-30  1.014860E-30  1.008388E-30  1.006956E-30
     51  6.965161747902E-04  1.003582E-30  1.003568E-30  1.004416E-30  1.005730E-30  1.006703E-30  1.015496E-30  1.008747E-30  1.007254E-30
     52  7.255817382538E-04  1.003731E-30  1.003717E-30  1.004601E-30  1.005969E-30  1.006984E-30  1.016142E-30  1.009112E-30  1.007556E-30
     53  7.551843574001E-04  1.003883E-30  1.003868E-30  1.004788E-30  1.006212E-30  1.007270E-30  1.016800E-30  1.009484E-30  1.007865E-30
     54  7.854224313090E-04  1.004039E-30  1.004023E-30  1.004980E-30  1.006461E-30  1.007562E-30  1.017472E-30  1.009864E-30  1.008180E-30
     55  8.164066374138E-04  1.004198E-30  1.004182E-30  1.005176E-30  1.006716E-30  1.007862E-30  1.018160E-30  1.010253E-30  1.008502E-30
     56  8.482679080764E-04  1.004362E-30  1.004345E-30  1.005378E-30  1.006978E-30  1.008170E-30  1.018868E-30  1.010653E-30  1.008834E-30
     57  8.811699017317E-04  1.004531E-30  1.004513E-30  1.005587E-30  1.007248E-30  1.008489E-30  1.019599E-30  1.011067E-30  1.009177E-30
     58  9.153304977871E-04  1.004706E-30  1.004688E-30  1.005803E-30  1.007529E-30  1.008820E-30  1.020358E-30  1.011496E-30  1.009533E-30
     59  9.510634923056E-04  1.004890E-30  1.004871E-30  1.006029E-30  1.007823E-30  1.009166E-30  1.021151E-30  1.011945E-30  1.009905E-30
     60  9.888739022907E-04  1.005084E-30  1.005065E-30  1.006269E-30  1.008134E-30  1.009532E-30  1.021991E-30  1.012420E-30  1.010299E-30
     61  1.029744313280E-03  1.005294E-30  1.005274E-30  1.006528E-30  1.008470E-30  1.009928E-30  1.022898E-30  1.012933E-30  1.010725E-30
     62  1.076805333108E-03  1.005536E-30  1.005515E-30  1.006826E-30  1.008856E-30  1.010385E-30  1.023943E-30  1.013525E-30  1.011215E-30
     63  1.127478238084E-03  1.005797E-30  1.005774E-30  1.007147E-30  1.009273E-30  1.010877E-30  1.025068E-30  1.014161E-30  1.011743E-30
     64  1.179263354774E-03  1.006063E-30  1.006039E-30  1.007475E-30  1.009699E-30  1.011380E-30  1.026217E-30  1.014812E-30  1.012282E-30
     65  1.231720185468E-03  1.006332E-30  1.006307E-30  1.007808E-30  1.010130E-30  1.011889E-30  1.027381E-30  1.015471E-30  1.012829E-30
     66  1.284679788904E-03  1.006604E-30  1.006578E-30  1.008143E-30  1.010565E-30  1.012404E-30  1.028556E-30  1.016137E-30  1.013381E-30
     67  1.338068714676E-03  1.006879E-30  1.006852E-30  1.008481E-30  1.011004E-30  1.012924E-30  1.029741E-30  1.016808E-30  1.013937E-30
     68  1.391852718980E-03  1.007155E-30  1.007127E-30  1.008822E-30  1.011446E-30  1.013447E-30  1.030933E-30  1.017484E-30  1.014498E-30
     69  1.446014888479E-03  1.007433E-30  1.007404E-30  1.009165E-30  1.011891E-30  1.013975E-30  1.032135E-30  1.018164E-30  1.015062E-30
     70  1.500546342624E-03  1.007713E-30  1.007683E-30  1.009511E-30  1.012339E-30  1.014506E-30  1.033344E-30  1.018850E-30  1.015630E-30
     71  1.555442065896E-03  1.007995E-30  1.007964E-30  1.009858E-30  1.012790E-30  1.015042E-30  1.034561E-30  1.019540E-30  1.016202E-30
     72  1.610698967280E-03  1.008279E-30  1.008246E-30  1.010208E-30  1.013244E-30  1.015581E-30  1.035785E-30  1.020234E-30  1.016778E-30
     73  1.666314948699E-03  1.008564E-30  1.008531E-30  1.010560E-30  1.013701E-30  1.016124E-30  1.037018E-30  1.020933E-30  1.017358E-30
     74  1.722288445659E-03  1.008852E-30  1.008817E-30  1.010915E-30  1.014160E-30  1.016671E-30  1.038258E-30  1.021637E-30  1.017941E-30
     75  1.778618195039E-03  1.009141E-30  1.009105E-30  1.011271E-30  1.014623E-30  1.017222E-30  1.039506E-30  1.022345E-30  1.018529E-30
     76  1.835303663832E-03  1.009432E-30  1.009395E-30  1.011630E-30  1.015089E-30  1.017777E-30  1.040762E-30  1.023058E-30  1.019120E-30
     77  1.892344396716E-03  1.009725E-30  1.009687E-30  1.011992E-30  1.015557E-30  1.018335E-30  1.042025E-30  1.023775E-30  1.019714E-30
     78  1.949739812628E-03  1.010020E-30  1.009980E-30  1.012355E-30  1.016029E-30  1.018898E-30  1.043296E-30  1.024496E-30  1.020313E-30
     79  2.007489276907E-03  1.010316E-30  1.010276E-30  1.012721E-30  1.016503E-30  1.019464E-30  1.044574E-30  1.025222E-30  1.020915E-30
     80  2.065592139419E-03  1.010614E-30  1.010573E-30  1.013088E-30  1.016980E-30  1.020034E-30  1.045860E-30  1.025953E-30  1.021521E-30
     81  2.124047755162E-03  1.010914E-30  1.010871E-30  1.013458E-30  1.017461E-30  1.020608E-30  1.047154E-30  1.026688E-30  1.022130E-30
     82  2.182855495215E-03  1.011216E-30  1.011172E-30  1.013831E-30  1.017944E-30  1.021186E-30  1.048455E-30  1.027428E-30  1.022743E-30
     83  2.242014752368E-03  1.011520E-30  1.011475E-30  1.014205E-30  1.018429E-30  1.021767E-30  1.049764E-30  1.028172E-30  1.023360E-30
     84  2.301524943777E-03  1.011825E-30  1.011779E-30  1.014582E-30  1.018918E-30  1.022353E-30  1.051080E-30  1.028920E-30  1.023981E-30
     85  2.361385511936E-03  1.012133E-30  1.012085E-30  1.014961E-30  1.019410E-30  1.022942E-30  1.052404E-30  1.029673E-30  1.024606E-30
     86  2.421595924701E-03  1.012441E-30  1.012392E-30  1.015342E-30  1.019904E-30  1.023535E-30  1.053735E-30  1.030430E-30  1.025234E-30
     87  2.482155674804E-03  1.012752E-30  1.012702E-30  1.015725E-30  1.020401E-30  1.024132E-30  1.055074E-30  1.031192E-30  1.025866E-30
     88  2.543064279071E-03  1.013065E-30  1.013013E-30  1.016111E-30  1.020902E-30  1.024733E-30  1.056420E-30  1.031958E-30  1.026501E-30
     89  2.604321277494E-03  1.013379E-30  1.013326E-30  1.016498E-30  1.021405E-30  1.025338E-30  1.057774E-30  1.032729E-30  1.027140E-30
     90  2.665926232237E-03  1.013695E-30  1.013641E-30  1.016888E-30  1.021910E-30  1.025947E-30  1.059135E-30  1.033504E-30  1.027783E-30
     91  2.727878734382E-03  1.014013E-30  1.013957E-30  1.017280E-30  1.022419E-30  1.026559E-30  1.060504E-30  1.034283E-30  1.028430E-30
     92  2.790178404165E-03  1.014332E-30  1.014276E-30  1.017674E-30  1.022931E-30  1.027176E-30  1.061880E-30  1.035067E-30  1.029080E-30
     93  2.852824875480E-03  1.014654E-30  1.014596E-30  1.018071E-30  1.023445E-30  1.027796E-30  1.063263E-30  1.035855E-30  1.029734E-30
     94  2.915817796872E-03  1.014977E-30  1.014918E-30  1.018469E-30  1.023962E-30  1.028420E-30  1.064654E-30  1.036648E-30  1.030392E-30
     95  2.979156831833E-03  1.015302E-30  1.015241E-30  1.018870E-30  1.024482E-30  1.029048E-30  1.066052E-30  1.037445E-30  1.031053E-30
