 *                                      
 * hydrostatic:  btemp=  1.000E+04 bden=  1.000E+02
 *          time                po232         po233         po234         po235         po236         po237         at211         neut 
      1  0.000000000000E+00  1.000000E-30  1.000000E-30  1.000000E-30  1.000000E-30  1.000000E-30  1.000000E-30  1.000000E-30  4.999848E-07
      2  1.000000000000E-16  1.000000E-30  1.000000E-30  1.000000E-30  1.000000E-30  1.000000E-30  1.000000E-30  1.000000E-30  4.999848E-07
      3  1.100000000000E-15  1.000000E-30  1.000000E-30  1.000000E-30  1.000000E-30  1.000000E-30  1.000000E-30  1.000000E-30  4.999848E-07
      4  1.110000000000E-14  1.000000E-30  1.000000E-30  1.000000E-30  1.000000E-30  1.000000E-30  1.000000E-30  1.000000E-30  4.999848E-07
      5  1.111000000000E-13  1.000000E-30  1.000000E-30  1.000000E-30  1.000000E-30  1.000000E-30  1.000000E-30  1.000000E-30  4.999848E-07
      6  1.111100000000E-12  1.000000E-30  1.000000E-30  1.000000E-30  1.000000E-30  1.000000E-30  1.000000E-30  1.000000E-30  4.999848E-07
      7  1.111110000000E-11  1.000000E-30  1.000000E-30  1.000000E-30  1.000000E-30  1.000000E-30  1.000000E-30  1.000000E-30  4.999848E-07
      8  1.111111000000E-10  1.000000E-30  1.000000E-30  1.000000E-30  1.000000E-30  1.000000E-30  1.000000E-30  1.000000E-30  4.999848E-07
      9  1.111111100000E-09  1.000000E-30  1.000000E-30  1.000000E-30  1.000000E-30  1.000000E-30  1.000000E-30  1.000000E-30  4.999848E-07
     10  1.111111110000E-08  1.000000E-30  1.000000E-30  1.000000E-30  1.000000E-30  1.000000E-30  1.000000E-30  1.000000E-30  4.999848E-07
     11  4.567476566510E-08  1.000000E-30  1.000000E-30  1.000000E-30  1.000000E-30  1.000000E-30  1.000000E-30  1.000000E-30  4.999848E-07
     12  1.658089127914E-07  1.000001E-30  1.000001E-30  1.000001E-30  1.000001E-30  1.000002E-30  1.000002E-30  1.000000E-30  4.999848E-07
     13  4.445546741016E-07  1.000002E-30  1.000002E-30  1.000002E-30  1.000003E-30  1.000005E-30  1.000004E-30  1.000000E-30  4.999848E-07
     14  1.066239799837E-06  1.000005E-30  1.000005E-30  1.000005E-30  1.000007E-30  1.000011E-30  1.000011E-30  1.000000E-30  4.999848E-07
     15  2.222704079044E-06  1.000011E-30  1.000010E-30  1.000010E-30  1.000015E-30  1.000023E-30  1.000022E-30  1.000000E-30  4.999848E-07
     16  4.298102471270E-06  1.000021E-30  1.000019E-30  1.000020E-30  1.000028E-30  1.000044E-30  1.000043E-30  1.000000E-30  4.999848E-07
     17  7.691889062333E-06  1.000037E-30  1.000034E-30  1.000036E-30  1.000051E-30  1.000079E-30  1.000077E-30  1.000000E-30  4.999848E-07
     18  1.308909950745E-05  1.000063E-30  1.000058E-30  1.000061E-30  1.000086E-30  1.000135E-30  1.000131E-30  1.000000E-30  4.999848E-07
     19  1.857566740576E-05  1.000089E-30  1.000082E-30  1.000086E-30  1.000122E-30  1.000191E-30  1.000186E-30  1.000000E-30  4.999848E-07
     20  2.437304006798E-05  1.000116E-30  1.000107E-30  1.000113E-30  1.000160E-30  1.000251E-30  1.000244E-30  1.000000E-30  4.999848E-07
     21  3.062636084650E-05  1.000146E-30  1.000135E-30  1.000142E-30  1.000201E-30  1.000316E-30  1.000306E-30  1.000000E-30  4.999848E-07
     22  3.755179443036E-05  1.000179E-30  1.000165E-30  1.000175E-30  1.000247E-30  1.000387E-30  1.000375E-30  1.000000E-30  4.999848E-07
     23  4.608652240190E-05  1.000220E-30  1.000203E-30  1.000214E-30  1.000303E-30  1.000475E-30  1.000461E-30  1.000000E-30  4.999848E-07
     24  5.520402925860E-05  1.000264E-30  1.000243E-30  1.000257E-30  1.000363E-30  1.000569E-30  1.000552E-30  1.000000E-30  4.999848E-07
     25  6.472551468226E-05  1.000309E-30  1.000285E-30  1.000301E-30  1.000425E-30  1.000667E-30  1.000647E-30  1.000000E-30  4.999848E-07
     26  7.459047774494E-05  1.000356E-30  1.000328E-30  1.000347E-30  1.000490E-30  1.000769E-30  1.000746E-30  1.000000E-30  4.999848E-07
     27  8.489118412102E-05  1.000406E-30  1.000374E-30  1.000395E-30  1.000558E-30  1.000875E-30  1.000849E-30  1.000000E-30  4.999848E-07
     28  9.570255892797E-05  1.000457E-30  1.000421E-30  1.000445E-30  1.000629E-30  1.000986E-30  1.000957E-30  1.000000E-30  4.999848E-07
     29  1.070853065563E-04  1.000512E-30  1.000472E-30  1.000498E-30  1.000704E-30  1.001104E-30  1.001071E-30  1.000000E-30  4.999848E-07
     30  1.190882425669E-04  1.000569E-30  1.000524E-30  1.000554E-30  1.000782E-30  1.001228E-30  1.001191E-30  1.000000E-30  4.999848E-07
     31  1.366291075688E-04  1.000653E-30  1.000602E-30  1.000636E-30  1.000898E-30  1.001409E-30  1.001367E-30  1.000000E-30  4.999848E-07
     32  1.695708820900E-04  1.000810E-30  1.000747E-30  1.000789E-30  1.001114E-30  1.001748E-30  1.001697E-30  1.000000E-30  4.999848E-07
     33  1.992873377730E-04  1.000953E-30  1.000878E-30  1.000927E-30  1.001310E-30  1.002055E-30  1.001994E-30  1.000000E-30  4.999848E-07
     34  2.264248739983E-04  1.001082E-30  1.000997E-30  1.001054E-30  1.001489E-30  1.002335E-30  1.002266E-30  1.000000E-30  4.999848E-07
     35  2.515933231106E-04  1.001203E-30  1.001108E-30  1.001171E-30  1.001654E-30  1.002595E-30  1.002518E-30  1.000000E-30  4.999848E-07
     36  2.753099894686E-04  1.001316E-30  1.001213E-30  1.001282E-30  1.001810E-30  1.002839E-30  1.002756E-30  1.000000E-30  4.999848E-07
     37  2.979926919870E-04  1.001424E-30  1.001313E-30  1.001387E-30  1.001960E-30  1.003074E-30  1.002983E-30  1.000000E-30  4.999848E-07
     38  3.199702121451E-04  1.001530E-30  1.001410E-30  1.001490E-30  1.002104E-30  1.003301E-30  1.003204E-30  1.000000E-30  4.999848E-07
     39  3.524429751724E-04  1.001685E-30  1.001553E-30  1.001641E-30  1.002318E-30  1.003636E-30  1.003530E-30  1.000000E-30  4.999848E-07
     40  3.836809895565E-04  1.001834E-30  1.001690E-30  1.001787E-30  1.002524E-30  1.003959E-30  1.003843E-30  1.000000E-30  4.999848E-07
     41  4.138876583201E-04  1.001979E-30  1.001824E-30  1.001928E-30  1.002723E-30  1.004271E-30  1.004146E-30  1.000000E-30  4.999848E-07
     42  4.432651277490E-04  1.002119E-30  1.001953E-30  1.002065E-30  1.002917E-30  1.004574E-30  1.004441E-30  1.000000E-30  4.999848E-07
     43  4.720041568584E-04  1.002257E-30  1.002080E-30  1.002199E-30  1.003107E-30  1.004871E-30  1.004730E-30  1.000000E-30  4.999848E-07
     44  5.002792532552E-04  1.002392E-30  1.002205E-30  1.002331E-30  1.003293E-30  1.005163E-30  1.005014E-30  1.000000E-30  4.999848E-07
     45  5.282472522620E-04  1.002526E-30  1.002328E-30  1.002461E-30  1.003478E-30  1.005453E-30  1.005295E-30  1.000000E-30  4.999848E-07
     46  5.560479783168E-04  1.002659E-30  1.002451E-30  1.002591E-30  1.003661E-30  1.005740E-30  1.005575E-30  1.000000E-30  4.999848E-07
     47  5.838060709037E-04  1.002792E-30  1.002573E-30  1.002720E-30  1.003845E-30  1.006027E-30  1.005854E-30  1.000000E-30  4.999848E-07
     48  6.116334118686E-04  1.002925E-30  1.002696E-30  1.002850E-30  1.004028E-30  1.006315E-30  1.006134E-30  1.000000E-30  4.999848E-07
     49  6.396318340541E-04  1.003059E-30  1.002819E-30  1.002981E-30  1.004213E-30  1.006605E-30  1.006415E-30  1.000000E-30  4.999848E-07
     50  6.678959636874E-04  1.003194E-30  1.002944E-30  1.003113E-30  1.004400E-30  1.006897E-30  1.006700E-30  1.000000E-30  4.999848E-07
     51  6.965161747902E-04  1.003331E-30  1.003070E-30  1.003247E-30  1.004589E-30  1.007193E-30  1.006988E-30  1.000000E-30  4.999848E-07
     52  7.255817382538E-04  1.003470E-30  1.003199E-30  1.003383E-30  1.004782E-30  1.007494E-30  1.007281E-30  1.000000E-30  4.999848E-07
     53  7.551843574001E-04  1.003612E-30  1.003329E-30  1.003521E-30  1.004977E-30  1.007801E-30  1.007579E-30  1.000000E-30  4.999848E-07
     54  7.854224313090E-04  1.003757E-30  1.003463E-30  1.003662E-30  1.005177E-30  1.008114E-30  1.007884E-30  1.000000E-30  4.999848E-07
     55  8.164066374138E-04  1.003905E-30  1.003600E-30  1.003807E-30  1.005382E-30  1.008435E-30  1.008196E-30  1.000000E-30  4.999848E-07
     56  8.482679080764E-04  1.004058E-30  1.003740E-30  1.003956E-30  1.005593E-30  1.008765E-30  1.008517E-30  1.000000E-30  4.999848E-07
     57  8.811699017317E-04  1.004215E-30  1.003886E-30  1.004110E-30  1.005811E-30  1.009106E-30  1.008849E-30  1.000000E-30  4.999848E-07
     58  9.153304977871E-04  1.004379E-30  1.004037E-30  1.004270E-30  1.006038E-30  1.009460E-30  1.009194E-30  1.000000E-30  4.999848E-07
     59  9.510634923056E-04  1.004550E-30  1.004194E-30  1.004437E-30  1.006274E-30  1.009830E-30  1.009554E-30  1.000000E-30  4.999848E-07
     60  9.888739022907E-04  1.004731E-30  1.004361E-30  1.004614E-30  1.006525E-30  1.010223E-30  1.009936E-30  1.000000E-30  4.999848E-07
     61  1.029744313280E-03  1.004927E-30  1.004542E-30  1.004806E-30  1.006796E-30  1.010646E-30  1.010349E-30  1.000000E-30  4.999848E-07
     62  1.076805333108E-03  1.005153E-30  1.004750E-30  1.005026E-30  1.007108E-30  1.011135E-30  1.010825E-30  1.000000E-30  4.999848E-07
     63  1.127478238084E-03  1.005396E-30  1.004974E-30  1.005264E-30  1.007445E-30  1.011661E-30  1.011337E-30  1.000000E-30  4.999848E-07
     64  1.179263354774E-03  1.005644E-30  1.005203E-30  1.005506E-30  1.007788E-30  1.012198E-30  1.011861E-30  1.000000E-30  4.999848E-07
     65  1.231720185468E-03  1.005895E-30  1.005435E-30  1.005752E-30  1.008137E-30  1.012743E-30  1.012392E-30  1.000000E-30  4.999848E-07
     66  1.284679788904E-03  1.006149E-30  1.005669E-30  1.006001E-30  1.008489E-30  1.013293E-30  1.012928E-30  1.000000E-30  4.999848E-07
     67  1.338068714676E-03  1.006405E-30  1.005905E-30  1.006251E-30  1.008844E-30  1.013848E-30  1.013469E-30  1.000000E-30  4.999848E-07
     68  1.391852718980E-03  1.006663E-30  1.006143E-30  1.006504E-30  1.009202E-30  1.014407E-30  1.014015E-30  1.000000E-30  4.999848E-07
     69  1.446014888479E-03  1.006923E-30  1.006383E-30  1.006758E-30  1.009563E-30  1.014970E-30  1.014564E-30  1.000000E-30  4.999848E-07
     70  1.500546342624E-03  1.007185E-30  1.006624E-30  1.007014E-30  1.009926E-30  1.015538E-30  1.015118E-30  1.000000E-30  4.999848E-07
     71  1.555442065896E-03  1.007448E-30  1.006867E-30  1.007272E-30  1.010292E-30  1.016109E-30  1.015675E-30  1.000000E-30  4.999848E-07
     72  1.610698967280E-03  1.007713E-30  1.007112E-30  1.007532E-30  1.010660E-30  1.016684E-30  1.016237E-30  1.000000E-30  4.999848E-07
     73  1.666314948699E-03  1.007980E-30  1.007358E-30  1.007794E-30  1.011031E-30  1.017263E-30  1.016802E-30  1.000000E-30  4.999848E-07
     74  1.722288445659E-03  1.008249E-30  1.007606E-30  1.008057E-30  1.011405E-30  1.017847E-30  1.017372E-30  1.000000E-30  4.999848E-07
     75  1.778618195039E-03  1.008519E-30  1.007856E-30  1.008322E-30  1.011781E-30  1.018434E-30  1.017945E-30  1.000000E-30  4.999848E-07
     76  1.835303663832E-03  1.008791E-30  1.008107E-30  1.008589E-30  1.012160E-30  1.019025E-30  1.018523E-30  1.000000E-30  4.999848E-07
     77  1.892344396716E-03  1.009065E-30  1.008360E-30  1.008858E-30  1.012541E-30  1.019620E-30  1.019104E-30  1.000000E-30  4.999848E-07
     78  1.949739812628E-03  1.009341E-30  1.008614E-30  1.009128E-30  1.012925E-30  1.020218E-30  1.019689E-30  1.000000E-30  4.999848E-07
     79  2.007489276907E-03  1.009619E-30  1.008870E-30  1.009400E-30  1.013312E-30  1.020821E-30  1.020279E-30  1.000000E-30  4.999848E-07
     80  2.065592139419E-03  1.009898E-30  1.009128E-30  1.009674E-30  1.013701E-30  1.021428E-30  1.020872E-30  1.000000E-30  4.999848E-07
     81  2.124047755162E-03  1.010179E-30  1.009387E-30  1.009950E-30  1.014093E-30  1.022038E-30  1.021469E-30  1.000000E-30  4.999848E-07
     82  2.182855495215E-03  1.010461E-30  1.009648E-30  1.010228E-30  1.014487E-30  1.022653E-30  1.022070E-30  1.000000E-30  4.999848E-07
     83  2.242014752368E-03  1.010746E-30  1.009911E-30  1.010507E-30  1.014884E-30  1.023271E-30  1.022675E-30  1.000000E-30  4.999848E-07
     84  2.301524943777E-03  1.011032E-30  1.010175E-30  1.010788E-30  1.015283E-30  1.023894E-30  1.023284E-30  1.000000E-30  4.999848E-07
     85  2.361385511936E-03  1.011320E-30  1.010441E-30  1.011071E-30  1.015686E-30  1.024520E-30  1.023898E-30  1.000000E-30  4.999848E-07
     86  2.421595924701E-03  1.011609E-30  1.010708E-30  1.011356E-30  1.016090E-30  1.025150E-30  1.024515E-30  1.000000E-30  4.999848E-07
     87  2.482155674804E-03  1.011900E-30  1.010977E-30  1.011642E-30  1.016497E-30  1.025784E-30  1.025136E-30  1.000000E-30  4.999848E-07
     88  2.543064279071E-03  1.012194E-30  1.011248E-30  1.011930E-30  1.016907E-30  1.026422E-30  1.025761E-30  1.000000E-30  4.999848E-07
     89  2.604321277494E-03  1.012488E-30  1.011520E-30  1.012220E-30  1.017320E-30  1.027064E-30  1.026389E-30  1.000000E-30  4.999848E-07
     90  2.665926232237E-03  1.012785E-30  1.011794E-30  1.012512E-30  1.017735E-30  1.027710E-30  1.027022E-30  1.000000E-30  4.999848E-07
     91  2.727878734382E-03  1.013083E-30  1.012069E-30  1.012805E-30  1.018152E-30  1.028359E-30  1.027659E-30  1.000000E-30  4.999848E-07
     92  2.790178404165E-03  1.013383E-30  1.012346E-30  1.013101E-30  1.018572E-30  1.029013E-30  1.028300E-30  1.000000E-30  4.999848E-07
     93  2.852824875480E-03  1.013685E-30  1.012625E-30  1.013398E-30  1.018995E-30  1.029670E-30  1.028945E-30  1.000000E-30  4.999848E-07
     94  2.915817796872E-03  1.013988E-30  1.012905E-30  1.013696E-30  1.019420E-30  1.030332E-30  1.029594E-30  1.000000E-30  4.999848E-07
