 *                                      
 * hydrostatic:  btemp=  1.000E+04 bden=  1.000E+02
 *          time                pb238         pb239         pb240         pb241         pb242         pb243         pb244         pb245
      1  0.000000000000E+00  1.000000E-30  1.000000E-30  1.000000E-30  1.000000E-30  1.000000E-30  1.000000E-30  1.000000E-30  1.000000E-30
      2  1.000000000000E-16  1.000000E-30  1.000000E-30  1.000000E-30  1.000000E-30  1.000000E-30  1.000000E-30  1.000000E-30  1.000000E-30
      3  1.100000000000E-15  1.000000E-30  1.000000E-30  1.000000E-30  1.000000E-30  1.000000E-30  1.000000E-30  1.000000E-30  1.000000E-30
      4  1.110000000000E-14  1.000000E-30  1.000000E-30  1.000000E-30  1.000000E-30  1.000000E-30  1.000000E-30  1.000000E-30  1.000000E-30
      5  1.111000000000E-13  1.000000E-30  1.000000E-30  1.000000E-30  1.000000E-30  1.000000E-30  1.000000E-30  1.000000E-30  1.000000E-30
      6  1.111100000000E-12  1.000000E-30  1.000000E-30  1.000000E-30  1.000000E-30  1.000000E-30  1.000000E-30  1.000000E-30  1.000000E-30
      7  1.111110000000E-11  1.000000E-30  1.000000E-30  1.000000E-30  1.000000E-30  1.000000E-30  1.000000E-30  1.000000E-30  1.000000E-30
      8  1.111111000000E-10  1.000000E-30  1.000000E-30  1.000000E-30  1.000000E-30  1.000000E-30  1.000000E-30  1.000000E-30  1.000000E-30
      9  1.111111100000E-09  1.000000E-30  1.000000E-30  1.000000E-30  1.000000E-30  1.000000E-30  1.000000E-30  1.000000E-30  1.000000E-30
     10  1.111111110000E-08  1.000000E-30  1.000000E-30  1.000000E-30  1.000002E-30  1.000000E-30  1.000001E-30  1.000000E-30  1.000001E-30
     11  4.567476566510E-08  1.000000E-30  1.000001E-30  1.000000E-30  1.000009E-30  1.000000E-30  1.000003E-30  1.000002E-30  1.000004E-30
     12  1.658089127914E-07  1.000002E-30  1.000002E-30  1.000002E-30  1.000033E-30  1.000000E-30  1.000010E-30  1.000006E-30  1.000013E-30
     13  4.445546741016E-07  1.000005E-30  1.000005E-30  1.000004E-30  1.000088E-30  1.000000E-30  1.000026E-30  1.000017E-30  1.000035E-30
     14  1.066239799837E-06  1.000011E-30  1.000013E-30  1.000010E-30  1.000210E-30  1.000000E-30  1.000063E-30  1.000040E-30  1.000085E-30
     15  2.222704079044E-06  1.000023E-30  1.000027E-30  1.000021E-30  1.000438E-30  1.000000E-30  1.000131E-30  1.000083E-30  1.000177E-30
     16  4.298102471270E-06  1.000045E-30  1.000053E-30  1.000042E-30  1.000847E-30  1.000000E-30  1.000254E-30  1.000160E-30  1.000342E-30
     17  7.691889062333E-06  1.000080E-30  1.000094E-30  1.000074E-30  1.001516E-30  1.000000E-30  1.000455E-30  1.000286E-30  1.000611E-30
     18  1.308909950745E-05  1.000136E-30  1.000160E-30  1.000126E-30  1.002579E-30  1.000000E-30  1.000773E-30  1.000486E-30  1.001040E-30
     19  1.857566740576E-05  1.000193E-30  1.000227E-30  1.000179E-30  1.003660E-30  1.000000E-30  1.001097E-30  1.000689E-30  1.001476E-30
     20  2.437304006798E-05  1.000253E-30  1.000298E-30  1.000235E-30  1.004801E-30  1.000000E-30  1.001439E-30  1.000904E-30  1.001936E-30
     21  3.062636084650E-05  1.000318E-30  1.000374E-30  1.000296E-30  1.006033E-30  1.000000E-30  1.001808E-30  1.001136E-30  1.002432E-30
     22  3.755179443036E-05  1.000390E-30  1.000459E-30  1.000362E-30  1.007396E-30  1.000000E-30  1.002217E-30  1.001393E-30  1.002981E-30
     23  4.608652240190E-05  1.000479E-30  1.000563E-30  1.000445E-30  1.009076E-30  1.000000E-30  1.002720E-30  1.001709E-30  1.003658E-30
     24  5.520402925860E-05  1.000574E-30  1.000675E-30  1.000533E-30  1.010870E-30  1.000000E-30  1.003257E-30  1.002046E-30  1.004380E-30
     25  6.472551468226E-05  1.000673E-30  1.000792E-30  1.000625E-30  1.012743E-30  1.000000E-30  1.003818E-30  1.002398E-30  1.005134E-30
     26  7.459047774494E-05  1.000776E-30  1.000913E-30  1.000720E-30  1.014682E-30  1.000000E-30  1.004399E-30  1.002763E-30  1.005914E-30
     27  8.489118412102E-05  1.000884E-30  1.001039E-30  1.000819E-30  1.016707E-30  1.000000E-30  1.005005E-30  1.003143E-30  1.006728E-30
     28  9.570255892797E-05  1.000996E-30  1.001171E-30  1.000923E-30  1.018831E-30  1.000000E-30  1.005640E-30  1.003542E-30  1.007582E-30
     29  1.070853065563E-04  1.001115E-30  1.001311E-30  1.001033E-30  1.021067E-30  1.000000E-30  1.006309E-30  1.003962E-30  1.008481E-30
     30  1.190882425669E-04  1.001241E-30  1.001458E-30  1.001148E-30  1.023424E-30  1.000000E-30  1.007014E-30  1.004404E-30  1.009427E-30
     31  1.366291075688E-04  1.001424E-30  1.001674E-30  1.001317E-30  1.026867E-30  1.000000E-30  1.008043E-30  1.005049E-30  1.010809E-30
     32  1.695708820900E-04  1.001769E-30  1.002079E-30  1.001633E-30  1.033326E-30  1.000000E-30  1.009972E-30  1.006258E-30  1.013399E-30
     33  1.992873377730E-04  1.002081E-30  1.002444E-30  1.001919E-30  1.039147E-30  1.000000E-30  1.011709E-30  1.007347E-30  1.015730E-30
     34  2.264248739983E-04  1.002366E-30  1.002779E-30  1.002179E-30  1.044458E-30  1.000000E-30  1.013293E-30  1.008339E-30  1.017855E-30
     35  2.515933231106E-04  1.002630E-30  1.003089E-30  1.002420E-30  1.049380E-30  1.000000E-30  1.014760E-30  1.009257E-30  1.019821E-30
     36  2.753099894686E-04  1.002880E-30  1.003382E-30  1.002648E-30  1.054014E-30  1.000000E-30  1.016140E-30  1.010120E-30  1.021671E-30
     37  2.979926919870E-04  1.003119E-30  1.003662E-30  1.002865E-30  1.058442E-30  1.000000E-30  1.017458E-30  1.010945E-30  1.023437E-30
     38  3.199702121451E-04  1.003351E-30  1.003934E-30  1.003075E-30  1.062730E-30  1.000000E-30  1.018733E-30  1.011742E-30  1.025146E-30
     39  3.524429751724E-04  1.003695E-30  1.004336E-30  1.003385E-30  1.069059E-30  1.000000E-30  1.020615E-30  1.012918E-30  1.027666E-30
     40  3.836809895565E-04  1.004025E-30  1.004723E-30  1.003683E-30  1.075142E-30  1.000000E-30  1.022421E-30  1.014047E-30  1.030084E-30
     41  4.138876583201E-04  1.004346E-30  1.005098E-30  1.003971E-30  1.081018E-30  1.000000E-30  1.024165E-30  1.015136E-30  1.032417E-30
     42  4.432651277490E-04  1.004658E-30  1.005463E-30  1.004251E-30  1.086727E-30  1.000000E-30  1.025858E-30  1.016192E-30  1.034681E-30
     43  4.720041568584E-04  1.004963E-30  1.005821E-30  1.004525E-30  1.092306E-30  1.000000E-30  1.027511E-30  1.017223E-30  1.036892E-30
     44  5.002792532552E-04  1.005264E-30  1.006173E-30  1.004794E-30  1.097790E-30  1.000000E-30  1.029135E-30  1.018236E-30  1.039062E-30
     45  5.282472522620E-04  1.005563E-30  1.006521E-30  1.005060E-30  1.103210E-30  1.000000E-30  1.030738E-30  1.019235E-30  1.041204E-30
     46  5.560479783168E-04  1.005860E-30  1.006868E-30  1.005324E-30  1.108593E-30  1.000000E-30  1.032329E-30  1.020226E-30  1.043329E-30
     47  5.838060709037E-04  1.006156E-30  1.007215E-30  1.005587E-30  1.113962E-30  1.000000E-30  1.033916E-30  1.021214E-30  1.045447E-30
     48  6.116334118686E-04  1.006455E-30  1.007563E-30  1.005851E-30  1.119340E-30  1.000000E-30  1.035503E-30  1.022202E-30  1.047565E-30
     49  6.396318340541E-04  1.006755E-30  1.007914E-30  1.006116E-30  1.124745E-30  1.000000E-30  1.037098E-30  1.023193E-30  1.049693E-30
     50  6.678959636874E-04  1.007058E-30  1.008268E-30  1.006383E-30  1.130198E-30  1.000000E-30  1.038705E-30  1.024193E-30  1.051836E-30
     51  6.965161747902E-04  1.007366E-30  1.008627E-30  1.006654E-30  1.135713E-30  1.000000E-30  1.040330E-30  1.025202E-30  1.054002E-30
     52  7.255817382538E-04  1.007679E-30  1.008992E-30  1.006928E-30  1.141309E-30  1.000000E-30  1.041977E-30  1.026226E-30  1.056197E-30
     53  7.551843574001E-04  1.007999E-30  1.009364E-30  1.007207E-30  1.147004E-30  1.000000E-30  1.043651E-30  1.027265E-30  1.058427E-30
     54  7.854224313090E-04  1.008325E-30  1.009745E-30  1.007492E-30  1.152814E-30  1.000000E-30  1.045359E-30  1.028325E-30  1.060701E-30
     55  8.164066374138E-04  1.008660E-30  1.010135E-30  1.007784E-30  1.158762E-30  1.000000E-30  1.047106E-30  1.029408E-30  1.063026E-30
     56  8.482679080764E-04  1.009006E-30  1.010537E-30  1.008084E-30  1.164873E-30  1.000000E-30  1.048898E-30  1.030520E-30  1.065410E-30
     57  8.811699017317E-04  1.009363E-30  1.010953E-30  1.008393E-30  1.171176E-30  1.000000E-30  1.050746E-30  1.031664E-30  1.067868E-30
     58  9.153304977871E-04  1.009734E-30  1.011385E-30  1.008714E-30  1.177713E-30  1.000000E-30  1.052660E-30  1.032850E-30  1.070412E-30
     59  9.510634923056E-04  1.010123E-30  1.011837E-30  1.009049E-30  1.184543E-30  1.000000E-30  1.054659E-30  1.034087E-30  1.073068E-30
     60  9.888739022907E-04  1.010535E-30  1.012317E-30  1.009403E-30  1.191761E-30  1.000000E-30  1.056769E-30  1.035392E-30  1.075870E-30
     61  1.029744313280E-03  1.010982E-30  1.012836E-30  1.009785E-30  1.199553E-30  1.000000E-30  1.059045E-30  1.036799E-30  1.078890E-30
     62  1.076805333108E-03  1.011497E-30  1.013434E-30  1.010225E-30  1.208513E-30  1.000000E-30  1.061658E-30  1.038413E-30  1.082357E-30
     63  1.127478238084E-03  1.012053E-30  1.014080E-30  1.010697E-30  1.218145E-30  1.000000E-30  1.064464E-30  1.040145E-30  1.086077E-30
     64  1.179263354774E-03  1.012623E-30  1.014740E-30  1.011180E-30  1.227973E-30  1.000000E-30  1.067323E-30  1.041908E-30  1.089864E-30
     65  1.231720185468E-03  1.013201E-30  1.015411E-30  1.011667E-30  1.237910E-30  1.000000E-30  1.070210E-30  1.043687E-30  1.093686E-30
     66  1.284679788904E-03  1.013787E-30  1.016090E-30  1.012159E-30  1.247925E-30  1.000000E-30  1.073116E-30  1.045475E-30  1.097530E-30
     67  1.338068714676E-03  1.014378E-30  1.016775E-30  1.012653E-30  1.258004E-30  1.000000E-30  1.076036E-30  1.047271E-30  1.101390E-30
     68  1.391852718980E-03  1.014976E-30  1.017466E-30  1.013151E-30  1.268140E-30  1.000000E-30  1.078968E-30  1.049073E-30  1.105264E-30
     69  1.446014888479E-03  1.015579E-30  1.018164E-30  1.013651E-30  1.278329E-30  1.000000E-30  1.081911E-30  1.050881E-30  1.109150E-30
     70  1.500546342624E-03  1.016188E-30  1.018867E-30  1.014153E-30  1.288569E-30  1.000000E-30  1.084865E-30  1.052693E-30  1.113047E-30
     71  1.555442065896E-03  1.016802E-30  1.019577E-30  1.014659E-30  1.298860E-30  1.000000E-30  1.087830E-30  1.054509E-30  1.116954E-30
     72  1.610698967280E-03  1.017422E-30  1.020293E-30  1.015166E-30  1.309199E-30  1.000000E-30  1.090803E-30  1.056331E-30  1.120871E-30
     73  1.666314948699E-03  1.018047E-30  1.021014E-30  1.015676E-30  1.319586E-30  1.000000E-30  1.093787E-30  1.058156E-30  1.124799E-30
     74  1.722288445659E-03  1.018678E-30  1.021742E-30  1.016188E-30  1.330021E-30  1.000000E-30  1.096780E-30  1.059985E-30  1.128735E-30
     75  1.778618195039E-03  1.019314E-30  1.022476E-30  1.016703E-30  1.340504E-30  1.000000E-30  1.099782E-30  1.061818E-30  1.132681E-30
     76  1.835303663832E-03  1.019957E-30  1.023215E-30  1.017220E-30  1.351032E-30  1.000000E-30  1.102792E-30  1.063655E-30  1.136635E-30
     77  1.892344396716E-03  1.020604E-30  1.023961E-30  1.017739E-30  1.361608E-30  1.000000E-30  1.105812E-30  1.065495E-30  1.140597E-30
     78  1.949739812628E-03  1.021258E-30  1.024712E-30  1.018261E-30  1.372229E-30  1.000000E-30  1.108840E-30  1.067339E-30  1.144568E-30
     79  2.007489276907E-03  1.021917E-30  1.025470E-30  1.018785E-30  1.382895E-30  1.000000E-30  1.111876E-30  1.069186E-30  1.148547E-30
     80  2.065592139419E-03  1.022581E-30  1.026234E-30  1.019311E-30  1.393606E-30  1.000000E-30  1.114920E-30  1.071037E-30  1.152533E-30
     81  2.124047755162E-03  1.023251E-30  1.027003E-30  1.019839E-30  1.404362E-30  1.000000E-30  1.117973E-30  1.072890E-30  1.156526E-30
     82  2.182855495215E-03  1.023927E-30  1.027779E-30  1.020369E-30  1.415161E-30  1.000000E-30  1.121033E-30  1.074747E-30  1.160527E-30
     83  2.242014752368E-03  1.024609E-30  1.028561E-30  1.020902E-30  1.426005E-30  1.000000E-30  1.124101E-30  1.076606E-30  1.164534E-30
     84  2.301524943777E-03  1.025296E-30  1.029349E-30  1.021437E-30  1.436891E-30  1.000000E-30  1.127176E-30  1.078468E-30  1.168548E-30
     85  2.361385511936E-03  1.025989E-30  1.030143E-30  1.021974E-30  1.447820E-30  1.000000E-30  1.130258E-30  1.080332E-30  1.172568E-30
     86  2.421595924701E-03  1.026688E-30  1.030943E-30  1.022513E-30  1.458791E-30  1.000000E-30  1.133347E-30  1.082199E-30  1.176594E-30
     87  2.482155674804E-03  1.027393E-30  1.031749E-30  1.023054E-30  1.469805E-30  1.000000E-30  1.136443E-30  1.084068E-30  1.180626E-30
     88  2.543064279071E-03  1.028103E-30  1.032561E-30  1.023597E-30  1.480859E-30  1.000000E-30  1.139546E-30  1.085939E-30  1.184663E-30
     89  2.604321277494E-03  1.028819E-30  1.033380E-30  1.024142E-30  1.491955E-30  1.000000E-30  1.142656E-30  1.087812E-30  1.188706E-30
     90  2.665926232237E-03  1.029541E-30  1.034204E-30  1.024690E-30  1.503091E-30  1.000000E-30  1.145771E-30  1.089687E-30  1.192753E-30
     91  2.727878734382E-03  1.030269E-30  1.035035E-30  1.025239E-30  1.514267E-30  1.000000E-30  1.148893E-30  1.091564E-30  1.196805E-30
     92  2.790178404165E-03  1.031003E-30  1.035872E-30  1.025790E-30  1.525483E-30  1.000000E-30  1.152021E-30  1.093443E-30  1.200861E-30
     93  2.852824875480E-03  1.031742E-30  1.036715E-30  1.026343E-30  1.536738E-30  1.000000E-30  1.155154E-30  1.095323E-30  1.204922E-30
     94  2.915817796872E-03  1.032488E-30  1.037564E-30  1.026898E-30  1.548033E-30  1.000000E-30  1.158294E-30  1.097205E-30  1.208986E-30
