 *                                      
 * hydrostatic:  btemp=  1.000E+04 bden=  1.000E+02
 *          time                er192         er193         er194         er195         er196         er197         er198         tm150
      1  0.000000000000E+00  1.000000E-30  1.000000E-30  1.000000E-30  1.000000E-30  1.000000E-30  1.000000E-30  1.000000E-30  1.000000E-30
      2  1.000000000000E-16  1.000000E-30  1.000000E-30  1.000000E-30  1.000000E-30  1.000000E-30  1.000000E-30  1.000000E-30  1.000000E-30
      3  1.100000000000E-15  1.000000E-30  1.000000E-30  1.000000E-30  1.000000E-30  1.000000E-30  1.000000E-30  1.000000E-30  1.000000E-30
      4  1.110000000000E-14  1.000000E-30  1.000000E-30  1.000000E-30  1.000000E-30  1.000000E-30  1.000000E-30  1.000000E-30  1.000000E-30
      5  1.111000000000E-13  1.000000E-30  1.000000E-30  1.000000E-30  1.000000E-30  1.000000E-30  1.000000E-30  1.000000E-30  1.000000E-30
      6  1.111100000000E-12  1.000000E-30  1.000000E-30  1.000000E-30  1.000000E-30  1.000000E-30  1.000000E-30  1.000000E-30  1.000000E-30
      7  1.111110000000E-11  1.000000E-30  1.000000E-30  1.000000E-30  1.000000E-30  1.000000E-30  1.000000E-30  1.000000E-30  1.000000E-30
      8  1.111111000000E-10  1.000000E-30  1.000000E-30  1.000000E-30  1.000000E-30  1.000000E-30  1.000000E-30  1.000000E-30  1.000000E-30
      9  1.111111100000E-09  1.000000E-30  1.000000E-30  1.000000E-30  1.000000E-30  1.000000E-30  1.000000E-30  1.000000E-30  1.000000E-30
     10  1.111111110000E-08  1.000000E-30  1.000000E-30  1.000000E-30  1.000000E-30  1.000000E-30  1.000000E-30  1.000000E-30  1.000000E-30
     11  4.567476566510E-08  1.000001E-30  1.000001E-30  1.000002E-30  1.000000E-30  1.000001E-30  1.000000E-30  1.000000E-30  1.000000E-30
     12  1.658089127914E-07  1.000002E-30  1.000003E-30  1.000006E-30  1.000001E-30  1.000004E-30  1.000000E-30  1.000000E-30  1.000000E-30
     13  4.445546741016E-07  1.000006E-30  1.000009E-30  1.000015E-30  1.000004E-30  1.000011E-30  1.000000E-30  1.000000E-30  1.000000E-30
     14  1.066239799837E-06  1.000014E-30  1.000020E-30  1.000037E-30  1.000009E-30  1.000027E-30  1.000000E-30  1.000000E-30  1.000000E-30
     15  2.222704079044E-06  1.000029E-30  1.000043E-30  1.000076E-30  1.000019E-30  1.000056E-30  1.000000E-30  1.000000E-30  1.000000E-30
     16  4.298102471270E-06  1.000055E-30  1.000082E-30  1.000147E-30  1.000037E-30  1.000108E-30  1.000000E-30  1.000000E-30  1.000000E-30
     17  7.691889062333E-06  1.000099E-30  1.000147E-30  1.000264E-30  1.000066E-30  1.000194E-30  1.000000E-30  1.000000E-30  1.000000E-30
     18  1.308909950745E-05  1.000168E-30  1.000250E-30  1.000448E-30  1.000112E-30  1.000330E-30  1.000000E-30  1.000000E-30  1.000000E-30
     19  1.857566740576E-05  1.000238E-30  1.000356E-30  1.000636E-30  1.000159E-30  1.000468E-30  1.000000E-30  1.000000E-30  1.000000E-30
     20  2.437304006798E-05  1.000313E-30  1.000466E-30  1.000835E-30  1.000209E-30  1.000614E-30  1.000000E-30  1.000000E-30  1.000000E-30
     21  3.062636084650E-05  1.000393E-30  1.000586E-30  1.001049E-30  1.000263E-30  1.000772E-30  1.000000E-30  1.000000E-30  1.000000E-30
     22  3.755179443036E-05  1.000482E-30  1.000719E-30  1.001286E-30  1.000322E-30  1.000946E-30  1.000000E-30  1.000000E-30  1.000000E-30
     23  4.608652240190E-05  1.000592E-30  1.000882E-30  1.001579E-30  1.000395E-30  1.001161E-30  1.000000E-30  1.000000E-30  1.000000E-30
     24  5.520402925860E-05  1.000709E-30  1.001057E-30  1.001891E-30  1.000474E-30  1.001391E-30  1.000000E-30  1.000000E-30  1.000000E-30
     25  6.472551468226E-05  1.000831E-30  1.001239E-30  1.002217E-30  1.000555E-30  1.001630E-30  1.000000E-30  1.000000E-30  1.000000E-30
     26  7.459047774494E-05  1.000958E-30  1.001428E-30  1.002555E-30  1.000640E-30  1.001879E-30  1.000000E-30  1.000000E-30  1.000000E-30
     27  8.489118412102E-05  1.001090E-30  1.001626E-30  1.002908E-30  1.000728E-30  1.002138E-30  1.000000E-30  1.000000E-30  1.000000E-30
     28  9.570255892797E-05  1.001229E-30  1.001833E-30  1.003278E-30  1.000821E-30  1.002410E-30  1.000000E-30  1.000000E-30  1.000000E-30
     29  1.070853065563E-04  1.001375E-30  1.002051E-30  1.003668E-30  1.000918E-30  1.002697E-30  1.000000E-30  1.000000E-30  1.000000E-30
     30  1.190882425669E-04  1.001529E-30  1.002281E-30  1.004078E-30  1.001021E-30  1.002999E-30  1.000000E-30  1.000000E-30  1.000000E-30
     31  1.366291075688E-04  1.001754E-30  1.002618E-30  1.004679E-30  1.001171E-30  1.003440E-30  1.000000E-30  1.000000E-30  1.000000E-30
     32  1.695708820900E-04  1.002177E-30  1.003250E-30  1.005806E-30  1.001453E-30  1.004269E-30  1.000000E-30  1.000000E-30  1.000000E-30
     33  1.992873377730E-04  1.002558E-30  1.003821E-30  1.006823E-30  1.001707E-30  1.005016E-30  1.000000E-30  1.000000E-30  1.000000E-30
     34  2.264248739983E-04  1.002907E-30  1.004342E-30  1.007751E-30  1.001939E-30  1.005699E-30  1.000000E-30  1.000000E-30  1.000000E-30
     35  2.515933231106E-04  1.003230E-30  1.004826E-30  1.008612E-30  1.002154E-30  1.006331E-30  1.000000E-30  1.000000E-30  1.000000E-30
     36  2.753099894686E-04  1.003534E-30  1.005282E-30  1.009423E-30  1.002357E-30  1.006927E-30  1.000000E-30  1.000000E-30  1.000000E-30
     37  2.979926919870E-04  1.003826E-30  1.005719E-30  1.010198E-30  1.002550E-30  1.007497E-30  1.000000E-30  1.000000E-30  1.000000E-30
     38  3.199702121451E-04  1.004108E-30  1.006142E-30  1.010949E-30  1.002738E-30  1.008049E-30  1.000000E-30  1.000000E-30  1.000000E-30
     39  3.524429751724E-04  1.004524E-30  1.006768E-30  1.012059E-30  1.003014E-30  1.008864E-30  1.000000E-30  1.000000E-30  1.000000E-30
     40  3.836809895565E-04  1.004925E-30  1.007370E-30  1.013126E-30  1.003281E-30  1.009648E-30  1.000000E-30  1.000000E-30  1.000000E-30
     41  4.138876583201E-04  1.005313E-30  1.007952E-30  1.014158E-30  1.003538E-30  1.010406E-30  1.000000E-30  1.000000E-30  1.000000E-30
     42  4.432651277490E-04  1.005690E-30  1.008519E-30  1.015161E-30  1.003788E-30  1.011143E-30  1.000000E-30  1.000000E-30  1.000000E-30
     43  4.720041568584E-04  1.006059E-30  1.009074E-30  1.016142E-30  1.004032E-30  1.011864E-30  1.000000E-30  1.000000E-30  1.000000E-30
     44  5.002792532552E-04  1.006422E-30  1.009621E-30  1.017107E-30  1.004273E-30  1.012573E-30  1.000000E-30  1.000000E-30  1.000000E-30
     45  5.282472522620E-04  1.006781E-30  1.010161E-30  1.018061E-30  1.004511E-30  1.013274E-30  1.000000E-30  1.000000E-30  1.000000E-30
     46  5.560479783168E-04  1.007138E-30  1.010699E-30  1.019010E-30  1.004747E-30  1.013970E-30  1.000000E-30  1.000000E-30  1.000000E-30
     47  5.838060709037E-04  1.007494E-30  1.011236E-30  1.019957E-30  1.004982E-30  1.014665E-30  1.000000E-30  1.000000E-30  1.000000E-30
     48  6.116334118686E-04  1.007851E-30  1.011775E-30  1.020906E-30  1.005218E-30  1.015362E-30  1.000000E-30  1.000000E-30  1.000000E-30
     49  6.396318340541E-04  1.008211E-30  1.012317E-30  1.021860E-30  1.005456E-30  1.016063E-30  1.000000E-30  1.000000E-30  1.000000E-30
     50  6.678959636874E-04  1.008574E-30  1.012865E-30  1.022823E-30  1.005695E-30  1.016770E-30  1.000000E-30  1.000000E-30  1.000000E-30
     51  6.965161747902E-04  1.008941E-30  1.013420E-30  1.023799E-30  1.005938E-30  1.017486E-30  1.000000E-30  1.000000E-30  1.000000E-30
     52  7.255817382538E-04  1.009314E-30  1.013984E-30  1.024789E-30  1.006184E-30  1.018213E-30  1.000000E-30  1.000000E-30  1.000000E-30
     53  7.551843574001E-04  1.009694E-30  1.014559E-30  1.025797E-30  1.006434E-30  1.018953E-30  1.000000E-30  1.000000E-30  1.000000E-30
     54  7.854224313090E-04  1.010082E-30  1.015147E-30  1.026827E-30  1.006690E-30  1.019709E-30  1.000000E-30  1.000000E-30  1.000000E-30
     55  8.164066374138E-04  1.010480E-30  1.015749E-30  1.027882E-30  1.006952E-30  1.020483E-30  1.000000E-30  1.000000E-30  1.000000E-30
     56  8.482679080764E-04  1.010889E-30  1.016369E-30  1.028966E-30  1.007221E-30  1.021279E-30  1.000000E-30  1.000000E-30  1.000000E-30
     57  8.811699017317E-04  1.011311E-30  1.017009E-30  1.030086E-30  1.007498E-30  1.022101E-30  1.000000E-30  1.000000E-30  1.000000E-30
     58  9.153304977871E-04  1.011750E-30  1.017674E-30  1.031248E-30  1.007787E-30  1.022953E-30  1.000000E-30  1.000000E-30  1.000000E-30
     59  9.510634923056E-04  1.012208E-30  1.018371E-30  1.032463E-30  1.008088E-30  1.023845E-30  1.000000E-30  1.000000E-30  1.000000E-30
     60  9.888739022907E-04  1.012694E-30  1.019108E-30  1.033749E-30  1.008406E-30  1.024788E-30  1.000000E-30  1.000000E-30  1.000000E-30
     61  1.029744313280E-03  1.013219E-30  1.019906E-30  1.035138E-30  1.008750E-30  1.025807E-30  1.000000E-30  1.000000E-30  1.000000E-30
     62  1.076805333108E-03  1.013823E-30  1.020825E-30  1.036737E-30  1.009146E-30  1.026980E-30  1.000000E-30  1.000000E-30  1.000000E-30
     63  1.127478238084E-03  1.014473E-30  1.021816E-30  1.038458E-30  1.009572E-30  1.028242E-30  1.000000E-30  1.000000E-30  1.000000E-30
     64  1.179263354774E-03  1.015138E-30  1.022829E-30  1.040216E-30  1.010006E-30  1.029531E-30  1.000000E-30  1.000000E-30  1.000000E-30
     65  1.231720185468E-03  1.015812E-30  1.023857E-30  1.041996E-30  1.010446E-30  1.030836E-30  1.000000E-30  1.000000E-30  1.000000E-30
     66  1.284679788904E-03  1.016492E-30  1.024895E-30  1.043793E-30  1.010890E-30  1.032153E-30  1.000000E-30  1.000000E-30  1.000000E-30
     67  1.338068714676E-03  1.017178E-30  1.025943E-30  1.045603E-30  1.011336E-30  1.033480E-30  1.000000E-30  1.000000E-30  1.000000E-30
     68  1.391852718980E-03  1.017868E-30  1.027000E-30  1.047426E-30  1.011786E-30  1.034816E-30  1.000000E-30  1.000000E-30  1.000000E-30
     69  1.446014888479E-03  1.018564E-30  1.028065E-30  1.049261E-30  1.012238E-30  1.036160E-30  1.000000E-30  1.000000E-30  1.000000E-30
     70  1.500546342624E-03  1.019264E-30  1.029139E-30  1.051108E-30  1.012693E-30  1.037513E-30  1.000000E-30  1.000000E-30  1.000000E-30
     71  1.555442065896E-03  1.019970E-30  1.030220E-30  1.052966E-30  1.013151E-30  1.038875E-30  1.000000E-30  1.000000E-30  1.000000E-30
     72  1.610698967280E-03  1.020680E-30  1.031311E-30  1.054835E-30  1.013611E-30  1.040244E-30  1.000000E-30  1.000000E-30  1.000000E-30
     73  1.666314948699E-03  1.021394E-30  1.032409E-30  1.056716E-30  1.014073E-30  1.041621E-30  1.000000E-30  1.000000E-30  1.000000E-30
     74  1.722288445659E-03  1.022113E-30  1.033515E-30  1.058608E-30  1.014538E-30  1.043007E-30  1.000000E-30  1.000000E-30  1.000000E-30
     75  1.778618195039E-03  1.022837E-30  1.034630E-30  1.060512E-30  1.015005E-30  1.044400E-30  1.000000E-30  1.000000E-30  1.000000E-30
     76  1.835303663832E-03  1.023566E-30  1.035753E-30  1.062426E-30  1.015475E-30  1.045802E-30  1.000000E-30  1.000000E-30  1.000000E-30
     77  1.892344396716E-03  1.024299E-30  1.036884E-30  1.064352E-30  1.015947E-30  1.047211E-30  1.000000E-30  1.000000E-30  1.000000E-30
     78  1.949739812628E-03  1.025037E-30  1.038023E-30  1.066288E-30  1.016422E-30  1.048629E-30  1.000000E-30  1.000000E-30  1.000000E-30
     79  2.007489276907E-03  1.025780E-30  1.039171E-30  1.068236E-30  1.016899E-30  1.050054E-30  1.000000E-30  1.000000E-30  1.000000E-30
     80  2.065592139419E-03  1.026527E-30  1.040326E-30  1.070195E-30  1.017378E-30  1.051487E-30  1.000000E-30  1.000000E-30  1.000000E-30
     81  2.124047755162E-03  1.027279E-30  1.041490E-30  1.072165E-30  1.017860E-30  1.052928E-30  1.000000E-30  1.000000E-30  1.000000E-30
     82  2.182855495215E-03  1.028035E-30  1.042663E-30  1.074145E-30  1.018344E-30  1.054376E-30  1.000000E-30  1.000000E-30  1.000000E-30
     83  2.242014752368E-03  1.028796E-30  1.043843E-30  1.076137E-30  1.018831E-30  1.055833E-30  1.000000E-30  1.000000E-30  1.000000E-30
     84  2.301524943777E-03  1.029562E-30  1.045032E-30  1.078139E-30  1.019320E-30  1.057297E-30  1.000000E-30  1.000000E-30  1.000000E-30
     85  2.361385511936E-03  1.030332E-30  1.046229E-30  1.080153E-30  1.019811E-30  1.058769E-30  1.000000E-30  1.000000E-30  1.000000E-30
     86  2.421595924701E-03  1.031107E-30  1.047434E-30  1.082177E-30  1.020304E-30  1.060248E-30  1.000000E-30  1.000000E-30  1.000000E-30
     87  2.482155674804E-03  1.031887E-30  1.048647E-30  1.084212E-30  1.020800E-30  1.061735E-30  1.000000E-30  1.000000E-30  1.000000E-30
     88  2.543064279071E-03  1.032671E-30  1.049869E-30  1.086257E-30  1.021298E-30  1.063230E-30  1.000000E-30  1.000000E-30  1.000000E-30
     89  2.604321277494E-03  1.033460E-30  1.051099E-30  1.088313E-30  1.021798E-30  1.064732E-30  1.000000E-30  1.000000E-30  1.000000E-30
     90  2.665926232237E-03  1.034254E-30  1.052338E-30  1.090380E-30  1.022300E-30  1.066242E-30  1.000000E-30  1.000000E-30  1.000000E-30
     91  2.727878734382E-03  1.035052E-30  1.053584E-30  1.092458E-30  1.022805E-30  1.067760E-30  1.000000E-30  1.000000E-30  1.000000E-30
     92  2.790178404165E-03  1.035855E-30  1.054839E-30  1.094546E-30  1.023312E-30  1.069285E-30  1.000000E-30  1.000000E-30  1.000000E-30
     93  2.852824875480E-03  1.036662E-30  1.056103E-30  1.096645E-30  1.023821E-30  1.070817E-30  1.000000E-30  1.000000E-30  1.000000E-30
     94  2.915817796872E-03  1.037475E-30  1.057374E-30  1.098754E-30  1.024332E-30  1.072357E-30  1.000000E-30  1.000000E-30  1.000000E-30
     95  2.979156831833E-03  1.038292E-30  1.058654E-30  1.100874E-30  1.024846E-30  1.073904E-30  1.000000E-30  1.000000E-30  1.000000E-30
