 *                                      
 * expansion:  temp0=  1.000E+10 den0=  3.000E+06 temp_stop=  1.000E+07
 *          time                p40           p41           p42           p43           p44           p45           p46           s26  
      1  0.000000000000E+00  1.000000E-30  1.000000E-30  1.000000E-30  1.000000E-30  1.000000E-30  1.000000E-30  1.000000E-30  1.000000E-30
      2  1.000000000000E-16  1.000000E-30  1.001641E-30  1.000000E-30  1.000000E-30  1.001309E-30  1.000000E-30  1.000000E-30  1.000000E-30
      3  6.264265632874E-16  1.000000E-30  1.010098E-30  1.000000E-30  1.000000E-30  1.008140E-30  1.000000E-30  1.000000E-30  1.000001E-30
      4  2.206990590178E-15  1.000000E-30  1.033737E-30  1.000000E-30  1.000000E-30  1.028036E-30  1.000000E-30  1.000000E-30  1.000029E-30
      5  6.425069294186E-15  1.000186E-30  1.085644E-30  1.000000E-30  1.000000E-30  1.076945E-30  1.000000E-30  1.000000E-30  1.000086E-30
      6  1.724777641531E-14  1.019528E-30  1.166846E-30  1.000000E-30  1.000000E-30  1.178675E-30  1.000000E-30  1.000000E-30  1.000000E-30
      7  4.527785414179E-14  1.070323E-30  1.230070E-30  1.000000E-30  1.000000E-30  1.334069E-30  1.000000E-30  1.000000E-30  1.000000E-30
      8  1.231582592127E-13  1.087944E-30  1.240959E-30  1.000000E-30  1.000000E-30  1.448162E-30  1.000000E-30  1.000000E-30  1.147745E-30
      9  4.001734798240E-13  1.088497E-30  1.239253E-30  1.000000E-30  1.000000E-30  1.462562E-30  1.000174E-30  1.000012E-30  1.000000E-30
     10  1.150918682670E-12  1.097899E-30  1.249352E-30  1.012317E-30  1.011274E-30  1.454854E-30  1.000000E-30  1.000550E-30  1.000000E-30
     11  2.802808442389E-12  1.058716E-30  1.271801E-30  1.009933E-30  1.000000E-30  1.432776E-30  1.000000E-30  1.000000E-30  1.000000E-30
     12  6.912921996243E-12  1.048183E-30  1.188785E-30  1.000000E-30  1.043611E-30  1.743256E-30  1.111007E-30  1.032360E-30  1.000000E-30
     13  1.659368270033E-11  1.000000E-30  1.000000E-30  1.000000E-30  1.000000E-30  1.000000E-30  1.000000E-30  1.000000E-30  1.000000E-30
     14  1.134012897413E-10  1.000000E-30  1.000000E-30  1.000000E-30  1.000000E-30  1.000000E-30  1.000000E-30  1.000000E-30  1.000000E-30
     15  1.081477360150E-09  1.000000E-30  1.000000E-30  1.000000E-30  1.000000E-30  1.000000E-30  1.000000E-30  1.000000E-30  1.000000E-30
     16  1.076223806424E-08  1.000000E-30  1.000000E-30  1.000000E-30  1.000000E-30  1.000000E-30  1.000000E-30  1.000000E-30  1.000000E-30
     17  6.834096797002E-08  1.000000E-30  1.000000E-30  1.000000E-30  1.000000E-30  1.000000E-30  1.000000E-30  1.000000E-30  1.000000E-30
     18  2.542122411654E-07  1.000000E-30  1.000000E-30  1.000000E-30  1.000000E-30  1.000000E-30  1.000000E-30  1.000000E-30  1.000000E-30
     19  7.007518887657E-07  1.000000E-30  1.000000E-30  1.000000E-30  1.000000E-30  1.000000E-30  1.000000E-30  1.000000E-30  1.000000E-30
     20  1.724661805125E-06  1.000000E-30  1.000000E-30  1.000000E-30  1.000000E-30  1.000000E-30  1.000000E-30  1.000000E-30  1.000000E-30
     21  4.267664185819E-06  1.000000E-30  1.000000E-30  1.000000E-30  1.000000E-30  1.000000E-30  1.000000E-30  1.000000E-30  1.000000E-30
     22  1.786211798807E-05  1.000000E-30  1.000000E-30  1.000000E-30  1.000000E-30  1.000000E-30  1.000000E-30  1.000000E-30  1.000000E-30
     23  6.929007850093E-05  1.000000E-30  1.000000E-30  1.000000E-30  1.000000E-30  1.000000E-30  1.000000E-30  1.000000E-30  1.000000E-30
     24  5.835696836295E-04  1.000000E-30  1.000000E-30  1.000000E-30  1.000000E-30  1.000000E-30  1.000000E-30  1.000000E-30  1.000000E-30
     25  1.496090518789E-03  1.000000E-30  1.000000E-30  1.000000E-30  1.000000E-30  1.000000E-30  1.000000E-30  1.000000E-30  1.000000E-30
     26  2.379765156362E-03  1.000000E-30  1.000000E-30  1.000000E-30  1.000000E-30  1.000000E-30  1.000000E-30  1.000000E-30  1.000000E-30
     27  3.772948503579E-03  1.000000E-30  1.000000E-30  1.000000E-30  1.000000E-30  1.000000E-30  1.000000E-30  1.000000E-30  1.000000E-30
     28  4.957278025650E-03  1.000000E-30  1.000000E-30  1.000000E-30  1.000000E-30  1.000000E-30  1.000000E-30  1.000000E-30  1.000000E-30
     29  5.758110286319E-03  1.000000E-30  1.000000E-30  1.000000E-30  1.000000E-30  1.000000E-30  1.000000E-30  1.000000E-30  1.000000E-30
     30  6.636115041812E-03  1.000000E-30  1.000000E-30  1.000000E-30  1.000000E-30  1.000000E-30  1.000000E-30  1.000000E-30  1.000000E-30
     31  7.490864585256E-03  1.000000E-30  1.000000E-30  1.000000E-30  1.000000E-30  1.000000E-30  1.000000E-30  1.000000E-30  1.000000E-30
     32  8.026631019591E-03  1.000000E-30  1.000000E-30  1.000000E-30  1.000000E-30  1.000000E-30  1.000000E-30  1.000000E-30  1.000000E-30
     33  8.451616658664E-03  1.000000E-30  1.000000E-30  1.000000E-30  1.000000E-30  1.000000E-30  1.000000E-30  1.000000E-30  1.000000E-30
     34  9.803471762980E-03  1.000000E-30  1.000000E-30  1.000000E-30  1.000000E-30  1.000000E-30  1.000000E-30  1.000000E-30  1.000000E-30
     35  1.116687552369E-02  1.000000E-30  1.000000E-30  1.000000E-30  1.000000E-30  1.000000E-30  1.000000E-30  1.000000E-30  1.000000E-30
     36  1.219012310682E-02  1.000000E-30  1.000000E-30  1.000000E-30  1.000000E-30  1.000000E-30  1.000000E-30  1.000000E-30  1.000000E-30
     37  1.314647137106E-02  1.000000E-30  1.000000E-30  1.000000E-30  1.000000E-30  1.000000E-30  1.000000E-30  1.000000E-30  1.000000E-30
     38  1.431720408173E-02  1.000000E-30  1.000000E-30  1.000000E-30  1.000000E-30  1.000000E-30  1.000000E-30  1.000000E-30  1.000000E-30
     39  1.545287753035E-02  1.000000E-30  1.000000E-30  1.000000E-30  1.000000E-30  1.000000E-30  1.000000E-30  1.000000E-30  1.000000E-30
     40  1.716820108076E-02  1.000000E-30  1.000000E-30  1.000000E-30  1.000000E-30  1.000000E-30  1.000000E-30  1.000000E-30  1.000000E-30
     41  1.871872199221E-02  1.000000E-30  1.000000E-30  1.000000E-30  1.000000E-30  1.000000E-30  1.000000E-30  1.000000E-30  1.000000E-30
     42  2.131412024987E-02  1.000000E-30  1.000000E-30  1.000000E-30  1.000000E-30  1.000000E-30  1.000000E-30  1.000000E-30  1.000000E-30
     43  2.288535686070E-02  1.000000E-30  1.000000E-30  1.000000E-30  1.000000E-30  1.000000E-30  1.000000E-30  1.000000E-30  1.000000E-30
     44  2.437102778700E-02  1.000000E-30  1.000000E-30  1.000000E-30  1.000000E-30  1.000000E-30  1.000000E-30  1.000000E-30  1.000000E-30
     45  2.666254430666E-02  5.722221E-30  1.000000E-30  1.000000E-30  1.000000E-30  1.000000E-30  1.000000E-30  1.000000E-30  1.000000E-30
     46  2.807329513827E-02  8.570948E-29  1.000000E-30  1.000000E-30  1.000000E-30  1.000000E-30  1.000000E-30  1.000000E-30  1.000000E-30
     47  2.946719119355E-02  1.255896E-27  1.314445E-30  1.000000E-30  1.000000E-30  1.000000E-30  1.000000E-30  1.000000E-30  1.000000E-30
     48  2.982466835475E-02  2.646003E-27  2.852241E-30  1.000000E-30  1.000000E-30  1.000000E-30  1.000000E-30  1.000000E-30  1.000000E-30
     49  3.017238950627E-02  5.129624E-27  5.614874E-30  1.000000E-30  1.000000E-30  1.000000E-30  1.000000E-30  1.000000E-30  1.000000E-30
     50  3.052509122072E-02  9.965559E-27  1.109212E-29  1.000000E-30  1.000000E-30  1.000000E-30  1.000000E-30  1.000000E-30  1.000000E-30
     51  3.066477686677E-02  1.290821E-26  1.446278E-29  1.000000E-30  1.000000E-30  1.000000E-30  1.000000E-30  1.000000E-30  1.000000E-30
     52  3.080037159611E-02  1.659465E-26  1.871472E-29  1.000000E-30  1.000000E-30  1.000000E-30  1.000000E-30  1.000000E-30  1.000000E-30
     53  3.111325257314E-02  2.943190E-26  3.369918E-29  1.000000E-30  1.000000E-30  1.000000E-30  1.000000E-30  1.000000E-30  1.000000E-30
     54  3.147800645819E-02  5.641221E-26  6.575634E-29  1.000000E-30  1.000000E-30  1.000000E-30  1.000000E-30  1.000000E-30  1.000000E-30
     55  3.181357346897E-02  1.008347E-25  1.195098E-28  1.000000E-30  1.000000E-30  1.000000E-30  1.000000E-30  1.000000E-30  1.000000E-30
     56  3.217197145871E-02  1.840421E-25  2.220894E-28  1.000000E-30  1.000000E-30  1.000000E-30  1.000000E-30  1.000000E-30  1.000000E-30
     57  3.249951277145E-02  3.138611E-25  3.851035E-28  1.000000E-30  1.000000E-30  1.000000E-30  1.000000E-30  1.000000E-30  1.000000E-30
     58  3.262595809504E-02  3.842269E-25  4.744999E-28  1.000000E-30  1.000000E-30  1.000000E-30  1.000000E-30  1.000000E-30  1.000000E-30
     59  3.272641576722E-02  4.513508E-25  5.602778E-28  1.000000E-30  1.000000E-30  1.000000E-30  1.000000E-30  1.000000E-30  1.000000E-30
     60  3.304841700500E-02  7.504302E-25  9.471868E-28  1.000000E-30  1.000000E-30  1.000000E-30  1.000000E-30  1.000000E-30  1.000000E-30
     61  3.362823507679E-02  1.822667E-24  2.371554E-27  1.000000E-30  1.000000E-30  1.000000E-30  1.000000E-30  1.000000E-30  1.000000E-30
     62  3.417743618412E-02  4.115708E-24  5.514527E-27  2.248489E-30  1.000000E-30  1.000000E-30  1.000000E-30  1.000000E-30  1.000000E-30
     63  3.448472684867E-02  6.433231E-24  8.764778E-27  3.579766E-30  1.000000E-30  1.000000E-30  1.000000E-30  1.000000E-30  1.000000E-30
     64  3.459225947862E-02  7.515838E-24  1.029977E-26  4.210914E-30  1.000000E-30  1.000000E-30  1.000000E-30  1.000000E-30  1.000000E-30
     65  3.468161085917E-02  8.554358E-24  1.178024E-26  4.820204E-30  1.000000E-30  1.000000E-30  1.000000E-30  1.000000E-30  1.000000E-30
     66  3.501586344154E-02  1.383909E-23  1.941084E-26  7.968558E-30  1.000000E-30  1.000000E-30  1.000000E-30  1.000000E-30  1.000000E-30
     67  3.563385967804E-02  3.322938E-23  4.823478E-26  1.993315E-29  1.000000E-30  1.000000E-30  1.000000E-30  1.000000E-30  1.000000E-30
     68  3.619390900501E-02  7.263878E-23  1.088264E-25  4.527363E-29  1.000000E-30  1.000000E-30  1.000000E-30  1.000000E-30  1.000000E-30
     69  3.661379630041E-02  1.297352E-22  1.990897E-25  8.326535E-29  1.000000E-30  1.000000E-30  1.000000E-30  1.000000E-30  1.000000E-30
     70  3.704099468238E-02  2.330605E-22  3.665741E-25  1.541713E-28  1.005497E-30  1.000000E-30  1.000000E-30  1.000000E-30  1.000000E-30
     71  3.731378163516E-02  3.371483E-22  5.387735E-25  2.274358E-28  1.508969E-30  1.000000E-30  1.000000E-30  1.000000E-30  1.000000E-30
     72  3.757630769329E-02  4.788169E-22  7.770012E-25  3.292053E-28  2.221447E-30  1.000000E-30  1.000000E-30  1.000000E-30  1.000000E-30
     73  3.788075418501E-02  7.146331E-22  1.180629E-24  5.024090E-28  3.459090E-30  1.000000E-30  1.000000E-30  1.000000E-30  1.000000E-30
     74  3.819794660071E-02  1.075583E-21  1.810633E-24  7.741219E-28  5.445207E-30  1.000000E-30  1.000000E-30  1.000000E-30  1.000000E-30
     75  3.838080203158E-02  1.355619E-21  2.306999E-24  9.890612E-28  7.044760E-30  1.000000E-30  1.000000E-30  1.000000E-30  1.000000E-30
     76  3.859219912978E-02  1.767183E-21  3.045600E-24  1.309873E-27  9.466480E-30  1.000000E-30  1.000000E-30  1.000000E-30  1.000000E-30
     77  3.884096228080E-02  2.399208E-21  4.196995E-24  1.811948E-27  1.332408E-29  1.000000E-30  1.000000E-30  1.000000E-30  1.000000E-30
     78  3.907668434759E-02  3.184155E-21  5.649799E-24  2.448113E-27  1.830445E-29  1.000000E-30  1.000000E-30  1.000000E-30  1.000000E-30
     79  3.934936577490E-02  4.379932E-21  7.900906E-24  3.438334E-27  2.621592E-29  1.000000E-30  1.000000E-30  1.000000E-30  1.000000E-30
     80  3.961640452516E-02  5.929304E-21  1.087103E-23  4.751258E-27  3.693723E-29  1.000000E-30  1.000000E-30  1.000000E-30  1.000000E-30
     81  3.991996766101E-02  8.268100E-21  1.544324E-23  6.783245E-27  5.393050E-29  1.000000E-30  1.000000E-30  1.000000E-30  1.000000E-30
     82  4.019473378510E-02  1.104499E-20  2.098147E-23  9.258156E-27  7.513917E-29  1.000000E-30  1.000000E-30  1.000000E-30  1.000000E-30
     83  4.046928694587E-02  1.459474E-20  2.819895E-23  1.250033E-26  1.035772E-28  1.000000E-30  1.000000E-30  1.000000E-30  1.000000E-30
     84  4.074955599116E-02  1.915999E-20  3.766902E-23  1.677764E-26  1.420160E-28  1.000000E-30  1.000000E-30  1.000000E-30  1.000000E-30
     85  4.099011663524E-02  2.393284E-20  4.776335E-23  2.136141E-26  1.841937E-28  1.000000E-30  1.000000E-30  1.000000E-30  1.000000E-30
     86  4.118445936105E-02  2.841347E-20  5.739904E-23  2.575727E-26  2.254745E-28  1.000000E-30  1.000000E-30  1.000000E-30  1.000000E-30
     87  4.137235583218E-02  3.329873E-20  6.806577E-23  3.064421E-26  2.722268E-28  1.000000E-30  1.000000E-30  1.000000E-30  1.000000E-30
     88  4.152714488067E-02  3.773700E-20  7.789308E-23  3.516424E-26  3.162126E-28  1.000000E-30  1.000000E-30  1.000000E-30  1.000000E-30
     89  4.165981986900E-02  4.183562E-20  8.707873E-23  3.940350E-26  3.580773E-28  1.000000E-30  1.000000E-30  1.000000E-30  1.000000E-30
     90  4.188596337322E-02  4.942341E-20  1.043538E-22  4.741146E-26  4.386864E-28  1.000000E-30  1.000000E-30  1.000000E-30  1.000000E-30
     91  4.208159634323E-02  5.656557E-20  1.209262E-22  5.513475E-26  5.182288E-28  1.000000E-30  1.000000E-30  1.000000E-30  1.000000E-30
     92  4.230932596557E-02  6.548362E-20  1.420347E-22  6.502588E-26  6.225172E-28  1.000000E-30  1.000000E-30  1.000000E-30  1.000000E-30
     93  4.251598135750E-02  7.406142E-20  1.627737E-22  7.479953E-26  7.281251E-28  1.000000E-30  1.000000E-30  1.000000E-30  1.000000E-30
     94  4.274368410830E-02  8.392297E-20  1.871564E-22  8.636147E-26  8.563479E-28  1.000000E-30  1.000000E-30  1.000000E-30  1.000000E-30
     95  4.294191711445E-02  9.277084E-20  2.095400E-22  9.704256E-26  9.779550E-28  1.000000E-30  1.000000E-30  1.000000E-30  1.000000E-30
     96  4.316569238790E-02  1.029642E-19  2.359401E-22  1.097217E-25  1.126211E-27  1.000000E-30  1.000000E-30  1.000000E-30  1.000000E-30
     97  4.339365876136E-02  1.134930E-19  2.639263E-22  1.232585E-25  1.289172E-27  1.000000E-30  1.000000E-30  1.000000E-30  1.000000E-30
     98  4.362382833621E-02  1.242071E-19  2.931841E-22  1.375152E-25  1.466009E-27  1.000000E-30  1.000000E-30  1.000000E-30  1.000000E-30
     99  4.384703699487E-02  1.346475E-19  3.224754E-22  1.518939E-25  1.649730E-27  1.000000E-30  1.000000E-30  1.000000E-30  1.000000E-30
    100  4.408801045744E-02  1.459699E-19  3.551312E-22  1.680455E-25  1.862435E-27  1.000000E-30  1.000000E-30  1.000000E-30  1.000000E-30
    101  4.430336182063E-02  1.561399E-19  3.852650E-22  1.830541E-25  2.065778E-27  1.000000E-30  1.000000E-30  1.000000E-30  1.000000E-30
    102  4.453208602613E-02  1.670436E-19  4.184025E-22  1.996709E-25  2.297169E-27  1.000000E-30  1.000000E-30  1.000000E-30  1.000000E-30
    103  4.474836808964E-02  1.774765E-19  4.509120E-22  2.160841E-25  2.532098E-27  1.000000E-30  1.000000E-30  1.000000E-30  1.000000E-30
    104  4.497736119052E-02  1.886797E-19  4.866864E-22  2.342675E-25  2.799572E-27  1.000000E-30  1.000000E-30  1.000000E-30  1.000000E-30
    105  4.517199675598E-02  1.983205E-19  5.182016E-22  2.503895E-25  3.043033E-27  1.000000E-30  1.000000E-30  1.000000E-30  1.000000E-30
    106  4.536038532241E-02  2.077110E-19  5.495870E-22  2.665427E-25  3.293056E-27  1.000000E-30  1.000000E-30  1.000000E-30  1.000000E-30
    107  4.552484255766E-02  2.158914E-19  5.775396E-22  2.810149E-25  3.522503E-27  1.000000E-30  1.000000E-30  1.000000E-30  1.000000E-30
    108  4.581275722245E-02  2.299012E-19  6.270085E-22  3.068477E-25  3.946237E-27  1.000000E-30  1.000000E-30  1.000000E-30  1.000000E-30
    109  4.603616864208E-02  2.401617E-19  6.649301E-22  3.268773E-25  4.289438E-27  1.000000E-30  1.000000E-30  1.000000E-30  1.000000E-30
    110  4.624194314299E-02  2.487060E-19  6.982398E-22  3.446797E-25  4.608161E-27  1.000000E-30  1.000000E-30  1.000000E-30  1.000000E-30
    111  4.641297951594E-02  2.550381E-19  7.243797E-22  3.588250E-25  4.872768E-27  1.000000E-30  1.000000E-30  1.000000E-30  1.000000E-30
    112  4.656990459822E-02  2.601081E-19  7.467168E-22  3.710734E-25  5.112301E-27  1.000000E-30  1.000000E-30  1.000000E-30  1.000000E-30
    113  4.671253119976E-02  2.640255E-19  7.653798E-22  3.814585E-25  5.325134E-27  1.000000E-30  1.000000E-30  1.000000E-30  1.000000E-30
    114  4.684580987606E-02  2.670468E-19  7.812316E-22  3.904256E-25  5.518245E-27  1.000000E-30  1.000000E-30  1.000000E-30  1.000000E-30
    115  4.697520204195E-02  2.693633E-19  7.950335E-22  3.983837E-25  5.699177E-27  1.000000E-30  1.000000E-30  1.000000E-30  1.000000E-30
    116  4.709649788536E-02  2.709717E-19  8.064766E-22  4.051324E-25  5.862043E-27  1.000000E-30  1.000000E-30  1.000000E-30  1.000000E-30
    117  4.721637454993E-02  2.720238E-19  8.163198E-22  4.110981E-25  6.015912E-27  1.000000E-30  1.000000E-30  1.000000E-30  1.000000E-30
    118  4.732862910872E-02  2.725291E-19  8.241953E-22  4.160350E-25  6.153124E-27  1.000000E-30  1.000000E-30  1.000000E-30  1.000000E-30
    119  4.750539400184E-02  2.724085E-19  8.339633E-22  4.225233E-25  6.354907E-27  1.000000E-30  1.000000E-30  1.000000E-30  1.000000E-30
    120  4.767210524850E-02  2.713108E-19  8.402603E-22  4.272059E-25  6.528455E-27  1.000000E-30  1.000000E-30  1.000000E-30  1.000000E-30
    121  4.783406579930E-02  2.693884E-19  8.437529E-22  4.304488E-25  6.681045E-27  1.000000E-30  1.000000E-30  1.000000E-30  1.000000E-30
    122  4.799263518131E-02  2.667338E-19  8.447194E-22  4.323890E-25  6.814435E-27  1.000000E-30  1.000000E-30  1.000000E-30  1.000000E-30
    123  4.815339657435E-02  2.632409E-19  8.430690E-22  4.330090E-25  6.930599E-27  1.000000E-30  1.000000E-30  1.000000E-30  1.000000E-30
    124  4.832264594384E-02  2.588873E-19  8.390064E-22  4.324677E-25  7.036028E-27  1.000000E-30  1.000000E-30  1.000000E-30  1.000000E-30
    125  4.849826454798E-02  2.537246E-19  8.324694E-22  4.307008E-25  7.127643E-27  1.000000E-30  1.000000E-30  1.000000E-30  1.000000E-30
    126  4.867786870736E-02  2.478570E-19  8.235563E-22  4.277233E-25  7.203232E-27  1.000000E-30  1.000000E-30  1.000000E-30  1.000000E-30
    127  4.885872256535E-02  2.414383E-19  8.125244E-22  4.236298E-25  7.261531E-27  1.000000E-30  1.000000E-30  1.000000E-30  1.000000E-30
    128  4.903755607841E-02  2.346694E-19  7.997915E-22  4.185962E-25  7.302260E-27  1.000000E-30  1.000000E-30  1.000000E-30  1.000000E-30
    129  4.921259737621E-02  2.277083E-19  7.857522E-22  4.128036E-25  7.326408E-27  1.000000E-30  1.000000E-30  1.000000E-30  1.000000E-30
    130  4.938368810460E-02  2.206418E-19  7.706758E-22  4.063856E-25  7.335451E-27  1.000000E-30  1.000000E-30  1.000000E-30  1.000000E-30
    131  4.955132280349E-02  2.135147E-19  7.547344E-22  3.994318E-25  7.330703E-27  1.000000E-30  1.000000E-30  1.000000E-30  1.000000E-30
    132  4.971624312404E-02  2.063468E-19  7.380293E-22  3.919981E-25  7.313133E-27  1.000000E-30  1.000000E-30  1.000000E-30  1.000000E-30
    133  4.987811857735E-02  1.991933E-19  7.207366E-22  3.841714E-25  7.283595E-27  1.000000E-30  1.000000E-30  1.000000E-30  1.000000E-30
    134  5.003799836445E-02  1.919543E-19  7.025439E-22  3.757813E-25  7.238478E-27  1.000000E-30  1.000000E-30  1.000000E-30  1.000000E-30
    135  5.019682549602E-02  1.847016E-19  6.837495E-22  3.669990E-25  7.181701E-27  1.000000E-30  1.000000E-30  1.000000E-30  1.000000E-30
    136  5.035511419132E-02  1.774422E-19  6.643963E-22  3.578489E-25  7.113675E-27  1.000000E-30  1.000000E-30  1.000000E-30  1.000000E-30
    137  5.051299755300E-02  1.701904E-19  6.445349E-22  3.483558E-25  7.034505E-27  1.000000E-30  1.000000E-30  1.000000E-30  1.000000E-30
    138  5.067010535678E-02  1.629810E-19  6.242732E-22  3.385724E-25  6.944526E-27  1.000000E-30  1.000000E-30  1.000000E-30  1.000000E-30
    139  5.082726902819E-02  1.557918E-19  6.035590E-22  3.284737E-25  6.843338E-27  1.000000E-30  1.000000E-30  1.000000E-30  1.000000E-30
    140  5.098506829486E-02  1.486114E-19  5.823631E-22  3.180444E-25  6.730488E-27  1.000000E-30  1.000000E-30  1.000000E-30  1.000000E-30
    141  5.114361869269E-02  1.414497E-19  5.607168E-22  3.072985E-25  6.605766E-27  1.000000E-30  1.000000E-30  1.000000E-30  1.000000E-30
    142  5.130328078870E-02  1.343069E-19  5.386213E-22  2.962350E-25  6.468769E-27  1.000000E-30  1.000000E-30  1.000000E-30  1.000000E-30
    143  5.146205644840E-02  1.272888E-19  5.164162E-22  2.850243E-25  6.321374E-27  1.000000E-30  1.000000E-30  1.000000E-30  1.000000E-30
    144  5.162089365231E-02  1.203711E-19  4.940455E-22  2.736400E-25  6.163143E-27  1.000000E-30  1.000000E-30  1.000000E-30  1.000000E-30
    145  5.177902725711E-02  1.136075E-19  4.717070E-22  2.621855E-25  5.995482E-27  1.000000E-30  1.000000E-30  1.000000E-30  1.000000E-30
    146  5.193558292952E-02  1.070160E-19  4.494605E-22  2.506839E-25  5.817629E-27  1.000000E-30  1.000000E-30  1.000000E-30  1.000000E-30
    147  5.207655208218E-02  1.012239E-19  4.295494E-22  2.403216E-25  5.650324E-27  1.000000E-30  1.000000E-30  1.000000E-30  1.000000E-30
    148  5.220437120847E-02  9.611888E-20  4.117291E-22  2.309977E-25  5.494434E-27  1.000000E-30  1.000000E-30  1.000000E-30  1.000000E-30
    149  5.240275279905E-02  8.852227E-20  3.847545E-22  2.168004E-25  5.247645E-27  1.000000E-30  1.000000E-30  1.000000E-30  1.000000E-30
    150  5.258707116153E-02  8.188690E-20  3.607715E-22  2.041009E-25  5.017609E-27  1.000000E-30  1.000000E-30  1.000000E-30  1.000000E-30
    151  5.276353482958E-02  7.598879E-20  3.391622E-22  1.926061E-25  4.802267E-27  1.000000E-30  1.000000E-30  1.000000E-30  1.000000E-30
    152  5.293536770993E-02  7.074225E-20  3.197658E-22  1.822582E-25  4.603137E-27  1.000000E-30  1.000000E-30  1.000000E-30  1.000000E-30
    153  5.310288915571E-02  6.616456E-20  3.027882E-22  1.731936E-25  4.425337E-27  1.000000E-30  1.000000E-30  1.000000E-30  1.000000E-30
    154  5.325369291828E-02  6.254653E-20  2.894294E-22  1.660758E-25  4.284451E-27  1.000000E-30  1.000000E-30  1.000000E-30  1.000000E-30
    155  5.339308966526E-02  5.966267E-20  2.789361E-22  1.605183E-25  4.174980E-27  1.000000E-30  1.000000E-30  1.000000E-30  1.000000E-30
    156  5.362726198018E-02  5.588481E-20  2.658229E-22  1.537097E-25  4.046947E-27  1.000000E-30  1.000000E-30  1.000000E-30  1.000000E-30
    157  5.383816121000E-02  5.368437E-20  2.593648E-22  1.506204E-25  4.003967E-27  1.000000E-30  1.000000E-30  1.000000E-30  1.000000E-30
    158  5.403768730975E-02  5.268359E-20  2.583152E-22  1.506197E-25  4.037800E-27  1.000000E-30  1.000000E-30  1.000000E-30  1.000000E-30
    159  5.422986619970E-02  5.271787E-20  2.621963E-22  1.534852E-25  4.148049E-27  1.000000E-30  1.000000E-30  1.000000E-30  1.000000E-30
    160  5.440569294967E-02  5.358168E-20  2.700033E-22  1.586322E-25  4.320761E-27  1.000000E-30  1.000000E-30  1.000000E-30  1.000000E-30
    161  5.456994612052E-02  5.507794E-20  2.809698E-22  1.656465E-25  4.547662E-27  1.000000E-30  1.000000E-30  1.000000E-30  1.000000E-30
    162  5.485681963417E-02  5.917752E-20  3.084466E-22  1.829684E-25  5.102130E-27  1.000000E-30  1.000000E-30  1.000000E-30  1.000000E-30
    163  5.511708850657E-02  6.440271E-20  3.423443E-22  2.042428E-25  5.788121E-27  1.000000E-30  1.000000E-30  1.000000E-30  1.000000E-30
    164  5.536560227933E-02  7.060007E-20  3.824317E-22  2.294334E-25  6.612765E-27  1.000000E-30  1.000000E-30  1.000000E-30  1.000000E-30
    165  5.559867087093E-02  7.740170E-20  4.267844E-22  2.574009E-25  7.544537E-27  1.000000E-30  1.000000E-30  1.000000E-30  1.000000E-30
    166  5.582344501454E-02  8.483505E-20  4.758780E-22  2.884900E-25  8.598450E-27  1.000000E-30  1.000000E-30  1.000000E-30  1.000000E-30
    167  5.608267729631E-02  9.445492E-20  5.404809E-22  3.296180E-25  1.002020E-26  1.000000E-30  1.000000E-30  1.000000E-30  1.000000E-30
    168  5.632179590432E-02  1.043446E-19  6.081608E-22  3.729585E-25  1.154934E-26  1.000000E-30  1.000000E-30  1.000000E-30  1.000000E-30
    169  5.658568452696E-02  1.164635E-19  6.927682E-22  4.274726E-25  1.351286E-26  1.000000E-30  1.000000E-30  1.000000E-30  1.000000E-30
    170  5.682194908758E-02  1.284852E-19  7.783952E-22  4.829837E-25  1.555328E-26  1.000000E-30  1.000000E-30  1.000000E-30  1.000000E-30
    171  5.707748662895E-02  1.428774E-19  8.829480E-22  5.511763E-25  1.811017E-26  1.000000E-30  1.000000E-30  1.000000E-30  1.000000E-30
    172  5.730159219632E-02  1.568328E-19  9.862700E-22  6.189619E-25  2.070101E-26  1.000000E-30  1.000000E-30  1.000000E-30  1.000000E-30
    173  5.769211250520E-02  1.846175E-19  1.197043E-21  7.582868E-25  2.615978E-26  1.000000E-30  1.000000E-30  1.000000E-30  1.000000E-30
    174  5.804755660481E-02  2.144602E-19  1.429958E-21  9.136130E-25  3.242570E-26  1.000000E-30  1.000000E-30  1.000000E-30  1.000000E-30
    175  5.837706807704E-02  2.467851E-19  1.688880E-21  1.087697E-24  3.964461E-26  1.000000E-30  1.000000E-30  1.000000E-30  1.000000E-30
    176  5.868213309337E-02  2.814651E-19  1.973399E-21  1.280445E-24  4.784865E-26  1.000000E-30  1.000000E-30  1.000000E-30  1.000000E-30
    177  5.897372529375E-02  3.196298E-19  2.293630E-21  1.498941E-24  5.738411E-26  1.000000E-30  1.000000E-30  1.000000E-30  1.000000E-30
    178  5.927019313219E-02  3.643002E-19  2.676885E-21  1.762301E-24  6.917078E-26  1.000000E-30  1.000000E-30  1.000000E-30  1.000000E-30
    179  5.955970264735E-02  4.145865E-19  3.118009E-21  2.067578E-24  8.318586E-26  1.000000E-30  1.000000E-30  1.000000E-30  1.000000E-30
    180  5.987296131417E-02  4.777082E-19  3.684597E-21  2.462558E-24  1.018084E-25  1.000000E-30  1.000000E-30  1.000000E-30  1.000000E-30
    181  6.018239261751E-02  5.503748E-19  4.352709E-21  2.931902E-24  1.245738E-25  1.000000E-30  1.000000E-30  1.000000E-30  1.000000E-30
    182  6.051941164510E-02  6.432342E-19  5.228354E-21  3.552038E-24  1.555789E-25  1.000000E-30  1.000000E-30  1.000000E-30  1.000000E-30
    183  6.081686890997E-02  7.391086E-19  6.155255E-21  4.213731E-24  1.896740E-25  1.000000E-30  1.000000E-30  1.000000E-30  1.000000E-30
    184  6.107970107709E-02  8.364152E-19  7.117196E-21  4.905354E-24  2.262928E-25  1.000000E-30  1.000000E-30  1.000000E-30  1.000000E-30
    185  6.149099227918E-02  1.016561E-18  8.947691E-21  6.233100E-24  2.990158E-25  1.000000E-30  1.000000E-30  1.000000E-30  1.000000E-30
    186  6.184187848266E-02  1.202378E-18  1.089478E-20  7.659352E-24  3.801581E-25  1.000000E-30  1.000000E-30  1.000000E-30  1.000000E-30
    187  6.212841772032E-02  1.379953E-18  1.280484E-20  9.070244E-24  4.630819E-25  1.000000E-30  1.000000E-30  1.000000E-30  1.000000E-30
    188  6.241083345826E-02  1.581260E-18  1.502213E-20  1.072054E-23  5.629942E-25  1.013001E-30  1.000000E-30  1.000000E-30  1.000000E-30
    189  6.286334795077E-02  1.967837E-18  1.941603E-20  1.402398E-23  7.710670E-25  1.364631E-30  1.000000E-30  1.000000E-30  1.000000E-30
    190  6.324448148531E-02  2.366760E-18  2.411304E-20  1.759535E-23  1.006200E-24  1.755848E-30  1.000000E-30  1.000000E-30  1.000000E-30
    191  6.354755735680E-02  2.741614E-18  2.865690E-20  2.108251E-23  1.244372E-24  2.147450E-30  1.000000E-30  1.000000E-30  1.000000E-30
    192  6.382753282149E-02  3.140418E-18  3.361424E-20  2.491773E-23  1.514781E-24  2.587595E-30  1.000000E-30  1.000000E-30  1.000000E-30
    193  6.429792763326E-02  3.943739E-18  4.393904E-20  3.299146E-23  2.108714E-24  3.541649E-30  1.000000E-30  1.000000E-30  1.000000E-30
    194  6.470641913937E-02  4.803874E-18  5.542774E-20  4.208660E-23  2.811106E-24  4.652377E-30  1.000000E-30  1.000000E-30  1.000000E-30
    195  6.514351188605E-02  5.928385E-18  7.102553E-20  5.458504E-23  3.823633E-24  6.229727E-30  1.000000E-30  1.000000E-30  1.000000E-30
    196  6.551961572666E-02  7.101646E-18  8.789725E-20  6.826129E-23  4.983447E-24  8.010783E-30  1.000000E-30  1.000000E-30  1.000000E-30
    197  6.614173306661E-02  9.560787E-18  1.249341E-19  9.873302E-23  7.724697E-24  1.214379E-29  1.000000E-30  1.000000E-30  1.000000E-30
    198  6.666431851744E-02  1.224924E-17  1.675585E-19  1.343847E-22  1.114722E-23  1.720063E-29  1.000000E-30  1.000000E-30  1.000000E-30
    199  6.714973898932E-02  1.539831E-17  2.198405E-19  1.787664E-22  1.566305E-23  2.375408E-29  1.000000E-30  1.000000E-30  1.000000E-30
    200  6.763365269933E-02  1.932597E-17  2.880193E-19  2.374778E-22  2.198483E-23  3.277037E-29  1.000000E-30  1.000000E-30  1.000000E-30
    201  6.810748363549E-02  2.410917E-17  3.748184E-19  3.133008E-22  3.062094E-23  4.487709E-29  1.000000E-30  1.000000E-30  1.000000E-30
    202  6.886988901479E-02  3.434120E-17  5.717528E-19  4.886357E-22  5.212381E-23  7.434664E-29  1.000000E-30  1.000000E-30  1.000000E-30
    203  6.932442343830E-02  4.231180E-17  7.340885E-19  6.358333E-22  7.154393E-23  1.003798E-28  1.000000E-30  1.000000E-30  1.000000E-30
    204  6.977291475786E-02  5.197225E-17  9.392195E-19  8.243585E-22  9.773870E-23  1.349473E-28  1.000000E-30  1.000000E-30  1.000000E-30
    205  7.051837306122E-02  7.304910E-17  1.413501E-18  1.268537E-21  1.641183E-22  2.206343E-28  1.000000E-30  1.000000E-30  1.000000E-30
    206  7.120724846930E-02  9.981170E-17  2.058415E-18  1.886103E-21  2.647357E-22  3.471929E-28  1.000000E-30  1.000000E-30  1.000000E-30
    207  7.185571854523E-02  1.337320E-16  2.930047E-18  2.738423E-21  4.154259E-22  5.321698E-28  1.000000E-30  1.000000E-30  1.000000E-30
    208  7.250556240022E-02  1.789836E-16  4.168678E-18  3.974886E-21  6.524085E-22  8.161661E-28  1.000000E-30  1.000000E-30  1.000000E-30
    209  7.308358088908E-02  2.317338E-16  5.699861E-18  5.532993E-21  9.737894E-22  1.192999E-27  1.000000E-30  1.000000E-30  1.000000E-30
    210  7.365083251161E-02  2.985060E-16  7.749586E-18  7.657282E-21  1.443911E-21  1.732926E-27  1.000000E-30  1.000000E-30  1.000000E-30
    211  7.420607479025E-02  3.821527E-16  1.046339E-17  1.052133E-20  2.123447E-21  2.497541E-27  1.000000E-30  1.000000E-30  1.000000E-30
    212  7.477269193766E-02  4.913355E-16  1.420875E-17  1.454713E-20  3.147974E-21  3.626882E-27  1.047901E-30  1.000000E-30  1.000000E-30
    213  7.532671922740E-02  6.280377E-16  1.916605E-17  1.997387E-20  4.629322E-21  5.226806E-27  1.557339E-30  1.000000E-30  1.000000E-30
    214  7.590819975934E-02  8.120898E-16  2.623312E-17  2.785729E-20  6.941651E-21  7.672567E-27  2.356473E-30  1.000000E-30  1.000000E-30
    215  7.648106882397E-02  1.045176E-15  3.572026E-17  3.864583E-20  1.034618E-20  1.119796E-26  3.544424E-30  1.000000E-30  1.000000E-30
    216  7.706864365518E-02  1.353178E-15  4.901873E-17  5.406593E-20  1.558682E-20  1.650981E-26  5.390987E-30  1.000000E-30  1.000000E-30
    217  7.765097184480E-02  1.746785E-15  6.706105E-17  7.540398E-20  2.340415E-20  2.426421E-26  8.173069E-30  1.000000E-30  1.000000E-30
    218  7.824188421090E-02  2.260523E-15  9.208034E-17  1.055916E-19  3.533337E-20  3.584265E-26  1.246191E-29  1.000000E-30  1.000000E-30
    219  7.883216312169E-02  2.921664E-15  1.263219E-16  1.477547E-19  5.332639E-20  5.292639E-26  1.899840E-29  1.000000E-30  1.000000E-30
    220  7.934760137230E-02  3.652889E-15  1.664330E-16  1.980899E-19  7.640594E-20  7.439632E-26  2.746472E-29  1.000000E-30  1.000000E-30
    221  7.991019390762E-02  4.655002E-15  2.246493E-16  2.725429E-19  1.130772E-19  1.078205E-25  4.104942E-29  1.000000E-30  1.000000E-30
    222  8.044081450283E-02  5.842566E-15  2.977668E-16  3.678639E-19  1.635406E-19  1.528800E-25  5.993019E-29  1.000000E-30  1.000000E-30
    223  8.103419684334E-02  7.524165E-15  4.077679E-16  5.141649E-19  2.470838E-19  2.258958E-25  9.151635E-29  1.000000E-30  1.000000E-30
    224  8.158988408622E-02  9.519293E-15  5.465901E-16  7.025976E-19  3.632580E-19  3.252536E-25  1.359113E-28  1.000000E-30  1.000000E-30
    225  8.219791245697E-02  1.228802E-14  7.519551E-16  9.873027E-19  5.532555E-19  4.841536E-25  2.093319E-28  1.000000E-30  1.000000E-30
    226  8.273529679330E-02  1.537294E-14  9.955496E-16  1.332053E-18  8.018257E-19  6.875765E-25  3.064462E-28  1.000000E-30  1.000000E-30
    227  8.327310875316E-02  1.920473E-14  1.316692E-15  1.795586E-18  1.161616E-18  9.760244E-25  4.485058E-28  1.000000E-30  1.000000E-30
    228  8.381967664174E-02  2.402264E-14  1.745856E-15  2.427650E-18  1.690386E-18  1.391183E-24  6.595722E-28  1.000000E-30  1.000000E-30
    229  8.442137901789E-02  3.063891E-14  2.375238E-15  3.374978E-18  2.549348E-18  2.050684E-24  1.006532E-27  1.000000E-30  1.000000E-30
    230  8.496109010092E-02  3.800854E-14  3.123598E-15  4.525913E-18  3.679680E-18  2.899761E-24  1.468538E-27  1.000000E-30  1.000000E-30
    231  8.556251684447E-02  4.811244E-14  4.221339E-15  6.252277E-18  5.519933E-18  4.251421E-24  2.230062E-27  1.000000E-30  1.000000E-30
    232  8.609514523980E-02  5.900276E-14  5.487686E-15  8.288826E-18  7.874807E-18  5.943157E-24  3.216686E-27  1.000000E-30  1.000000E-30
    233  8.668730402486E-02  7.360372E-14  7.307450E-15  1.128276E-17  1.163602E-17  8.585390E-24  4.812707E-27  1.000000E-30  1.000000E-30
    234  8.725638446658E-02  9.041788E-14  9.562094E-15  1.508180E-17  1.683893E-17  1.215679E-23  7.050161E-27  1.000000E-30  1.000000E-30
    235  8.784892152766E-02  1.110776E-13  1.255073E-14  2.024328E-17  2.455940E-17  1.733278E-23  1.041637E-26  1.000000E-30  1.000000E-30
    236  8.837914431516E-02  1.324670E-13  1.588664E-14  2.614587E-17  3.418175E-17  2.363825E-23  1.466892E-26  1.000000E-30  1.000000E-30
    237  8.927467123273E-02  1.750439E-13  2.323564E-14  3.957880E-17  5.877063E-17  3.926740E-23  2.573750E-26  1.000000E-30  1.000000E-30
    238  9.009385267910E-02  2.206303E-13  3.216378E-14  5.655841E-17  9.443608E-17  6.113730E-23  4.214810E-26  1.000000E-30  1.000000E-30
    239  9.088007009323E-02  2.695242E-13  4.302709E-14  7.803383E-17  1.459696E-16  9.167502E-23  6.636931E-26  1.000000E-30  1.000000E-30
    240  9.160938796651E-02  3.179771E-13  5.526194E-14  1.031655E-16  2.145807E-16  1.310165E-22  9.929358E-26  1.000000E-30  1.000000E-30
    241  9.231864750676E-02  3.665199E-13  6.922982E-14  1.329670E-16  3.068340E-16  1.822637E-22  1.444713E-25  1.000000E-30  1.000000E-30
    242  9.335415502949E-02  4.368597E-13  9.329615E-14  1.868742E-16  5.028496E-16  2.868785E-22  2.430197E-25  1.300076E-30  1.000000E-30
    243  9.429165011748E-02  4.967706E-13  1.187057E-13  2.471042E-16  7.647675E-16  4.206487E-22  3.786215E-25  1.984286E-30  1.000000E-30
    244  9.514750284226E-02  5.463677E-13  1.448152E-13  3.123734E-16  1.099704E-15  5.850081E-22  5.568341E-25  2.892011E-30  1.000000E-30
    245  9.592869681963E-02  5.864189E-13  1.709943E-13  3.811614E-16  1.510456E-15  7.793487E-22  7.810340E-25  4.022970E-30  1.000000E-30
    246  9.638259128200E-02  6.074633E-13  1.873288E-13  4.257035E-16  1.808057E-15  9.164788E-22  9.465629E-25  4.852348E-30  1.000000E-30
    247  9.686466198075E-02  6.280196E-13  2.055788E-13  4.768977E-16  2.181174E-15  1.084893E-21  1.157252E-24  5.902465E-30  1.000000E-30
    248  9.745016881397E-02  6.507899E-13  2.291400E-13  5.451217E-16  2.728729E-15  1.326411E-21  1.471778E-24  7.461032E-30  1.000000E-30
    249  9.798964068785E-02  6.700742E-13  2.524257E-13  6.147432E-16  3.345552E-15  1.592150E-21  1.832465E-24  9.237844E-30  1.000000E-30
    250  9.892639389759E-02  7.015678E-13  2.975018E-13  7.548966E-16  4.756912E-15  2.181900E-21  2.677722E-24  1.337010E-29  1.000000E-30
    251  9.977784733458E-02  7.312744E-13  3.456973E-13  9.110184E-16  6.564058E-15  2.911589E-21  3.790147E-24  1.876263E-29  1.000000E-30
    252  1.005622893962E-01  7.642190E-13  3.997473E-13  1.091286E-15  8.906275E-15  3.830433E-21  5.266989E-24  2.587077E-29  1.000000E-30
    253  1.013070552067E-01  8.060248E-13  4.645059E-13  1.311765E-15  1.205702E-14  5.035699E-21  7.297036E-24  3.558068E-29  1.000000E-30
    254  1.019791947326E-01  8.589501E-13  5.406149E-13  1.574580E-15  1.612657E-14  6.559014E-21  9.970100E-24  4.829715E-29  1.000000E-30
    255  1.025982572428E-01  9.275409E-13  6.335660E-13  1.899042E-15  2.150485E-14  8.534990E-21  1.356319E-23  6.531096E-29  1.000000E-30
    256  1.032644197032E-01  1.032378E-12  7.704892E-13  2.382512E-15  3.006915E-14  1.162391E-20  1.938238E-23  9.273998E-29  1.000000E-30
    257  1.039121745974E-01  1.178387E-12  9.592160E-13  3.058164E-15  4.291781E-14  1.617087E-20  2.826663E-23  1.344224E-28  1.000000E-30
    258  1.045193471709E-01  1.370168E-12  1.210637E-12  3.972931E-15  6.163097E-14  2.266960E-20  4.143190E-23  1.959115E-28  1.000000E-30
    259  1.051181778144E-01  1.629227E-12  1.561542E-12  5.273915E-15  9.034490E-14  3.245101E-20  6.199276E-23  2.915068E-28  1.000000E-30
    260  1.056826419982E-01  1.956771E-12  2.025900E-12  7.031571E-15  1.323138E-13  4.647230E-20  9.258467E-23  4.330999E-28  1.000000E-30
    261  1.062431336111E-01  2.385200E-12  2.667623E-12  9.515234E-15  1.966853E-13  6.755841E-20  1.403624E-22  6.532408E-28  1.000000E-30
    262  1.068146627648E-01  2.954510E-12  3.576429E-12  1.311977E-14  2.985515E-13  1.002400E-19  2.174269E-22  1.006658E-27  1.000000E-30
    263  1.073656177930E-01  3.659724E-12  4.783101E-12  1.803067E-14  4.502582E-13  1.478899E-19  3.344643E-22  1.540846E-27  1.000000E-30
    264  1.079139362418E-01  4.548798E-12  6.420091E-12  2.487103E-14  6.817149E-13  2.190607E-19  5.165811E-22  2.368166E-27  1.000000E-30
    265  1.084202130578E-01  5.566008E-12  8.436771E-12  3.352286E-14  1.001751E-12  3.154427E-19  7.733259E-22  3.529187E-27  1.000000E-30
    266  1.089957947327E-01  6.990507E-12  1.149588E-11  4.702302E-14  1.550562E-12  4.771190E-19  1.222809E-21  5.552054E-27  1.000000E-30
    267  1.095139929398E-01  8.554413E-12  1.514514E-11  6.360119E-14  2.292422E-12  6.908679E-19  1.843303E-21  8.331235E-27  1.000000E-30
    268  1.100036617482E-01  1.031110E-11  1.958309E-11  8.432140E-14  3.307837E-12  9.774480E-19  2.709567E-21  1.219418E-26  1.000000E-30
    269  1.105581599754E-01  1.265892E-11  2.604179E-11  1.153762E-13  4.983019E-12  1.439954E-18  4.169394E-21  1.867404E-26  1.000000E-30
    270  1.111738162549E-01  1.574936E-11  3.542121E-11  1.620220E-13  7.788509E-12  2.195538E-18  6.674427E-21  2.973653E-26  1.000000E-30
    271  1.117276452796E-01  1.899411E-11  4.631566E-11  2.180785E-13  1.155143E-11  3.184437E-18  1.011729E-20  4.486534E-26  1.000000E-30
    272  1.122547306619E-01  2.249642E-11  5.926953E-11  2.869312E-13  1.667610E-11  4.500551E-18  1.491618E-20  6.585656E-26  1.000000E-30
    273  1.128196390807E-01  2.668554E-11  7.641622E-11  3.812039E-13  2.447751E-11  6.457259E-18  2.239997E-20  9.844102E-26  1.000000E-30
    274  1.134172103791E-01  3.156971E-11  9.878588E-11  5.088093E-13  3.632158E-11  9.353629E-18  3.406248E-20  1.489727E-25  1.000000E-30
    275  1.139661173569E-01  3.640379E-11  1.236528E-10  6.560258E-13  5.165182E-11  1.301008E-17  4.955554E-20  2.157851E-25  1.000000E-30
    276  1.145721141816E-01  4.201388E-11  1.563035E-10  8.570123E-13  7.520470E-11  1.848459E-17  7.401350E-20  3.207518E-25  1.000000E-30
    277  1.151138636995E-01  4.715107E-11  1.903465E-10  1.075087E-12  1.039637E-10  2.499976E-17  1.047017E-19  4.518404E-25  1.000000E-30
    278  1.160623872824E-01  5.600316E-11  2.611821E-10  1.554575E-12  1.784766E-10  4.130174E-17  1.872624E-19  8.023059E-25  1.000000E-30
    279  1.166131253687E-01  6.079118E-11  3.084233E-10  1.893061E-12  2.401916E-10  5.435630E-17  2.581855E-19  1.101611E-24  1.000000E-30
    280  1.171578902390E-01  6.507848E-11  3.589758E-10  2.271839E-12  3.182927E-10  7.045698E-17  3.505127E-19  1.489538E-24  1.000000E-30
    281  1.179966344325E-01  7.045436E-11  4.424364E-10  2.936386E-12  4.798192E-10  1.026566E-16  5.487335E-19  2.317737E-24  1.000000E-30
    282  1.184626561866E-01  7.267164E-11  4.905568E-10  3.343625E-12  5.952115E-10  1.249554E-16  6.953308E-19  2.927177E-24  1.000000E-30
    283  1.189221956404E-01  7.425693E-11  5.383381E-10  3.767504E-12  7.298080E-10  1.503747E-16  8.708029E-19  3.654007E-24  1.000000E-30
    284  1.197605220964E-01  7.547543E-11  6.237212E-10  4.582266E-12  1.036939E-09  2.064872E-16  1.286631E-18  5.367572E-24  1.000000E-30
    285  1.205341475296E-01  7.474445E-11  6.971179E-10  5.358532E-12  1.400075E-09  2.701382E-16  1.802085E-18  7.478525E-24  1.000000E-30
    286  1.212540834288E-01  7.257328E-11  7.576534E-10  6.076513E-12  1.816029E-09  3.402372E-16  2.419777E-18  9.993810E-24  1.000000E-30
    287  1.219299358624E-01  6.940663E-11  8.055184E-10  6.725296E-12  2.281600E-09  4.157999E-16  3.141837E-18  1.291860E-23  1.000000E-30
    288  1.225766858039E-01  6.559347E-11  8.420935E-10  7.308322E-12  2.799217E-09  4.967802E-16  3.979386E-18  1.629431E-23  1.000000E-30
    289  1.231854533608E-01  6.145450E-11  8.673536E-10  7.808977E-12  3.354681E-09  5.806551E-16  4.915878E-18  2.005121E-23  1.000000E-30
    290  1.237219182154E-01  5.751163E-11  8.820197E-10  8.203669E-12  3.900660E-09  6.604164E-16  5.872329E-18  2.387199E-23  1.000000E-30
    291  1.242404039059E-01  5.356928E-11  8.896524E-10  8.540479E-12  4.479076E-09  7.423129E-16  6.922936E-18  2.805263E-23  1.000000E-30
    292  1.248086455930E-01  4.920022E-11  8.908187E-10  8.854899E-12  5.170929E-09  8.371019E-16  8.228342E-18  3.322668E-23  1.000000E-30
    293  1.253177247642E-01  4.528883E-11  8.853861E-10  9.081528E-12  5.843159E-09  9.262212E-16  9.546137E-18  3.842986E-23  1.000000E-30
    294  1.258810647447E-01  4.108661E-11  8.732327E-10  9.275147E-12  6.643275E-09  1.028766E-15  1.117720E-17  4.484561E-23  1.000000E-30
    295  1.264205598797E-01  3.724758E-11  8.562186E-10  9.405411E-12  7.464117E-09  1.130303E-15  1.292039E-17  5.167634E-23  1.000000E-30
    296  1.270317883483E-01  3.314128E-11  8.309781E-10  9.484653E-12  8.458510E-09  1.248777E-15  1.512614E-17  6.028640E-23  1.000000E-30
    297  1.275757308169E-01  2.974906E-11  8.041040E-10  9.498046E-12  9.399667E-09  1.356684E-15  1.730858E-17  6.877365E-23  1.000000E-30
    298  1.286048671531E-01  2.410199E-11  7.453900E-10  9.399229E-12  1.132149E-08  1.565500E-15  2.205215E-17  8.712971E-23  1.000000E-30
    299  1.290949488661E-01  2.174797E-11  7.144470E-10  9.295974E-12  1.230250E-08  1.666728E-15  2.462238E-17  9.703204E-23  1.000000E-30
    300  1.295345101683E-01  1.983014E-11  6.859160E-10  9.180341E-12  1.321860E-08  1.758274E-15  2.711346E-17  1.066044E-22  1.000000E-30
    301  1.303954523490E-01  1.657809E-11  6.293024E-10  8.904394E-12  1.511623E-08  1.939608E-15  3.255125E-17  1.274270E-22  1.000000E-30
    302  1.308549873199E-01  1.508320E-11  5.988848E-10  8.730788E-12  1.618923E-08  2.037707E-15  3.579029E-17  1.397893E-22  1.000000E-30
    303  1.312776310019E-01  1.384885E-11  5.712315E-10  8.560262E-12  1.721562E-08  2.128854E-15  3.899795E-17  1.520061E-22  1.000000E-30
    304  1.320787884157E-01  1.185048E-11  5.205701E-10  8.221304E-12  1.927419E-08  2.304604E-15  4.574640E-17  1.776365E-22  1.000000E-30
    305  1.327308179063E-01  1.050727E-11  4.812380E-10  7.933429E-12  2.107159E-08  2.451376E-15  5.197274E-17  2.012117E-22  1.000000E-30
    306  1.333821207310E-01  9.381514E-12  4.439317E-10  7.640370E-12  2.299068E-08  2.602250E-15  5.895170E-17  2.275690E-22  1.000000E-30
    307  1.339749669338E-01  8.523106E-12  4.121241E-10  7.377516E-12  2.485707E-08  2.743986E-15  6.605405E-17  2.543307E-22  1.000000E-30
    308  1.345530840576E-01  7.813143E-12  3.829617E-10  7.124443E-12  2.679945E-08  2.886984E-15  7.376382E-17  2.833224E-22  1.000000E-30
    309  1.351098094661E-01  7.229650E-12  3.565097E-10  6.883445E-12  2.879620E-08  3.029810E-15  8.201595E-17  3.142961E-22  1.000000E-30
    310  1.359304916944E-01  6.525286E-12  3.208042E-10  6.543985E-12  3.198873E-08  3.250522E-15  9.586918E-17  3.661813E-22  1.000000E-30
    311  1.363572082699E-01  6.219662E-12  3.036629E-10  6.374356E-12  3.377778E-08  3.370605E-15  1.039748E-16  3.964849E-22  1.000000E-30
    312  1.367788244083E-01  5.950723E-12  2.875115E-10  6.208788E-12  3.564079E-08  3.493240E-15  1.126696E-16  4.289527E-22  1.000000E-30
    313  1.375777712339E-01  5.522496E-12  2.593667E-10  5.910615E-12  3.944940E-08  3.736969E-15  1.312240E-16  4.981233E-22  1.000000E-30
    314  1.380438267916E-01  5.314136E-12  2.443587E-10  5.746478E-12  4.185315E-08  3.886467E-15  1.434573E-16  5.436561E-22  1.000000E-30
    315  1.384690951451E-01  5.145132E-12  2.313802E-10  5.599730E-12  4.417499E-08  4.028063E-15  1.556486E-16  5.889831E-22  1.000000E-30
    316  1.391087445178E-01  4.924703E-12  2.132094E-10  5.387772E-12  4.791353E-08  4.250735E-15  1.760307E-16  6.646694E-22  1.000000E-30
    317  1.397002518981E-01  4.751879E-12  1.978366E-10  5.203226E-12  5.165287E-08  4.467456E-15  1.973206E-16  7.436178E-22  1.000000E-30
    318  1.402705851668E-01  4.608099E-12  1.841540E-10  5.033759E-12  5.553831E-08  4.686977E-15  2.203738E-16  8.290010E-22  1.000000E-30
    319  1.408634912375E-01  4.478042E-12  1.709589E-10  4.864019E-12  5.989601E-08  4.927065E-15  2.473277E-16  9.287162E-22  1.000000E-30
    320  1.414089642241E-01  4.373638E-12  1.597830E-10  4.716607E-12  6.421096E-08  5.158918E-15  2.751305E-16  1.031461E-21  1.000000E-30
    321  1.419220762512E-01  4.286614E-12  1.500538E-10  4.585476E-12  6.855777E-08  5.387096E-15  3.042309E-16  1.138899E-21  1.000000E-30
    322  1.422771704232E-01  4.231542E-12  1.436707E-10  4.496716E-12  7.174333E-08  5.551238E-15  3.262405E-16  1.220097E-21  1.000000E-30
    323  1.426029315631E-01  4.184439E-12  1.380806E-10  4.417514E-12  7.479983E-08  5.706422E-15  3.478894E-16  1.299919E-21  1.000000E-30
    324  1.430135230101E-01  4.129330E-12  1.314006E-10  4.321424E-12  7.884237E-08  5.908360E-15  3.773078E-16  1.408323E-21  1.000000E-30
    325  1.434683796643E-01  4.073192E-12  1.244540E-10  4.219843E-12  8.358126E-08  6.140578E-15  4.129125E-16  1.539432E-21  1.000000E-30
    326  1.440315208021E-01  4.009789E-12  1.164490E-10  4.100144E-12  8.985427E-08  6.441116E-15  4.618638E-16  1.719547E-21  1.000000E-30
    327  1.445490332405E-01  3.956470E-12  1.095788E-10  3.993775E-12  9.605189E-08  6.731212E-15  5.122113E-16  1.904654E-21  1.000000E-30
    328  1.451370980342E-01  3.901015E-12  1.023700E-10  3.879829E-12  1.036273E-07  7.077172E-15  5.763650E-16  2.140342E-21  1.000000E-30
    329  1.457052374241E-01  3.851836E-12  9.596551E-11  3.776650E-12  1.115254E-07  7.428678E-15  6.462408E-16  2.396866E-21  1.000000E-30
    330  1.463107957421E-01  3.803304E-12  8.963346E-11  3.671078E-12  1.206338E-07  7.823799E-15  7.305336E-16  2.706119E-21  1.000000E-30
    331  1.468752132891E-01  3.761231E-12  8.418777E-11  3.578084E-12  1.298140E-07  8.211926E-15  8.193988E-16  3.031969E-21  1.000000E-30
    332  1.475510939381E-01  3.714287E-12  7.821772E-11  3.474254E-12  1.417509E-07  8.702796E-15  9.406887E-16  3.476505E-21  1.000000E-30
    333  1.481899111058E-01  3.672818E-12  7.303755E-11  3.381228E-12  1.540751E-07  9.195186E-15  1.072576E-15  3.959699E-21  1.000000E-30
    334  1.491767377555E-01  3.613502E-12  6.586604E-11  3.248587E-12  1.753214E-07  1.001393E-14  1.315285E-15  4.848619E-21  1.000000E-30
    335  1.497116139607E-01  3.583426E-12  6.236992E-11  3.182633E-12  1.880599E-07  1.048841E-14  1.469883E-15  5.414728E-21  1.000000E-30
    336  1.502421520731E-01  3.554889E-12  5.911829E-11  3.119313E-12  2.016477E-07  1.098289E-14  1.642123E-15  6.045408E-21  1.000000E-30
    337  1.509052103900E-01  3.520861E-12  5.537280E-11  3.045339E-12  2.200488E-07  1.163474E-14  1.887118E-15  6.942523E-21  1.000000E-30
    338  1.515352476696E-01  3.490038E-12  5.211506E-11  2.980228E-12  2.391047E-07  1.229016E-14  2.154821E-15  7.922937E-21  1.000000E-30
    339  1.521327102765E-01  3.462096E-12  4.924819E-11  2.921127E-12  2.587366E-07  1.294709E-14  2.445312E-15  8.987079E-21  1.000000E-30
    340  1.526678407657E-01  3.438049E-12  4.686577E-11  2.871382E-12  2.777104E-07  1.356595E-14  2.739831E-15  1.006634E-20  1.000000E-30
    341  1.532481602429E-01  3.412923E-12  4.446761E-11  2.820917E-12  2.998639E-07  1.427005E-14  3.100609E-15  1.138897E-20  1.000000E-30
    342  1.535863948111E-01  3.398714E-12  4.315000E-11  2.792887E-12  3.135800E-07  1.469678E-14  3.333039E-15  1.224141E-20  1.000000E-30
    343  1.538995751697E-01  3.385887E-12  4.197429E-11  2.767337E-12  3.268518E-07  1.510365E-14  3.564500E-15  1.309056E-20  1.000000E-30
    344  1.546020187628E-01  3.358114E-12  3.950619E-11  2.713338E-12  3.587093E-07  1.605740E-14  4.145652E-15  1.522378E-20  1.000000E-30
    345  1.552062305672E-01  3.335245E-12  3.755735E-11  2.670466E-12  3.885517E-07  1.692342E-14  4.722488E-15  1.734279E-20  1.000000E-30
    346  1.557875935888E-01  3.314157E-12  3.581351E-11  2.631419E-12  4.195695E-07  1.779825E-14  5.355192E-15  1.966883E-20  1.000000E-30
    347  1.566447447202E-01  3.284708E-12  3.346319E-11  2.578088E-12  4.698189E-07  1.916709E-14  6.450122E-15  2.369844E-20  1.000000E-30
    348  1.574294426159E-01  3.259230E-12  3.152485E-11  2.533946E-12  5.208758E-07  2.050212E-14  7.650319E-15  2.812129E-20  1.000000E-30
    349  1.581710514975E-01  3.236612E-12  2.985349E-11  2.495104E-12  5.740215E-07  2.183954E-14  8.993316E-15  3.307709E-20  1.000000E-30
    350  1.588328903187E-01  3.217417E-12  2.848802E-11  2.463421E-12  6.257630E-07  2.309545E-14  1.039091E-14  3.824137E-20  1.000000E-30
    351  1.594606073659E-01  3.200007E-12  2.729102E-11  2.435551E-12  6.788145E-07  2.433977E-14  1.191677E-14  4.388718E-20  1.000000E-30
    352  1.600565792087E-01  3.184346E-12  2.623458E-11  2.410683E-12  7.330342E-07  2.557069E-14  1.357370E-14  5.002623E-20  1.000000E-30
    353  1.607059625219E-01  3.167992E-12  2.516839E-11  2.385713E-12  7.965985E-07  2.696527E-14  1.564033E-14  5.769450E-20  1.000000E-30
    354  1.613957576202E-01  3.151319E-12  2.412299E-11  2.361229E-12  8.694669E-07  2.850439E-14  1.817669E-14  6.712137E-20  1.000000E-30
    355  1.620398820205E-01  3.136590E-12  2.322087E-11  2.339976E-12  9.427913E-07  2.999501E-14  2.091177E-14  7.730455E-20  1.000000E-30
    356  1.627691861850E-01  3.120479E-12  2.227983E-11  2.317977E-12  1.032231E-06  3.174069E-14  2.449624E-14  9.067601E-20  1.000000E-30
    357  1.634667099868E-01  3.105500E-12  2.145049E-11  2.298509E-12  1.124361E-06  3.346196E-14  2.848275E-14  1.055792E-19  1.000000E-30
    358  1.645369737572E-01  3.083292E-12  2.030026E-11  2.271484E-12  1.278864E-06  3.619185E-14  3.585493E-14  1.332210E-19  1.000000E-30
    359  1.651200899964E-01  3.071127E-12  1.972851E-11  2.257987E-12  1.369875E-06  3.771538E-14  4.061225E-14  1.511105E-19  1.000000E-30
    360  1.656939516385E-01  3.059251E-12  1.919999E-11  2.245343E-12  1.464252E-06  3.923440E-14  4.588839E-14  1.709946E-19  1.000000E-30
    361  1.664404283242E-01  3.043529E-12  1.855963E-11  2.229939E-12  1.594242E-06  4.123191E-14  5.373465E-14  2.006438E-19  1.000000E-30
    362  1.671401020014E-01  3.028148E-12  1.800171E-11  2.216208E-12  1.723446E-06  4.311481E-14  6.223170E-14  2.328503E-19  1.000000E-30
    363  1.682228463170E-01  3.003335E-12  1.721205E-11  2.196196E-12  1.937370E-06  4.602518E-14  7.793672E-14  2.926171E-19  1.000000E-30
    364  1.688914277275E-01  2.986733E-12  1.676266E-11  2.184313E-12  2.077730E-06  4.780353E-14  8.940948E-14  3.364563E-19  1.000000E-30
    365  1.695862681704E-01  2.968373E-12  1.632230E-11  2.172095E-12  2.230032E-06  4.962269E-14  1.030101E-13  3.886016E-19  1.000000E-30
    366  1.708796298676E-01  2.930199E-12  1.556556E-11  2.149598E-12  2.530001E-06  5.289045E-14  1.335452E-13  5.062996E-19  1.000000E-30
    367  1.720689125062E-01  2.889415E-12  1.492639E-11  2.128349E-12  2.822826E-06  5.570186E-14  1.688246E-13  6.432253E-19  1.000000E-30
    368  1.730357271347E-01  2.851064E-12  1.443560E-11  2.110115E-12  3.071121E-06  5.780967E-14  2.035757E-13  7.789647E-19  1.000000E-30
    369  1.739185931198E-01  2.811731E-12  1.400495E-11  2.092628E-12  3.304462E-06  5.956888E-14  2.409206E-13  9.256809E-19  1.000000E-30
    370  1.748109107026E-01  2.766916E-12  1.357988E-11  2.073712E-12  3.545337E-06  6.116586E-14  2.848650E-13  1.099335E-18  1.000000E-30
    371  1.757092013639E-01  2.716432E-12  1.315818E-11  2.053318E-12  3.791464E-06  6.257180E-14  3.364005E-13  1.304228E-18  1.000000E-30
    372  1.765567714958E-01  2.663578E-12  1.276284E-11  2.032772E-12  4.025697E-06  6.370013E-14  3.925355E-13  1.528796E-18  1.000000E-30
    373  1.775373762473E-01  2.595476E-12  1.230215E-11  2.006982E-12  4.297339E-06  6.475257E-14  4.681106E-13  1.833155E-18  1.000000E-30
    374  1.784803688374E-01  2.523348E-12  1.185540E-11  1.980420E-12  4.557451E-06  6.550114E-14  5.528008E-13  2.176745E-18  1.000000E-30
    375  1.795112536071E-01  2.436537E-12  1.135659E-11  1.948847E-12  4.838437E-06  6.601996E-14  6.612981E-13  2.620377E-18  1.000000E-30
    376  1.804824008025E-01  2.348046E-12  1.087815E-11  1.917012E-12  5.098033E-06  6.622507E-14  7.806390E-13  3.112485E-18  1.000000E-30
    377  1.815169070317E-01  2.246829E-12  1.035673E-11  1.880544E-12  5.367142E-06  6.614819E-14  9.293903E-13  3.731286E-18  1.000000E-30
    378  1.825428215499E-01  2.140865E-12  9.831605E-12  1.842255E-12  5.624682E-06  6.578336E-14  1.101901E-12  4.455804E-18  1.000000E-30
    379  1.841355644659E-01  1.967913E-12  9.005120E-12  1.779067E-12  6.002470E-06  6.468624E-14  1.429116E-12  5.847708E-18  1.000000E-30
    380  1.856860183354E-01  1.793855E-12  8.198313E-12  1.714450E-12  6.340747E-06  6.306372E-14  1.832889E-12  7.592523E-18  1.000000E-30
    381  1.870847965371E-01  1.635889E-12  7.479841E-12  1.655066E-12  6.618639E-06  6.120043E-14  2.286693E-12  9.584065E-18  1.000000E-30
    382  1.883699545972E-01  1.492641E-12  6.835637E-12  1.600837E-12  6.850182E-06  5.921313E-14  2.795425E-12  1.184967E-17  1.000000E-30
    383  1.895671856375E-01  1.362470E-12  6.254044E-12  1.551442E-12  7.045224E-06  5.717136E-14  3.366325E-12  1.442783E-17  1.000000E-30
    384  1.907324824205E-01  1.240206E-12  5.709698E-12  1.505232E-12  7.216205E-06  5.504731E-14  4.029725E-12  1.746514E-17  1.000000E-30
    385  1.917913284253E-01  1.133917E-12  5.237183E-12  1.465507E-12  7.355900E-06  5.303030E-14  4.740845E-12  2.076475E-17  1.000000E-30
    386  1.928179034582E-01  1.035636E-12  4.800184E-12  1.429325E-12  7.477685E-06  5.101981E-14  5.550606E-12  2.456959E-17  1.000000E-30
    387  1.939781308337E-01  9.310714E-13  4.334709E-12  1.391879E-12  7.599989E-06  4.870828E-14  6.628848E-12  2.970709E-17  1.000000E-30
    388  1.950365569225E-01  8.418382E-13  3.936532E-12  1.361079E-12  7.698250E-06  4.658467E-14  7.798429E-12  3.535838E-17  1.000000E-30
    389  1.963061656501E-01  7.429944E-13  3.494032E-12  1.328868E-12  7.800663E-06  4.404391E-14  9.476664E-12  4.359415E-17  1.000000E-30
    390  1.975160386553E-01  6.571309E-13  3.107980E-12  1.303209E-12  7.883950E-06  4.165149E-14  1.141598E-11  5.327177E-17  1.000000E-30
    391  1.988970783448E-01  5.687806E-13  2.708622E-12  1.280052E-12  7.963774E-06  3.897870E-14  1.414112E-11  6.711555E-17  1.000000E-30
    392  2.001908516564E-01  4.950954E-13  2.373539E-12  1.264461E-12  8.025539E-06  3.654920E-14  1.729699E-11  8.345641E-17  1.000000E-30
    393  2.023233395230E-01  3.913347E-13  1.897702E-12  1.251502E-12  8.104137E-06  3.273642E-14  2.418551E-11  1.200556E-16  1.000000E-30
    394  2.035207364909E-01  3.418948E-13  1.668950E-12  1.251048E-12  8.137682E-06  3.071241E-14  2.923307E-11  1.475487E-16  1.000000E-30
    395  2.047171141817E-01  2.981177E-13  1.465031E-12  1.255274E-12  8.164917E-06  2.877938E-14  3.540213E-11  1.817769E-16  1.000000E-30
    396  2.061861175315E-01  2.513597E-13  1.245574E-12  1.266675E-12  8.191141E-06  2.653084E-14  4.483495E-11  2.352756E-16  1.000000E-30
    397  2.075162532616E-01  2.149356E-13  1.073214E-12  1.282624E-12  8.209222E-06  2.461442E-14  5.557224E-11  2.976244E-16  1.000000E-30
    398  2.088103947538E-01  1.842189E-13  9.267085E-13  1.302974E-12  8.222629E-06  2.285799E-14  6.857191E-11  3.748334E-16  1.000000E-30
    399  2.102374295066E-01  1.550904E-13  7.866267E-13  1.330627E-12  8.233582E-06  2.104223E-14  8.643941E-11  4.836271E-16  1.000000E-30
    400  2.116254943500E-01  1.309225E-13  6.693927E-13  1.362450E-12  8.241211E-06  1.939411E-14  1.081007E-10  6.191248E-16  1.000000E-30
    401  2.137594200207E-01  1.004995E-13  5.202128E-13  1.420085E-12  8.248690E-06  1.707670E-14  1.516464E-10  9.015999E-16  1.000000E-30
    402  2.149968302441E-01  8.602327E-14  4.484653E-13  1.457975E-12  8.251340E-06  1.584653E-14  1.834646E-10  1.115576E-15  1.000000E-30
    403  2.163578604848E-01  7.234374E-14  3.801085E-13  1.503133E-12  8.253272E-06  1.458397E-14  2.246699E-10  1.401314E-15  1.000000E-30
    404  2.188327022992E-01  5.252190E-14  2.798888E-13  1.593865E-12  8.255085E-06  1.251463E-14  3.160171E-10  2.068276E-15  1.000000E-30
    405  2.210861741802E-01  3.898808E-14  2.104356E-13  1.685224E-12  8.255713E-06  1.086259E-14  4.146817E-10  2.841830E-15  1.000000E-30
    406  2.231360986547E-01  2.957509E-14  1.614779E-13  1.774841E-12  8.255943E-06  9.532962E-15  5.109391E-10  3.657983E-15  1.000000E-30
    407  2.249661932162E-01  2.301315E-14  1.269375E-13  1.859651E-12  8.256059E-06  8.472190E-15  5.955893E-10  4.440589E-15  1.000000E-30
    408  2.266023391923E-01  1.833170E-14  1.020341E-13  1.939065E-12  8.256136E-06  7.615776E-15  6.653179E-10  5.150161E-15  1.000000E-30
    409  2.291569547831E-01  1.277979E-14  7.213380E-14  2.069472E-12  8.256166E-06  6.434917E-15  7.544764E-10  6.207663E-15  1.000000E-30
    410  2.305971902523E-01  1.040347E-14  5.918202E-14  2.146318E-12  8.256069E-06  5.845141E-15  7.912989E-10  6.747254E-15  1.000000E-30
    411  2.319348711247E-01  8.583510E-15  4.918242E-14  2.219790E-12  8.255850E-06  5.341835E-15  8.159784E-10  7.198419E-15  1.000000E-30
    412  2.335360820165E-01  6.811987E-15  3.936803E-14  2.310369E-12  8.255353E-06  4.791306E-15  8.334139E-10  7.666160E-15  1.000000E-30
    413  2.351317971316E-01  5.410418E-15  3.153473E-14  2.403485E-12  8.254520E-06  4.294392E-15  8.382665E-10  8.048564E-15  1.000000E-30
    414  2.376293164755E-01  3.785179E-15  2.235470E-14  2.554973E-12  8.252320E-06  3.609787E-15  8.235130E-10  8.476416E-15  1.000000E-30
    415  2.399259738388E-01  2.750506E-15  1.644058E-14  2.700582E-12  8.249075E-06  3.069098E-15  7.900810E-10  8.692738E-15  1.000000E-30
    416  2.420046682363E-01  2.090473E-15  1.263110E-14  2.837740E-12  8.244914E-06  2.644035E-15  7.473718E-10  8.753884E-15  1.000000E-30
    417  2.451201276448E-01  1.449909E-15  8.902867E-15  3.053268E-12  8.236130E-06  2.105982E-15  6.683970E-10  8.634158E-15  1.000000E-30
    418  2.467564269033E-01  1.234796E-15  7.646096E-15  3.171466E-12  8.230151E-06  1.864980E-15  6.224875E-10  8.482495E-15  1.000000E-30
    419  2.483354027874E-01  1.085873E-15  6.778558E-15  3.288935E-12  8.223419E-06  1.656348E-15  5.767139E-10  8.285709E-15  1.000000E-30
    420  2.499258654919E-01  9.824117E-16  6.182634E-15  3.410767E-12  8.215636E-06  1.467763E-15  5.300402E-10  8.042780E-15  1.000000E-30
    421  2.515152656983E-01  9.166395E-16  5.815298E-15  3.536165E-12  8.206816E-06  1.298926E-15  4.835860E-10  7.760266E-15  1.000000E-30
    422  2.542060864984E-01  8.720111E-16  5.606977E-15  3.757171E-12  8.189426E-06  1.052718E-15  4.071078E-10  7.204987E-15  1.000000E-30
    423  2.556901221114E-01  8.762687E-16  5.675591E-15  3.883971E-12  8.178478E-06  9.358227E-16  3.668320E-10  6.864158E-15  1.000000E-30
    424  2.570805114381E-01  8.957256E-16  5.840877E-15  4.006090E-12  8.167332E-06  8.371230E-16  3.306868E-10  6.526705E-15  1.000000E-30
    425  2.598984391343E-01  9.751252E-16  6.444517E-15  4.263948E-12  8.142078E-06  6.654816E-16  2.629409E-10  5.801335E-15  1.000000E-30
    426  2.622653138568E-01  1.079298E-15  7.212013E-15  4.491913E-12  8.118109E-06  5.467635E-16  2.123927E-10  5.163917E-15  1.000000E-30
    427  2.644885215151E-01  1.205775E-15  8.139411E-15  4.716186E-12  8.093318E-06  4.531634E-16  1.705413E-10  4.555703E-15  1.000000E-30
    428  2.667229470066E-01  1.358506E-15  9.262920E-15  4.952146E-12  8.066219E-06  3.740396E-16  1.340569E-10  3.947801E-15  1.000000E-30
    429  2.687894382327E-01  1.520414E-15  1.046210E-14  5.180359E-12  8.039252E-06  3.123104E-16  1.052125E-10  3.399392E-15  1.000000E-30
    430  2.709436570286E-01  1.708477E-15  1.186707E-14  5.429039E-12  8.009244E-06  2.580022E-16  7.994532E-11  2.852533E-15  1.000000E-30
    431  2.728595154549E-01  1.891368E-15  1.324600E-14  5.659885E-12  7.980977E-06  2.171208E-16  6.133633E-11  2.395755E-15  1.000000E-30
    432  2.763050324764E-01  2.256918E-15  1.603713E-14  6.099187E-12  7.926537E-06  1.582001E-16  3.605322E-11  1.665406E-15  1.000000E-30
    433  2.797281875476E-01  2.668914E-15  1.923291E-14  6.568089E-12  7.868056E-06  1.145536E-16  1.965114E-11  1.078745E-15  1.000000E-30
    434  2.831107064370E-01  3.128594E-15  2.285212E-14  7.065151E-12  7.806169E-06  8.257624E-17  9.889009E-12  6.472049E-16  1.000000E-30
    435  2.863632962154E-01  3.625735E-15  2.682035E-14  7.576599E-12  7.742984E-06  5.979605E-17  4.684854E-12  3.644608E-16  1.000000E-30
    436  2.894106333807E-01  4.146355E-15  3.102747E-14  8.087241E-12  7.680648E-06  4.386761E-17  2.163215E-12  1.983396E-16  1.000000E-30
    437  2.941185503109E-01  5.069203E-15  3.859307E-14  8.939931E-12  7.578641E-06  2.679214E-17  6.018346E-13  7.110109E-17  1.000000E-30
    438  2.983685787405E-01  6.044010E-15  4.670869E-14  9.781104E-12  7.480906E-06  1.690184E-17  1.954790E-13  2.886698E-17  1.000000E-30
    439  3.021949729112E-01  7.054280E-15  5.522965E-14  1.060107E-11  7.388588E-06  1.101748E-17  7.938791E-14  1.419586E-17  1.000000E-30
    440  3.059150641439E-01  8.173666E-15  6.477995E-14  1.145952E-11  7.295131E-06  7.178028E-18  3.630170E-14  7.642469E-18  1.000000E-30
    441  3.094680949786E-01  9.385319E-15  7.522635E-14  1.233993E-11  7.202667E-06  4.711408E-18  1.814165E-14  4.378910E-18  1.000000E-30
    442  3.127856926026E-01  1.065770E-14  8.629998E-14  1.321914E-11  7.113679E-06  3.145883E-18  9.814795E-15  2.611114E-18  1.000000E-30
    443  3.178598433803E-01  1.290354E-14  1.060609E-13  1.467919E-11  6.973014E-06  1.660839E-18  4.051628E-15  1.180927E-18  1.000000E-30
    444  3.224504526026E-01  1.529460E-14  1.273474E-13  1.613088E-11  6.841448E-06  9.110521E-19  1.914583E-15  5.720520E-19  1.000000E-30
    445  3.266870398371E-01  1.785251E-14  1.503478E-13  1.759127E-11  6.716811E-06  5.130249E-19  9.905617E-16  2.894110E-19  1.000000E-30
    446  3.305577136787E-01  2.052699E-14  1.746047E-13  1.903554E-11  6.600558E-06  2.983264E-19  5.520793E-16  1.534815E-19  1.000000E-30
    447  3.362681054783E-01  2.515489E-14  2.169844E-13  2.137621E-11  6.425497E-06  1.298212E-19  2.358358E-16  5.882662E-20  1.000000E-30
    448  3.414589872690E-01  3.018838E-14  2.635425E-13  2.374337E-11  6.263339E-06  5.887491E-20  1.083955E-16  2.396248E-20  1.000000E-30
    449  3.462773530350E-01  3.569307E-14  3.148933E-13  2.616680E-11  6.110816E-06  2.738373E-20  5.195748E-17  1.016468E-20  1.000000E-30
    450  3.508856189623E-01  4.183321E-14  3.725988E-13  2.870877E-11  5.963604E-06  1.278653E-20  2.526818E-17  4.377394E-21  1.000000E-30
    451  3.552628710565E-01  4.858292E-14  4.364523E-13  3.134554E-11  5.822937E-06  6.030572E-21  1.251019E-17  1.926802E-21  1.000000E-30
    452  3.595141079779E-01  5.612220E-14  5.081972E-13  3.413250E-11  5.685865E-06  2.827395E-21  6.208284E-18  8.522402E-22  1.000000E-30
    453  3.636744849418E-01  6.457429E-14  5.890623E-13  3.709446E-11  5.551571E-06  1.310912E-21  3.074793E-18  3.770122E-22  1.000000E-30
    454  3.676260234901E-01  7.372202E-14  6.770087E-13  4.014077E-11  5.424114E-06  6.153417E-22  1.554431E-18  1.711998E-22  1.000000E-30
    455  3.714655117309E-01  8.379443E-14  7.742698E-13  4.333588E-11  5.300562E-06  2.876632E-22  7.912505E-19  7.852129E-23  1.000000E-30
    456  3.752653942304E-01  9.505935E-14  8.834845E-13  4.674430E-11  5.178745E-06  1.320887E-22  4.014473E-19  3.593814E-23  1.000000E-30
    457  3.809506426681E-01  1.146795E-13  1.074609E-12  5.234297E-11  4.997694E-06  3.920170E-23  1.435140E-19  1.101446E-23  1.000000E-30
    458  3.865190953769E-01  1.376524E-13  1.299537E-12  5.846722E-11  4.822190E-06  1.121438E-23  5.211735E-20  3.440788E-24  1.000000E-30
    459  3.928522091207E-01  1.691869E-13  1.609826E-12  6.629674E-11  4.625320E-06  2.496856E-24  1.667744E-20  9.279096E-25  1.000000E-30
    460  3.991093841216E-01  2.071341E-13  1.984988E-12  7.504995E-11  4.434182E-06  5.186822E-25  5.623087E-21  2.642273E-25  1.000000E-30
    461  4.054183851758E-01  2.536464E-13  2.446807E-12  8.503418E-11  4.245315E-06  9.675563E-26  2.007973E-21  7.957294E-26  1.000000E-30
    462  4.147392755742E-01  3.411912E-13  3.320307E-12  1.022404E-10  3.974195E-06  6.789150E-27  5.172125E-22  1.593058E-26  1.000000E-30
    463  4.232199499949E-01  4.454634E-13  4.365801E-12  1.208762E-10  3.736468E-06  4.723320E-28  1.811106E-22  4.432864E-27  1.000000E-30
    464  4.316976825025E-01  5.796664E-13  5.717099E-12  1.428698E-10  3.507945E-06  3.267873E-29  7.438685E-23  1.445790E-27  1.000000E-30
    465  4.393401554526E-01  7.327539E-13  7.263913E-12  1.660805E-10  3.310094E-06  2.696657E-30  3.735833E-23  5.893132E-28  1.000000E-30
    466  4.465935084243E-01  9.125436E-13  9.086379E-12  1.915578E-10  3.129656E-06  1.000000E-30  2.107742E-23  2.724800E-28  1.000000E-30
    467  4.537106765818E-01  1.128273E-12  1.127913E-11  2.203216E-10  2.959646E-06  1.000000E-30  1.280572E-23  1.360374E-28  1.000000E-30
    468  4.602314649238E-01  1.366352E-12  1.370512E-11  2.504209E-10  2.810033E-06  1.000000E-30  8.490896E-24  7.527600E-29  1.000000E-30
    469  4.709552966107E-01  1.859192E-12  1.874245E-11  3.090445E-10  2.576732E-06  1.243549E-30  4.663247E-24  3.063411E-29  1.000000E-30
    470  4.769745726746E-01  2.200980E-12  2.224562E-11  3.477169E-10  2.452657E-06  1.145368E-30  3.445686E-24  1.910392E-29  1.000000E-30
    471  4.828178172001E-01  2.584793E-12  2.618682E-11  3.898469E-10  2.336866E-06  1.000000E-30  2.617662E-24  1.229714E-29  1.000000E-30
    472  4.927188450138E-01  3.368720E-12  3.425603E-11  4.731041E-10  2.150925E-06  1.000000E-30  1.701479E-24  6.022052E-30  1.000000E-30
    473  5.000000000000E-01  4.066987E-12  4.145972E-11  5.453699E-10  2.022209E-06  1.000000E-30  1.267965E-24  3.636725E-30  1.000000E-30
