 *                                      
 * expansion:  temp0=  1.000E+10 den0=  3.000E+06 temp_stop=  1.000E+07
 *          time                gd181         gd182         gd183         gd184         gd185         gd186         gd187         gd188
      1  0.000000000000E+00  1.000000E-30  1.000000E-30  1.000000E-30  1.000000E-30  1.000000E-30  1.000000E-30  1.000000E-30  1.000000E-30
      2  1.000000000000E-16  1.000042E-30  1.000000E-30  1.000047E-30  1.000000E-30  1.000045E-30  1.000000E-30  1.000072E-30  1.000000E-30
      3  6.264265632874E-16  1.000262E-30  1.000000E-30  1.000295E-30  1.000000E-30  1.000281E-30  1.000000E-30  1.000452E-30  1.000000E-30
      4  2.206990590178E-15  1.000923E-30  1.000000E-30  1.001038E-30  1.000000E-30  1.000988E-30  1.000000E-30  1.001589E-30  1.000000E-30
      5  6.425069294186E-15  1.002683E-30  1.000000E-30  1.003016E-30  1.000000E-30  1.002870E-30  1.000000E-30  1.004617E-30  1.000000E-30
      6  1.724777641531E-14  1.007164E-30  1.000000E-30  1.008054E-30  1.000000E-30  1.007665E-30  1.000000E-30  1.012321E-30  1.000000E-30
      7  4.527785414179E-14  1.018549E-30  1.000000E-30  1.020868E-30  1.000000E-30  1.019858E-30  1.000000E-30  1.031858E-30  1.000000E-30
      8  1.231582592127E-13  1.048579E-30  1.000000E-30  1.054745E-30  1.000000E-30  1.052372E-30  1.000000E-30  1.083120E-30  1.000000E-30
      9  4.001734798240E-13  1.138509E-30  1.000000E-30  1.156961E-30  1.000000E-30  1.161294E-30  1.012016E-30  1.234008E-30  1.000000E-30
     10  1.150918682670E-12  1.300185E-30  1.083255E-30  1.343010E-30  1.071221E-30  1.472951E-30  1.141503E-30  1.473620E-30  1.000000E-30
     11  2.802808442389E-12  1.538254E-30  1.374864E-30  1.746423E-30  1.431963E-30  1.992369E-30  1.303444E-30  1.632119E-30  1.000000E-30
     12  6.912921996243E-12  1.830239E-30  1.677909E-30  2.193879E-30  1.657579E-30  2.238597E-30  1.342269E-30  1.663235E-30  1.000002E-30
     13  1.659368270033E-11  1.923187E-30  1.731155E-30  2.260790E-30  1.698802E-30  2.347904E-30  1.458355E-30  1.764056E-30  1.038517E-30
     14  1.134012897413E-10  1.722324E-30  1.518662E-30  1.843335E-30  1.369534E-30  1.729895E-30  1.202751E-30  1.386460E-30  1.000000E-30
     15  1.081477360150E-09  1.268762E-30  1.049026E-30  1.246755E-30  1.000000E-30  1.054515E-30  1.000000E-30  1.000000E-30  1.000000E-30
     16  1.076223806424E-08  1.000000E-30  1.000000E-30  1.000000E-30  1.000000E-30  1.000000E-30  1.000000E-30  1.000000E-30  1.000000E-30
     17  6.834096797002E-08  1.000000E-30  1.000000E-30  1.000000E-30  1.000000E-30  1.000000E-30  1.000000E-30  1.000000E-30  1.000000E-30
     18  2.542122411654E-07  1.000000E-30  1.000000E-30  1.000000E-30  1.000000E-30  1.000000E-30  1.000000E-30  1.000000E-30  1.000000E-30
     19  7.007518887657E-07  1.000000E-30  1.000000E-30  1.000000E-30  1.000000E-30  1.000000E-30  1.000000E-30  1.000000E-30  1.000000E-30
     20  1.724661805125E-06  1.000000E-30  1.000000E-30  1.000000E-30  1.000000E-30  1.000000E-30  1.000000E-30  1.000000E-30  1.000000E-30
     21  4.267664185819E-06  1.000000E-30  1.000000E-30  1.000000E-30  1.000000E-30  1.000000E-30  1.000000E-30  1.000000E-30  1.000000E-30
     22  1.786211798807E-05  1.000000E-30  1.000000E-30  1.000000E-30  1.000000E-30  1.000000E-30  1.000000E-30  1.000000E-30  1.000000E-30
     23  6.929007850093E-05  1.000000E-30  1.000000E-30  1.000000E-30  1.000000E-30  1.000000E-30  1.000000E-30  1.000000E-30  1.000000E-30
     24  5.835696836295E-04  1.000000E-30  1.000000E-30  1.000000E-30  1.000000E-30  1.000000E-30  1.000000E-30  1.000000E-30  1.000000E-30
     25  1.496090518789E-03  1.000000E-30  1.000000E-30  1.000000E-30  1.000000E-30  1.000000E-30  1.000000E-30  1.000000E-30  1.000000E-30
     26  2.379765156362E-03  1.000000E-30  1.000000E-30  1.000000E-30  1.000000E-30  1.000000E-30  1.000000E-30  1.000000E-30  1.000000E-30
     27  3.772948503579E-03  1.000000E-30  1.000000E-30  1.000000E-30  1.000000E-30  1.000000E-30  1.000000E-30  1.000000E-30  1.000000E-30
     28  4.957278025650E-03  1.000000E-30  1.000000E-30  1.000000E-30  1.000000E-30  1.000000E-30  1.000000E-30  1.000000E-30  1.000000E-30
     29  5.758110286319E-03  1.000000E-30  1.000000E-30  1.000000E-30  1.000000E-30  1.000000E-30  1.000000E-30  1.000000E-30  1.000000E-30
     30  6.636115041812E-03  1.000000E-30  1.000000E-30  1.000000E-30  1.000000E-30  1.000000E-30  1.000000E-30  1.000000E-30  1.000000E-30
     31  7.490864585256E-03  1.000000E-30  1.000000E-30  1.000000E-30  1.000000E-30  1.000000E-30  1.000000E-30  1.000000E-30  1.000000E-30
     32  8.026631019591E-03  1.000000E-30  1.000000E-30  1.000000E-30  1.000000E-30  1.000000E-30  1.000000E-30  1.000000E-30  1.000000E-30
     33  8.451616658664E-03  1.000000E-30  1.000000E-30  1.000000E-30  1.000000E-30  1.000000E-30  1.000000E-30  1.000000E-30  1.000000E-30
     34  9.803471762980E-03  1.000000E-30  1.000000E-30  1.000000E-30  1.000000E-30  1.000000E-30  1.000000E-30  1.000000E-30  1.000000E-30
     35  1.116687552369E-02  1.000000E-30  1.000000E-30  1.000000E-30  1.000000E-30  1.000000E-30  1.000000E-30  1.000000E-30  1.000000E-30
     36  1.219012310682E-02  1.000000E-30  1.000000E-30  1.000000E-30  1.000000E-30  1.000000E-30  1.000000E-30  1.000000E-30  1.000000E-30
     37  1.314647137106E-02  1.000000E-30  1.000000E-30  1.000000E-30  1.000000E-30  1.000000E-30  1.000000E-30  1.000000E-30  1.000000E-30
     38  1.431720408173E-02  1.000000E-30  1.000000E-30  1.000000E-30  1.000000E-30  1.000000E-30  1.000000E-30  1.000000E-30  1.000000E-30
     39  1.545287753035E-02  1.000000E-30  1.000000E-30  1.000000E-30  1.000000E-30  1.000000E-30  1.000000E-30  1.000000E-30  1.000000E-30
     40  1.716820108076E-02  1.000000E-30  1.000000E-30  1.000000E-30  1.000000E-30  1.000000E-30  1.000000E-30  1.000000E-30  1.000000E-30
     41  1.871872199221E-02  1.000000E-30  1.000000E-30  1.000000E-30  1.000000E-30  1.000000E-30  1.000000E-30  1.000000E-30  1.000000E-30
     42  2.131412024987E-02  1.000000E-30  1.000000E-30  1.000000E-30  1.000000E-30  1.000000E-30  1.000000E-30  1.000000E-30  1.000000E-30
     43  2.288535686070E-02  1.000000E-30  1.000000E-30  1.000000E-30  1.000000E-30  1.000000E-30  1.000000E-30  1.000000E-30  1.000000E-30
     44  2.437102778700E-02  1.000000E-30  1.000000E-30  1.000000E-30  1.000000E-30  1.000000E-30  1.000000E-30  1.000000E-30  1.000000E-30
     45  2.666254430666E-02  1.000000E-30  1.000000E-30  1.000000E-30  1.000000E-30  1.000000E-30  1.000000E-30  1.000000E-30  1.000000E-30
     46  2.807329513827E-02  1.000000E-30  1.000000E-30  1.000000E-30  1.000000E-30  1.000000E-30  1.000000E-30  1.000000E-30  1.000000E-30
     47  2.946719119355E-02  1.000000E-30  1.000000E-30  1.000000E-30  1.000000E-30  1.000000E-30  1.000000E-30  1.000000E-30  1.000000E-30
     48  2.982466835475E-02  1.000000E-30  1.000000E-30  1.000000E-30  1.000000E-30  1.000000E-30  1.000000E-30  1.000000E-30  1.000000E-30
     49  3.017238950627E-02  1.000000E-30  1.000000E-30  1.000000E-30  1.000000E-30  1.000000E-30  1.000000E-30  1.000000E-30  1.000000E-30
     50  3.052509122072E-02  1.000000E-30  1.000000E-30  1.000000E-30  1.000000E-30  1.000000E-30  1.000000E-30  1.000000E-30  1.000000E-30
     51  3.066477686677E-02  1.000000E-30  1.000000E-30  1.000000E-30  1.000000E-30  1.000000E-30  1.000000E-30  1.000000E-30  1.000000E-30
     52  3.080037159611E-02  1.000000E-30  1.000000E-30  1.000000E-30  1.000000E-30  1.000000E-30  1.000000E-30  1.000000E-30  1.000000E-30
     53  3.111325257314E-02  1.000000E-30  1.000000E-30  1.000000E-30  1.000000E-30  1.000000E-30  1.000000E-30  1.000000E-30  1.000000E-30
     54  3.147800645819E-02  1.000000E-30  1.000000E-30  1.000000E-30  1.000000E-30  1.000000E-30  1.000000E-30  1.000000E-30  1.000000E-30
     55  3.181357346897E-02  1.000000E-30  1.000000E-30  1.000000E-30  1.000000E-30  1.000000E-30  1.000000E-30  1.000000E-30  1.000000E-30
     56  3.217197145871E-02  1.000000E-30  1.000000E-30  1.000000E-30  1.000000E-30  1.000000E-30  1.000000E-30  1.000000E-30  1.000000E-30
     57  3.249951277145E-02  1.000000E-30  1.000000E-30  1.000000E-30  1.000000E-30  1.000000E-30  1.000000E-30  1.000000E-30  1.000000E-30
     58  3.262595809504E-02  1.000000E-30  1.000000E-30  1.000000E-30  1.000000E-30  1.000000E-30  1.000000E-30  1.000000E-30  1.000000E-30
     59  3.272641576722E-02  1.000000E-30  1.000000E-30  1.000000E-30  1.000000E-30  1.000000E-30  1.000000E-30  1.000000E-30  1.000000E-30
     60  3.304841700500E-02  1.000000E-30  1.000000E-30  1.000000E-30  1.000000E-30  1.000000E-30  1.000000E-30  1.000000E-30  1.000000E-30
     61  3.362823507679E-02  1.000000E-30  1.000000E-30  1.000000E-30  1.000000E-30  1.000000E-30  1.000000E-30  1.000000E-30  1.000000E-30
     62  3.417743618412E-02  1.000000E-30  1.000000E-30  1.000000E-30  1.000000E-30  1.000000E-30  1.000000E-30  1.000000E-30  1.000000E-30
     63  3.448472684867E-02  1.000000E-30  1.000000E-30  1.000000E-30  1.000000E-30  1.000000E-30  1.000000E-30  1.000000E-30  1.000000E-30
     64  3.459225947862E-02  1.000000E-30  1.000000E-30  1.000000E-30  1.000000E-30  1.000000E-30  1.000000E-30  1.000000E-30  1.000000E-30
     65  3.468161085917E-02  1.000000E-30  1.000000E-30  1.000000E-30  1.000000E-30  1.000000E-30  1.000000E-30  1.000000E-30  1.000000E-30
     66  3.501586344154E-02  1.000000E-30  1.000000E-30  1.000000E-30  1.000000E-30  1.000000E-30  1.000000E-30  1.000000E-30  1.000000E-30
     67  3.563385967804E-02  1.000000E-30  1.000000E-30  1.000000E-30  1.000000E-30  1.000000E-30  1.000000E-30  1.000000E-30  1.000000E-30
     68  3.619390900501E-02  1.000000E-30  1.000000E-30  1.000000E-30  1.000000E-30  1.000000E-30  1.000000E-30  1.000000E-30  1.000000E-30
     69  3.661379630041E-02  1.000000E-30  1.000000E-30  1.000000E-30  1.000000E-30  1.000000E-30  1.000000E-30  1.000000E-30  1.000000E-30
     70  3.704099468238E-02  1.000000E-30  1.000000E-30  1.000000E-30  1.000000E-30  1.000000E-30  1.000000E-30  1.000000E-30  1.000000E-30
     71  3.731378163516E-02  1.000000E-30  1.000000E-30  1.000000E-30  1.000000E-30  1.000000E-30  1.000000E-30  1.000000E-30  1.000000E-30
     72  3.757630769329E-02  1.000000E-30  1.000000E-30  1.000000E-30  1.000000E-30  1.000000E-30  1.000000E-30  1.000000E-30  1.000000E-30
     73  3.788075418501E-02  1.000000E-30  1.000000E-30  1.000000E-30  1.000000E-30  1.000000E-30  1.000000E-30  1.000000E-30  1.000000E-30
     74  3.819794660071E-02  1.000000E-30  1.000000E-30  1.000000E-30  1.000000E-30  1.000000E-30  1.000000E-30  1.000000E-30  1.000000E-30
     75  3.838080203158E-02  1.000000E-30  1.000000E-30  1.000000E-30  1.000000E-30  1.000000E-30  1.000000E-30  1.000000E-30  1.000000E-30
     76  3.859219912978E-02  1.000000E-30  1.000000E-30  1.000000E-30  1.000000E-30  1.000000E-30  1.000000E-30  1.000000E-30  1.000000E-30
     77  3.884096228080E-02  1.000000E-30  1.000000E-30  1.000000E-30  1.000000E-30  1.000000E-30  1.000000E-30  1.000000E-30  1.000000E-30
     78  3.907668434759E-02  1.000000E-30  1.000000E-30  1.000000E-30  1.000000E-30  1.000000E-30  1.000000E-30  1.000000E-30  1.000000E-30
     79  3.934936577490E-02  1.000000E-30  1.000000E-30  1.000000E-30  1.000000E-30  1.000000E-30  1.000000E-30  1.000000E-30  1.000000E-30
     80  3.961640452516E-02  1.000000E-30  1.000000E-30  1.000000E-30  1.000000E-30  1.000000E-30  1.000000E-30  1.000000E-30  1.000000E-30
     81  3.991996766101E-02  1.000000E-30  1.000000E-30  1.000000E-30  1.000000E-30  1.000000E-30  1.000000E-30  1.000000E-30  1.000000E-30
     82  4.019473378510E-02  1.000000E-30  1.000000E-30  1.000000E-30  1.000000E-30  1.000000E-30  1.000000E-30  1.000000E-30  1.000000E-30
     83  4.046928694587E-02  1.000000E-30  1.000000E-30  1.000000E-30  1.000000E-30  1.000000E-30  1.000000E-30  1.000000E-30  1.000000E-30
     84  4.074955599116E-02  1.000000E-30  1.000000E-30  1.000000E-30  1.000000E-30  1.000000E-30  1.000000E-30  1.000000E-30  1.000000E-30
     85  4.099011663524E-02  1.000000E-30  1.000000E-30  1.000000E-30  1.000000E-30  1.000000E-30  1.000000E-30  1.000000E-30  1.000000E-30
     86  4.118445936105E-02  1.000000E-30  1.000000E-30  1.000000E-30  1.000000E-30  1.000000E-30  1.000000E-30  1.000000E-30  1.000000E-30
     87  4.137235583218E-02  1.000000E-30  1.000000E-30  1.000000E-30  1.000000E-30  1.000000E-30  1.000000E-30  1.000000E-30  1.000000E-30
     88  4.152714488067E-02  1.000000E-30  1.000000E-30  1.000000E-30  1.000000E-30  1.000000E-30  1.000000E-30  1.000000E-30  1.000000E-30
     89  4.165981986900E-02  1.000000E-30  1.000000E-30  1.000000E-30  1.000000E-30  1.000000E-30  1.000000E-30  1.000000E-30  1.000000E-30
     90  4.188596337322E-02  1.000000E-30  1.000000E-30  1.000000E-30  1.000000E-30  1.000000E-30  1.000000E-30  1.000000E-30  1.000000E-30
     91  4.208159634323E-02  1.000000E-30  1.000000E-30  1.000000E-30  1.000000E-30  1.000000E-30  1.000000E-30  1.000000E-30  1.000000E-30
     92  4.230932596557E-02  1.000000E-30  1.000000E-30  1.000000E-30  1.000000E-30  1.000000E-30  1.000000E-30  1.000000E-30  1.000000E-30
     93  4.251598135750E-02  1.000000E-30  1.000000E-30  1.000000E-30  1.000000E-30  1.000000E-30  1.000000E-30  1.000000E-30  1.000000E-30
     94  4.274368410830E-02  1.000000E-30  1.000000E-30  1.000000E-30  1.000000E-30  1.000000E-30  1.000000E-30  1.000000E-30  1.000000E-30
     95  4.294191711445E-02  1.000000E-30  1.000000E-30  1.000000E-30  1.000000E-30  1.000000E-30  1.000000E-30  1.000000E-30  1.000000E-30
     96  4.316569238790E-02  1.000000E-30  1.000000E-30  1.000000E-30  1.000000E-30  1.000000E-30  1.000000E-30  1.000000E-30  1.000000E-30
     97  4.339365876136E-02  1.000000E-30  1.000000E-30  1.000000E-30  1.000000E-30  1.000000E-30  1.000000E-30  1.000000E-30  1.000000E-30
     98  4.362382833621E-02  1.000000E-30  1.000000E-30  1.000000E-30  1.000000E-30  1.000000E-30  1.000000E-30  1.000000E-30  1.000000E-30
     99  4.384703699487E-02  1.000000E-30  1.000000E-30  1.000000E-30  1.000000E-30  1.000000E-30  1.000000E-30  1.000000E-30  1.000000E-30
    100  4.408801045744E-02  1.000000E-30  1.000000E-30  1.000000E-30  1.000000E-30  1.000000E-30  1.000000E-30  1.000000E-30  1.000000E-30
    101  4.430336182063E-02  1.000000E-30  1.000000E-30  1.000000E-30  1.000000E-30  1.000000E-30  1.000000E-30  1.000000E-30  1.000000E-30
    102  4.453208602613E-02  1.000000E-30  1.000000E-30  1.000000E-30  1.000000E-30  1.000000E-30  1.000000E-30  1.000000E-30  1.000000E-30
    103  4.474836808964E-02  1.000000E-30  1.000000E-30  1.000000E-30  1.000000E-30  1.000000E-30  1.000000E-30  1.000000E-30  1.000000E-30
    104  4.497736119052E-02  1.000000E-30  1.000000E-30  1.000000E-30  1.000000E-30  1.000000E-30  1.000000E-30  1.000000E-30  1.000000E-30
    105  4.517199675598E-02  1.000000E-30  1.000000E-30  1.000000E-30  1.000000E-30  1.000000E-30  1.000000E-30  1.000000E-30  1.000000E-30
    106  4.536038532241E-02  1.000000E-30  1.000000E-30  1.000000E-30  1.000000E-30  1.000000E-30  1.000000E-30  1.000000E-30  1.000000E-30
    107  4.552484255766E-02  1.000000E-30  1.000000E-30  1.000000E-30  1.000000E-30  1.000000E-30  1.000000E-30  1.000000E-30  1.000000E-30
    108  4.581275722245E-02  1.000000E-30  1.000000E-30  1.000000E-30  1.000000E-30  1.000000E-30  1.000000E-30  1.000000E-30  1.000000E-30
    109  4.603616864208E-02  1.000000E-30  1.000000E-30  1.000000E-30  1.000000E-30  1.000000E-30  1.000000E-30  1.000000E-30  1.000000E-30
    110  4.624194314299E-02  1.000000E-30  1.000000E-30  1.000000E-30  1.000000E-30  1.000000E-30  1.000000E-30  1.000000E-30  1.000000E-30
    111  4.641297951594E-02  1.000000E-30  1.000000E-30  1.000000E-30  1.000000E-30  1.000000E-30  1.000000E-30  1.000000E-30  1.000000E-30
    112  4.656990459822E-02  1.000000E-30  1.000000E-30  1.000000E-30  1.000000E-30  1.000000E-30  1.000000E-30  1.000000E-30  1.000000E-30
    113  4.671253119976E-02  1.000000E-30  1.000000E-30  1.000000E-30  1.000000E-30  1.000000E-30  1.000000E-30  1.000000E-30  1.000000E-30
    114  4.684580987606E-02  1.000000E-30  1.000000E-30  1.000000E-30  1.000000E-30  1.000000E-30  1.000000E-30  1.000000E-30  1.000000E-30
    115  4.697520204195E-02  1.000000E-30  1.000000E-30  1.000000E-30  1.000000E-30  1.000000E-30  1.000000E-30  1.000000E-30  1.000000E-30
    116  4.709649788536E-02  1.000000E-30  1.000000E-30  1.000000E-30  1.000000E-30  1.000000E-30  1.000000E-30  1.000000E-30  1.000000E-30
    117  4.721637454993E-02  1.000000E-30  1.000000E-30  1.000000E-30  1.000000E-30  1.000000E-30  1.000000E-30  1.000000E-30  1.000000E-30
    118  4.732862910872E-02  1.000000E-30  1.000000E-30  1.000000E-30  1.000000E-30  1.000000E-30  1.000000E-30  1.000000E-30  1.000000E-30
    119  4.750539400184E-02  1.000000E-30  1.000000E-30  1.000000E-30  1.000000E-30  1.000000E-30  1.000000E-30  1.000000E-30  1.000000E-30
    120  4.767210524850E-02  1.000000E-30  1.000000E-30  1.000000E-30  1.000000E-30  1.000000E-30  1.000000E-30  1.000000E-30  1.000000E-30
    121  4.783406579930E-02  1.000000E-30  1.000000E-30  1.000000E-30  1.000000E-30  1.000000E-30  1.000000E-30  1.000000E-30  1.000000E-30
    122  4.799263518131E-02  1.000000E-30  1.000000E-30  1.000000E-30  1.000000E-30  1.000000E-30  1.000000E-30  1.000000E-30  1.000000E-30
    123  4.815339657435E-02  1.000000E-30  1.000000E-30  1.000000E-30  1.000000E-30  1.000000E-30  1.000000E-30  1.000000E-30  1.000000E-30
    124  4.832264594384E-02  1.000000E-30  1.000000E-30  1.000000E-30  1.000000E-30  1.000000E-30  1.000000E-30  1.000000E-30  1.000000E-30
    125  4.849826454798E-02  1.000000E-30  1.000000E-30  1.000000E-30  1.000000E-30  1.000000E-30  1.000000E-30  1.000000E-30  1.000000E-30
    126  4.867786870736E-02  1.000000E-30  1.000000E-30  1.000000E-30  1.000000E-30  1.000000E-30  1.000000E-30  1.000000E-30  1.000000E-30
    127  4.885872256535E-02  1.000000E-30  1.000000E-30  1.000000E-30  1.000000E-30  1.000000E-30  1.000000E-30  1.000000E-30  1.000000E-30
    128  4.903755607841E-02  1.000000E-30  1.000000E-30  1.000000E-30  1.000000E-30  1.000000E-30  1.000000E-30  1.000000E-30  1.000000E-30
    129  4.921259737621E-02  1.000000E-30  1.000000E-30  1.000000E-30  1.000000E-30  1.000000E-30  1.000000E-30  1.000000E-30  1.000000E-30
    130  4.938368810460E-02  1.000000E-30  1.000000E-30  1.000000E-30  1.000000E-30  1.000000E-30  1.000000E-30  1.000000E-30  1.000000E-30
    131  4.955132280349E-02  1.000000E-30  1.000000E-30  1.000000E-30  1.000000E-30  1.000000E-30  1.000000E-30  1.000000E-30  1.000000E-30
    132  4.971624312404E-02  1.000000E-30  1.000000E-30  1.000000E-30  1.000000E-30  1.000000E-30  1.000000E-30  1.000000E-30  1.000000E-30
    133  4.987811857735E-02  1.000000E-30  1.000000E-30  1.000000E-30  1.000000E-30  1.000000E-30  1.000000E-30  1.000000E-30  1.000000E-30
    134  5.003799836445E-02  1.000000E-30  1.000000E-30  1.000000E-30  1.000000E-30  1.000000E-30  1.000000E-30  1.000000E-30  1.000000E-30
    135  5.019682549602E-02  1.000000E-30  1.000000E-30  1.000000E-30  1.000000E-30  1.000000E-30  1.000000E-30  1.000000E-30  1.000000E-30
    136  5.035511419132E-02  1.000000E-30  1.000000E-30  1.000000E-30  1.000000E-30  1.000000E-30  1.000000E-30  1.000000E-30  1.000000E-30
    137  5.051299755300E-02  1.000000E-30  1.000000E-30  1.000000E-30  1.000000E-30  1.000000E-30  1.000000E-30  1.000000E-30  1.000000E-30
    138  5.067010535678E-02  1.000000E-30  1.000000E-30  1.000000E-30  1.000000E-30  1.000000E-30  1.000000E-30  1.000000E-30  1.000000E-30
    139  5.082726902819E-02  1.000000E-30  1.000000E-30  1.000000E-30  1.000000E-30  1.000000E-30  1.000000E-30  1.000000E-30  1.000000E-30
    140  5.098506829486E-02  1.000000E-30  1.000000E-30  1.000000E-30  1.000000E-30  1.000000E-30  1.000000E-30  1.000000E-30  1.000000E-30
    141  5.114361869269E-02  1.000000E-30  1.000000E-30  1.000000E-30  1.000000E-30  1.000000E-30  1.000000E-30  1.000000E-30  1.000000E-30
    142  5.130328078870E-02  1.000000E-30  1.000000E-30  1.000000E-30  1.000000E-30  1.000000E-30  1.000000E-30  1.000000E-30  1.000000E-30
    143  5.146205644840E-02  1.000000E-30  1.000000E-30  1.000000E-30  1.000000E-30  1.000000E-30  1.000000E-30  1.000000E-30  1.000000E-30
    144  5.162089365231E-02  1.000000E-30  1.000000E-30  1.000000E-30  1.000000E-30  1.000000E-30  1.000000E-30  1.000000E-30  1.000000E-30
    145  5.177902725711E-02  1.000000E-30  1.000000E-30  1.000000E-30  1.000000E-30  1.000000E-30  1.000000E-30  1.000000E-30  1.000000E-30
    146  5.193558292952E-02  1.000000E-30  1.000000E-30  1.000000E-30  1.000000E-30  1.000000E-30  1.000000E-30  1.000000E-30  1.000000E-30
    147  5.207655208218E-02  1.000000E-30  1.000000E-30  1.000000E-30  1.000000E-30  1.000000E-30  1.000000E-30  1.000000E-30  1.000000E-30
    148  5.220437120847E-02  1.000000E-30  1.000000E-30  1.000000E-30  1.000000E-30  1.000000E-30  1.000000E-30  1.000000E-30  1.000000E-30
    149  5.240275279905E-02  1.000000E-30  1.000000E-30  1.000000E-30  1.000000E-30  1.000000E-30  1.000000E-30  1.000000E-30  1.000000E-30
    150  5.258707116153E-02  1.000000E-30  1.000000E-30  1.000000E-30  1.000000E-30  1.000000E-30  1.000000E-30  1.000000E-30  1.000000E-30
    151  5.276353482958E-02  1.000000E-30  1.000000E-30  1.000000E-30  1.000000E-30  1.000000E-30  1.000000E-30  1.000000E-30  1.000000E-30
    152  5.293536770993E-02  1.000000E-30  1.000000E-30  1.000000E-30  1.000000E-30  1.000000E-30  1.000000E-30  1.000000E-30  1.000000E-30
    153  5.310288915571E-02  1.000000E-30  1.000000E-30  1.000000E-30  1.000000E-30  1.000000E-30  1.000000E-30  1.000000E-30  1.000000E-30
    154  5.325369291828E-02  1.000000E-30  1.000000E-30  1.000000E-30  1.000000E-30  1.000000E-30  1.000000E-30  1.000000E-30  1.000000E-30
    155  5.339308966526E-02  1.000000E-30  1.000000E-30  1.000000E-30  1.000000E-30  1.000000E-30  1.000000E-30  1.000000E-30  1.000000E-30
    156  5.362726198018E-02  1.000000E-30  1.000000E-30  1.000000E-30  1.000000E-30  1.000000E-30  1.000000E-30  1.000000E-30  1.000000E-30
    157  5.383816121000E-02  1.000000E-30  1.000000E-30  1.000000E-30  1.000000E-30  1.000000E-30  1.000000E-30  1.000000E-30  1.000000E-30
    158  5.403768730975E-02  1.000000E-30  1.000000E-30  1.000000E-30  1.000000E-30  1.000000E-30  1.000000E-30  1.000000E-30  1.000000E-30
    159  5.422986619970E-02  1.000000E-30  1.000000E-30  1.000000E-30  1.000000E-30  1.000000E-30  1.000000E-30  1.000000E-30  1.000000E-30
    160  5.440569294967E-02  1.000000E-30  1.000000E-30  1.000000E-30  1.000000E-30  1.000000E-30  1.000000E-30  1.000000E-30  1.000000E-30
    161  5.456994612052E-02  1.000000E-30  1.000000E-30  1.000000E-30  1.000000E-30  1.000000E-30  1.000000E-30  1.000000E-30  1.000000E-30
    162  5.485681963417E-02  1.000000E-30  1.000000E-30  1.000000E-30  1.000000E-30  1.000000E-30  1.000000E-30  1.000000E-30  1.000000E-30
    163  5.511708850657E-02  1.000000E-30  1.000000E-30  1.000000E-30  1.000000E-30  1.000000E-30  1.000000E-30  1.000000E-30  1.000000E-30
    164  5.536560227933E-02  1.000000E-30  1.000000E-30  1.000000E-30  1.000000E-30  1.000000E-30  1.000000E-30  1.000000E-30  1.000000E-30
    165  5.559867087093E-02  1.000000E-30  1.000000E-30  1.000000E-30  1.000000E-30  1.000000E-30  1.000000E-30  1.000000E-30  1.000000E-30
    166  5.582344501454E-02  1.000000E-30  1.000000E-30  1.000000E-30  1.000000E-30  1.000000E-30  1.000000E-30  1.000000E-30  1.000000E-30
    167  5.608267729631E-02  1.000000E-30  1.000000E-30  1.000000E-30  1.000000E-30  1.000000E-30  1.000000E-30  1.000000E-30  1.000000E-30
    168  5.632179590432E-02  1.000000E-30  1.000000E-30  1.000000E-30  1.000000E-30  1.000000E-30  1.000000E-30  1.000000E-30  1.000000E-30
    169  5.658568452696E-02  1.000000E-30  1.000000E-30  1.000000E-30  1.000000E-30  1.000000E-30  1.000000E-30  1.000000E-30  1.000000E-30
    170  5.682194908758E-02  1.000000E-30  1.000000E-30  1.000000E-30  1.000000E-30  1.000000E-30  1.000000E-30  1.000000E-30  1.000000E-30
    171  5.707748662895E-02  1.000000E-30  1.000000E-30  1.000000E-30  1.000000E-30  1.000000E-30  1.000000E-30  1.000000E-30  1.000000E-30
    172  5.730159219632E-02  1.000000E-30  1.000000E-30  1.000000E-30  1.000000E-30  1.000000E-30  1.000000E-30  1.000000E-30  1.000000E-30
    173  5.769211250520E-02  1.000000E-30  1.000000E-30  1.000000E-30  1.000000E-30  1.000000E-30  1.000000E-30  1.000000E-30  1.000000E-30
    174  5.804755660481E-02  1.000000E-30  1.000000E-30  1.000000E-30  1.000000E-30  1.000000E-30  1.000000E-30  1.000000E-30  1.000000E-30
    175  5.837706807704E-02  1.000000E-30  1.000000E-30  1.000000E-30  1.000000E-30  1.000000E-30  1.000000E-30  1.000000E-30  1.000000E-30
    176  5.868213309337E-02  1.000000E-30  1.000000E-30  1.000000E-30  1.000000E-30  1.000000E-30  1.000000E-30  1.000000E-30  1.000000E-30
    177  5.897372529375E-02  1.000000E-30  1.000000E-30  1.000000E-30  1.000000E-30  1.000000E-30  1.000000E-30  1.000000E-30  1.000000E-30
    178  5.927019313219E-02  1.000000E-30  1.000000E-30  1.000000E-30  1.000000E-30  1.000000E-30  1.000000E-30  1.000000E-30  1.000000E-30
    179  5.955970264735E-02  1.000000E-30  1.000000E-30  1.000000E-30  1.000000E-30  1.000000E-30  1.000000E-30  1.000000E-30  1.000000E-30
    180  5.987296131417E-02  1.000000E-30  1.000000E-30  1.000000E-30  1.000000E-30  1.000000E-30  1.000000E-30  1.000000E-30  1.000000E-30
    181  6.018239261751E-02  1.000000E-30  1.000000E-30  1.000000E-30  1.000000E-30  1.000000E-30  1.000000E-30  1.000000E-30  1.000000E-30
    182  6.051941164510E-02  1.000000E-30  1.000000E-30  1.000000E-30  1.000000E-30  1.000000E-30  1.000000E-30  1.000000E-30  1.000000E-30
    183  6.081686890997E-02  1.000000E-30  1.000000E-30  1.000000E-30  1.000000E-30  1.000000E-30  1.000000E-30  1.000000E-30  1.000000E-30
    184  6.107970107709E-02  1.000000E-30  1.000000E-30  1.000000E-30  1.000000E-30  1.000000E-30  1.000000E-30  1.000000E-30  1.000000E-30
    185  6.149099227918E-02  1.000000E-30  1.000000E-30  1.000000E-30  1.000000E-30  1.000000E-30  1.000000E-30  1.000000E-30  1.000000E-30
    186  6.184187848266E-02  1.000000E-30  1.000000E-30  1.000000E-30  1.000000E-30  1.000000E-30  1.000000E-30  1.000000E-30  1.000000E-30
    187  6.212841772032E-02  1.000000E-30  1.000000E-30  1.000000E-30  1.000000E-30  1.000000E-30  1.000000E-30  1.000000E-30  1.000000E-30
    188  6.241083345826E-02  1.000000E-30  1.000000E-30  1.000000E-30  1.000000E-30  1.000000E-30  1.000000E-30  1.000000E-30  1.000000E-30
    189  6.286334795077E-02  1.000000E-30  1.000000E-30  1.000000E-30  1.000000E-30  1.000000E-30  1.000000E-30  1.000000E-30  1.000000E-30
    190  6.324448148531E-02  1.000000E-30  1.000000E-30  1.000000E-30  1.000000E-30  1.000000E-30  1.000000E-30  1.000000E-30  1.000000E-30
    191  6.354755735680E-02  1.000000E-30  1.000000E-30  1.000000E-30  1.000000E-30  1.000000E-30  1.000000E-30  1.000000E-30  1.000000E-30
    192  6.382753282149E-02  1.000000E-30  1.000000E-30  1.000000E-30  1.000000E-30  1.000000E-30  1.000000E-30  1.000000E-30  1.000000E-30
    193  6.429792763326E-02  1.000000E-30  1.000000E-30  1.000000E-30  1.000000E-30  1.000000E-30  1.000000E-30  1.000000E-30  1.000000E-30
    194  6.470641913937E-02  1.000000E-30  1.000000E-30  1.000000E-30  1.000000E-30  1.000000E-30  1.000000E-30  1.000000E-30  1.000000E-30
    195  6.514351188605E-02  1.000000E-30  1.000000E-30  1.000000E-30  1.000000E-30  1.000000E-30  1.000000E-30  1.000000E-30  1.000000E-30
    196  6.551961572666E-02  1.000000E-30  1.000000E-30  1.000000E-30  1.000000E-30  1.000000E-30  1.000000E-30  1.000000E-30  1.000000E-30
    197  6.614173306661E-02  1.000000E-30  1.000000E-30  1.000000E-30  1.000000E-30  1.000000E-30  1.000000E-30  1.000000E-30  1.000000E-30
    198  6.666431851744E-02  1.000000E-30  1.000000E-30  1.000000E-30  1.000000E-30  1.000000E-30  1.000000E-30  1.000000E-30  1.000000E-30
    199  6.714973898932E-02  1.000000E-30  1.000000E-30  1.000000E-30  1.000000E-30  1.000000E-30  1.000000E-30  1.000000E-30  1.000000E-30
    200  6.763365269933E-02  1.000000E-30  1.000000E-30  1.000000E-30  1.000000E-30  1.000000E-30  1.000000E-30  1.000000E-30  1.000000E-30
    201  6.810748363549E-02  1.000000E-30  1.000000E-30  1.000000E-30  1.000000E-30  1.000000E-30  1.000000E-30  1.000000E-30  1.000000E-30
    202  6.886988901479E-02  1.000000E-30  1.000000E-30  1.000000E-30  1.000000E-30  1.000000E-30  1.000000E-30  1.000000E-30  1.000000E-30
    203  6.932442343830E-02  1.000000E-30  1.000000E-30  1.000000E-30  1.000000E-30  1.000000E-30  1.000000E-30  1.000000E-30  1.000000E-30
    204  6.977291475786E-02  1.000000E-30  1.000000E-30  1.000000E-30  1.000000E-30  1.000000E-30  1.000000E-30  1.000000E-30  1.000000E-30
    205  7.051837306122E-02  1.000000E-30  1.000000E-30  1.000000E-30  1.000000E-30  1.000000E-30  1.000000E-30  1.000000E-30  1.000000E-30
    206  7.120724846930E-02  1.000000E-30  1.000000E-30  1.000000E-30  1.000000E-30  1.000000E-30  1.000000E-30  1.000000E-30  1.000000E-30
    207  7.185571854523E-02  1.000000E-30  1.000000E-30  1.000000E-30  1.000000E-30  1.000000E-30  1.000000E-30  1.000000E-30  1.000000E-30
    208  7.250556240022E-02  1.000000E-30  1.000000E-30  1.000000E-30  1.000000E-30  1.000000E-30  1.000000E-30  1.000000E-30  1.000000E-30
    209  7.308358088908E-02  1.000000E-30  1.000000E-30  1.000000E-30  1.000000E-30  1.000000E-30  1.000000E-30  1.000000E-30  1.000000E-30
    210  7.365083251161E-02  1.000000E-30  1.000000E-30  1.000000E-30  1.000000E-30  1.000000E-30  1.000000E-30  1.000000E-30  1.000000E-30
    211  7.420607479025E-02  1.000000E-30  1.000000E-30  1.000000E-30  1.000000E-30  1.000000E-30  1.000000E-30  1.000000E-30  1.000000E-30
    212  7.477269193766E-02  1.000000E-30  1.000000E-30  1.000000E-30  1.000000E-30  1.000000E-30  1.000000E-30  1.000000E-30  1.000000E-30
    213  7.532671922740E-02  1.000000E-30  1.000000E-30  1.000000E-30  1.000000E-30  1.000000E-30  1.000000E-30  1.000000E-30  1.000000E-30
    214  7.590819975934E-02  1.000000E-30  1.000000E-30  1.000000E-30  1.000000E-30  1.000000E-30  1.000000E-30  1.000000E-30  1.000000E-30
    215  7.648106882397E-02  1.000000E-30  1.000000E-30  1.000000E-30  1.000000E-30  1.000000E-30  1.000000E-30  1.000000E-30  1.000000E-30
    216  7.706864365518E-02  1.000000E-30  1.000000E-30  1.000000E-30  1.000000E-30  1.000000E-30  1.000000E-30  1.000000E-30  1.000000E-30
    217  7.765097184480E-02  1.000000E-30  1.000000E-30  1.000000E-30  1.000000E-30  1.000000E-30  1.000000E-30  1.000000E-30  1.000000E-30
    218  7.824188421090E-02  1.000000E-30  1.000000E-30  1.000000E-30  1.000000E-30  1.000000E-30  1.000000E-30  1.000000E-30  1.000000E-30
    219  7.883216312169E-02  1.000000E-30  1.000000E-30  1.000000E-30  1.000000E-30  1.000000E-30  1.000000E-30  1.000000E-30  1.000000E-30
    220  7.934760137230E-02  1.000000E-30  1.000000E-30  1.000000E-30  1.000000E-30  1.000000E-30  1.000000E-30  1.000000E-30  1.000000E-30
    221  7.991019390762E-02  1.000000E-30  1.000000E-30  1.000000E-30  1.000000E-30  1.000000E-30  1.000000E-30  1.000000E-30  1.000000E-30
    222  8.044081450283E-02  1.000000E-30  1.000000E-30  1.000000E-30  1.000000E-30  1.000000E-30  1.000000E-30  1.000000E-30  1.000000E-30
    223  8.103419684334E-02  1.000000E-30  1.000000E-30  1.000000E-30  1.000000E-30  1.000000E-30  1.000000E-30  1.000000E-30  1.000000E-30
    224  8.158988408622E-02  1.000000E-30  1.000000E-30  1.000000E-30  1.000000E-30  1.000000E-30  1.000000E-30  1.000000E-30  1.000000E-30
    225  8.219791245697E-02  1.000000E-30  1.000000E-30  1.000000E-30  1.000000E-30  1.000000E-30  1.000000E-30  1.000000E-30  1.000000E-30
    226  8.273529679330E-02  1.000000E-30  1.000000E-30  1.000000E-30  1.000000E-30  1.000000E-30  1.000000E-30  1.000000E-30  1.000000E-30
    227  8.327310875316E-02  1.000000E-30  1.000000E-30  1.000000E-30  1.000000E-30  1.000000E-30  1.000000E-30  1.000000E-30  1.000000E-30
    228  8.381967664174E-02  1.000000E-30  1.000000E-30  1.000000E-30  1.000000E-30  1.000000E-30  1.000000E-30  1.000000E-30  1.000000E-30
    229  8.442137901789E-02  1.000000E-30  1.000000E-30  1.000000E-30  1.000000E-30  1.000000E-30  1.000000E-30  1.000000E-30  1.000000E-30
    230  8.496109010092E-02  1.000000E-30  1.000000E-30  1.000000E-30  1.000000E-30  1.000000E-30  1.000000E-30  1.000000E-30  1.000000E-30
    231  8.556251684447E-02  1.000000E-30  1.000000E-30  1.000000E-30  1.000000E-30  1.000000E-30  1.000000E-30  1.000000E-30  1.000000E-30
    232  8.609514523980E-02  1.000000E-30  1.000000E-30  1.000000E-30  1.000000E-30  1.000000E-30  1.000000E-30  1.000000E-30  1.000000E-30
    233  8.668730402486E-02  1.000000E-30  1.000000E-30  1.000000E-30  1.000000E-30  1.000000E-30  1.000000E-30  1.000000E-30  1.000000E-30
    234  8.725638446658E-02  1.000000E-30  1.000000E-30  1.000000E-30  1.000000E-30  1.000000E-30  1.000000E-30  1.000000E-30  1.000000E-30
    235  8.784892152766E-02  1.000000E-30  1.000000E-30  1.000000E-30  1.000000E-30  1.000000E-30  1.000000E-30  1.000000E-30  1.000000E-30
    236  8.837914431516E-02  1.000000E-30  1.000000E-30  1.000000E-30  1.000000E-30  1.000000E-30  1.000000E-30  1.000000E-30  1.000000E-30
    237  8.927467123273E-02  1.000000E-30  1.000000E-30  1.000000E-30  1.000000E-30  1.000000E-30  1.000000E-30  1.000000E-30  1.000000E-30
    238  9.009385267910E-02  1.000000E-30  1.000000E-30  1.000000E-30  1.000000E-30  1.000000E-30  1.000000E-30  1.000000E-30  1.000000E-30
    239  9.088007009323E-02  1.000000E-30  1.000000E-30  1.000000E-30  1.000000E-30  1.000000E-30  1.000000E-30  1.000000E-30  1.000000E-30
    240  9.160938796651E-02  1.000000E-30  1.000000E-30  1.000000E-30  1.000000E-30  1.000000E-30  1.000000E-30  1.000000E-30  1.000000E-30
    241  9.231864750676E-02  1.000000E-30  1.000000E-30  1.000000E-30  1.000000E-30  1.000000E-30  1.000000E-30  1.000000E-30  1.000000E-30
    242  9.335415502949E-02  1.000000E-30  1.000000E-30  1.000000E-30  1.000000E-30  1.000000E-30  1.000000E-30  1.000000E-30  1.000000E-30
    243  9.429165011748E-02  1.000000E-30  1.000000E-30  1.000000E-30  1.000000E-30  1.000000E-30  1.000000E-30  1.000000E-30  1.000000E-30
    244  9.514750284226E-02  1.000000E-30  1.000000E-30  1.000000E-30  1.000000E-30  1.000000E-30  1.000000E-30  1.000000E-30  1.000000E-30
    245  9.592869681963E-02  1.000000E-30  1.000000E-30  1.000000E-30  1.000000E-30  1.000000E-30  1.000000E-30  1.000000E-30  1.000000E-30
    246  9.638259128200E-02  1.000000E-30  1.000000E-30  1.000000E-30  1.000000E-30  1.000000E-30  1.000000E-30  1.000000E-30  1.000000E-30
    247  9.686466198075E-02  1.000000E-30  1.000000E-30  1.000000E-30  1.000000E-30  1.000000E-30  1.000000E-30  1.000000E-30  1.000000E-30
    248  9.745016881397E-02  1.000000E-30  1.000000E-30  1.000000E-30  1.000000E-30  1.000000E-30  1.000000E-30  1.000000E-30  1.000000E-30
    249  9.798964068785E-02  1.000000E-30  1.000000E-30  1.000000E-30  1.000000E-30  1.000000E-30  1.000000E-30  1.000000E-30  1.000000E-30
    250  9.892639389759E-02  1.000000E-30  1.000000E-30  1.000000E-30  1.000000E-30  1.000000E-30  1.000000E-30  1.000000E-30  1.000000E-30
    251  9.977784733458E-02  1.000000E-30  1.000000E-30  1.000000E-30  1.000000E-30  1.000000E-30  1.000000E-30  1.000000E-30  1.000000E-30
    252  1.005622893962E-01  1.000000E-30  1.000000E-30  1.000000E-30  1.000000E-30  1.000000E-30  1.000000E-30  1.000000E-30  1.000000E-30
    253  1.013070552067E-01  1.000000E-30  1.000000E-30  1.000000E-30  1.000000E-30  1.000000E-30  1.000000E-30  1.000000E-30  1.000000E-30
    254  1.019791947326E-01  1.000000E-30  1.000000E-30  1.000000E-30  1.000000E-30  1.000000E-30  1.000000E-30  1.000000E-30  1.000000E-30
    255  1.025982572428E-01  1.000000E-30  1.000000E-30  1.000000E-30  1.000000E-30  1.000000E-30  1.000000E-30  1.000000E-30  1.000000E-30
    256  1.032644197032E-01  1.000000E-30  1.000000E-30  1.000000E-30  1.000000E-30  1.000000E-30  1.000000E-30  1.000000E-30  1.000000E-30
    257  1.039121745974E-01  1.000000E-30  1.000000E-30  1.000000E-30  1.000000E-30  1.000000E-30  1.000000E-30  1.000000E-30  1.000000E-30
    258  1.045193471709E-01  1.000000E-30  1.000000E-30  1.000000E-30  1.000000E-30  1.000000E-30  1.000000E-30  1.000000E-30  1.000000E-30
    259  1.051181778144E-01  1.000000E-30  1.000000E-30  1.000000E-30  1.000000E-30  1.000000E-30  1.000000E-30  1.000000E-30  1.000000E-30
    260  1.056826419982E-01  1.000000E-30  1.000000E-30  1.000000E-30  1.000000E-30  1.000000E-30  1.000000E-30  1.000000E-30  1.000000E-30
    261  1.062431336111E-01  1.027942E-30  1.000000E-30  1.000000E-30  1.000000E-30  1.000000E-30  1.000000E-30  1.000000E-30  1.000000E-30
    262  1.068146627648E-01  1.837987E-30  1.000000E-30  1.000000E-30  1.000000E-30  1.000000E-30  1.000000E-30  1.000000E-30  1.000000E-30
    263  1.073656177930E-01  3.191742E-30  1.000000E-30  1.000000E-30  1.000000E-30  1.000000E-30  1.000000E-30  1.000000E-30  1.000000E-30
    264  1.079139362418E-01  5.493486E-30  1.000000E-30  1.000000E-30  1.000000E-30  1.000000E-30  1.000000E-30  1.000000E-30  1.000000E-30
    265  1.084202130578E-01  9.009805E-30  1.000000E-30  1.000000E-30  1.000000E-30  1.000000E-30  1.000000E-30  1.000000E-30  1.000000E-30
    266  1.089957947327E-01  1.573797E-29  1.000000E-30  1.000000E-30  1.000000E-30  1.000000E-30  1.000000E-30  1.000000E-30  1.000000E-30
    267  1.095139929398E-01  2.581832E-29  1.035527E-30  1.000000E-30  1.000000E-30  1.000000E-30  1.000000E-30  1.000000E-30  1.000000E-30
    268  1.100036617482E-01  4.099088E-29  1.737098E-30  1.000000E-30  1.000000E-30  1.000000E-30  1.000000E-30  1.000000E-30  1.000000E-30
    269  1.105581599754E-01  6.887864E-29  3.100286E-30  1.000000E-30  1.000000E-30  1.000000E-30  1.000000E-30  1.000000E-30  1.000000E-30
    270  1.111738162549E-01  1.218271E-28  5.867367E-30  1.000000E-30  1.000000E-30  1.000000E-30  1.000000E-30  1.000000E-30  1.000000E-30
    271  1.117276452796E-01  2.019007E-28  1.033896E-29  1.000000E-30  1.000000E-30  1.000000E-30  1.000000E-30  1.000000E-30  1.000000E-30
    272  1.122547306619E-01  3.244706E-28  1.762123E-29  1.000000E-30  1.000000E-30  1.000000E-30  1.000000E-30  1.000000E-30  1.000000E-30
    273  1.128196390807E-01  5.363567E-28  3.103553E-29  1.000000E-30  1.000000E-30  1.000000E-30  1.000000E-30  1.000000E-30  1.000000E-30
    274  1.134172103791E-01  9.064541E-28  5.611911E-29  1.000000E-30  1.000000E-30  1.000000E-30  1.000000E-30  1.000000E-30  1.000000E-30
    275  1.139661173569E-01  1.456391E-27  9.598621E-29  1.000000E-30  1.000000E-30  1.000000E-30  1.000000E-30  1.000000E-30  1.000000E-30
    276  1.145721141816E-01  2.440744E-27  1.724496E-28  1.069244E-30  1.000000E-30  1.000000E-30  1.000000E-30  1.000000E-30  1.000000E-30
    277  1.151138636995E-01  3.839372E-27  2.887977E-28  1.845169E-30  1.000000E-30  1.000000E-30  1.000000E-30  1.000000E-30  1.000000E-30
    278  1.160623872824E-01  8.429300E-27  7.081617E-28  4.747955E-30  1.000000E-30  1.000000E-30  1.000000E-30  1.000000E-30  1.000000E-30
    279  1.166131253687E-01  1.308825E-26  1.173375E-27  8.092874E-30  1.000000E-30  1.000000E-30  1.000000E-30  1.000000E-30  1.000000E-30
    280  1.171578902390E-01  2.005903E-26  1.918318E-27  1.360833E-29  1.619953E-30  1.000000E-30  1.000000E-30  1.000000E-30  1.000000E-30
    281  1.179966344325E-01  3.832252E-26  4.051316E-27  3.001989E-29  3.909794E-30  1.000000E-30  1.000000E-30  1.000000E-30  1.000000E-30
    282  1.184626561866E-01  5.420191E-26  6.061548E-27  4.602709E-29  6.364577E-30  1.000000E-30  1.000000E-30  1.000000E-30  1.000000E-30
    283  1.189221956404E-01  7.579817E-26  8.962309E-27  6.971972E-29  1.024746E-29  1.000000E-30  1.000000E-30  1.000000E-30  1.000000E-30
    284  1.197605220964E-01  1.384138E-25  1.813110E-26  1.474514E-28  2.425354E-29  1.000000E-30  1.000000E-30  1.000000E-30  1.000000E-30
    285  1.205341475296E-01  2.361546E-25  3.403326E-26  2.884613E-28  5.268859E-29  1.000000E-30  1.000000E-30  1.000000E-30  1.000000E-30
    286  1.212540834288E-01  3.810088E-25  6.005950E-26  5.291869E-28  1.066498E-28  1.497012E-30  1.000000E-30  1.000000E-30  1.000000E-30
    287  1.219299358624E-01  5.870208E-25  1.007322E-25  9.207077E-28  2.036673E-28  2.898278E-30  1.000000E-30  1.000000E-30  1.000000E-30
    288  1.225766858039E-01  8.740636E-25  1.627821E-25  1.541354E-27  3.729834E-28  5.550312E-30  1.000000E-30  1.000000E-30  1.000000E-30
    289  1.231854533608E-01  1.253869E-24  2.523699E-25  2.470962E-27  6.510813E-28  1.011244E-29  1.157672E-30  1.000000E-30  1.000000E-30
    290  1.237219182154E-01  1.703463E-24  3.673105E-25  3.704573E-27  1.052697E-27  1.698383E-29  2.103182E-30  1.000000E-30  1.000000E-30
    291  1.242404039059E-01  2.268056E-24  5.229288E-25  5.428237E-27  1.659962E-27  2.779009E-29  3.673841E-30  1.000000E-30  1.000000E-30
    292  1.248086455930E-01  3.071805E-24  7.625456E-25  8.170902E-27  2.709285E-27  4.724649E-29  6.715199E-30  1.000000E-30  1.000000E-30
    293  1.253177247642E-01  3.991955E-24  1.059243E-24  1.167928E-26  4.165805E-27  7.536887E-29  1.143610E-29  1.000000E-30  1.000000E-30
    294  1.258810647447E-01  5.282753E-24  1.509708E-24  1.718425E-26  6.648087E-27  1.253117E-28  2.045156E-29  1.000000E-30  1.000000E-30
    295  1.264205598797E-01  6.839723E-24  2.099535E-24  2.464164E-26  1.030910E-26  2.021532E-28  3.539517E-29  1.085356E-30  1.000000E-30
    296  1.270317883483E-01  9.069969E-24  3.020849E-24  3.671514E-26  1.679485E-26  3.445280E-28  6.536629E-29  2.119601E-30  1.000000E-30
    297  1.275757308169E-01  1.154267E-23  4.136076E-24  5.186655E-26  2.570178E-26  5.489978E-28  1.119359E-28  3.800246E-30  1.757060E-30
    298  1.286048671531E-01  1.789774E-23  7.374062E-24  9.815677E-26  5.665584E-26  1.307321E-27  3.058487E-28  1.133738E-29  6.183428E-30
    299  1.290949488661E-01  2.176000E-23  9.588375E-24  1.313454E-25  8.159473E-26  1.954167E-27  4.885323E-28  1.889086E-29  1.105940E-29
    300  1.295345101683E-01  2.578026E-23  1.206904E-23  1.696544E-25  1.126035E-25  2.788776E-27  7.401437E-28  2.973242E-29  1.855717E-29
    301  1.303954523490E-01  3.556120E-23  1.876088E-23  2.775134E-25  2.098563E-25  5.552970E-27  1.658296E-27  7.181478E-29  5.085884E-29
    302  1.308549873199E-01  4.182326E-23  2.353071E-23  3.577425E-25  2.902223E-25  7.958353E-27  2.532865E-27  1.142251E-28  8.659881E-29
    303  1.312776310019E-01  4.832426E-23  2.885452E-23  4.499340E-25  3.895017E-25  1.103868E-26  3.726200E-27  1.744500E-28  1.408494E-28
    304  1.320787884157E-01  6.299589E-23  4.213705E-23  6.895887E-25  6.756780E-25  2.039334E-26  7.702558E-27  3.872988E-28  3.525436E-28
    305  1.327308179063E-01  7.722439E-23  5.670019E-23  9.654406E-25  1.047175E-24  3.328271E-26  1.378689E-26  7.350777E-28  7.383918E-28
    306  1.333821207310E-01  9.370658E-23  7.557211E-23  1.339119E-24  1.609015E-24  5.387315E-26  2.449305E-26  1.385304E-27  1.536746E-27
    307  1.339749669338E-01  1.107380E-22  9.732892E-23  1.788818E-24  2.360535E-24  8.290093E-26  4.104812E-26  2.450670E-27  2.977133E-27
    308  1.345530840576E-01  1.292726E-22  1.236337E-22  2.355213E-24  3.407497E-24  1.254152E-25  6.752981E-26  4.251457E-27  5.646200E-27
    309  1.351098094661E-01  1.489016E-22  1.545664E-22  3.048531E-24  4.822348E-24  1.857479E-25  1.084967E-25  7.191402E-27  1.041386E-26
    310  1.359304916944E-01  1.811679E-22  2.123948E-22  4.410787E-24  7.965250E-24  3.282566E-25  2.163728E-25  1.547991E-26  2.548190E-26
    311  1.363572082699E-01  1.990217E-22  2.486782E-22  5.305569E-24  1.026916E-23  4.384657E-25  3.079488E-25  2.293251E-26  4.037738E-26
    312  1.367788244083E-01  2.174060E-22  2.894142E-22  6.342309E-24  1.315185E-23  5.816507E-25  4.350827E-25  3.371362E-26  6.346040E-26
    313  1.375777712339E-01  2.543300E-22  3.820492E-22  8.811196E-24  2.083711E-23  9.855204E-25  8.313515E-25  6.948979E-26  1.485360E-25
    314  1.380438267916E-01  2.762030E-22  4.454093E-22  1.058532E-23  2.703943E-23  1.330357E-24  1.204483E-24  1.052679E-25  2.424799E-25
    315  1.384690951451E-01  2.962458E-22  5.098895E-22  1.245563E-23  3.415165E-23  1.742226E-24  1.683158E-24  1.532354E-25  3.780290E-25
    316  1.391087445178E-01  3.263509E-22  6.199182E-22  1.578673E-23  4.818094E-23  2.596379E-24  2.767377E-24  2.679999E-25  7.333919E-25
    317  1.397002518981E-01  3.531101E-22  7.352117E-22  1.946200E-23  6.562207E-23  3.721457E-24  4.346721E-24  4.458737E-25  1.343706E-24
    318  1.402705851668E-01  3.772147E-22  8.585760E-22  2.359765E-23  8.764576E-23  5.222994E-24  6.667658E-24  7.232174E-25  2.393373E-24
    319  1.408634912375E-01  3.997336E-22  9.988425E-22  2.855308E-23  1.173603E-22  7.366249E-24  1.032192E-23  1.186946E-24  4.332815E-24
    320  1.414089642241E-01  4.172840E-22  1.136757E-21  3.369916E-23  1.521190E-22  1.001799E-23  1.530212E-23  1.857400E-24  7.423635E-24
    321  1.419220762512E-01  4.303377E-22  1.272081E-21  3.903086E-23  1.925014E-22  1.326745E-23  2.198863E-23  2.809098E-24  1.223133E-23
    322  1.422771704232E-01  4.369438E-22  1.367227E-21  4.296567E-23  2.253953E-22  1.603399E-23  2.812793E-23  3.723534E-24  1.720979E-23
    323  1.426029315631E-01  4.411013E-22  1.454513E-21  4.672642E-23  2.594609E-22  1.900330E-23  3.512968E-23  4.805298E-24  2.346471E-23
    324  1.430135230101E-01  4.435806E-22  1.562966E-21  5.162912E-23  3.080503E-22  2.341012E-23  4.624204E-23  6.593048E-24  3.451178E-23
    325  1.434683796643E-01  4.422567E-22  1.677593E-21  5.716063E-23  3.694327E-22  2.925218E-23  6.220570E-23  9.287798E-24  5.252260E-23
    326  1.440315208021E-01  4.340038E-22  1.804634E-21  6.390852E-23  4.562452E-22  3.802256E-23  8.863749E-23  1.401645E-23  8.726017E-23
    327  1.445490332405E-01  4.189567E-22  1.896735E-21  6.960854E-23  5.449011E-22  4.761111E-23  1.208484E-22  2.015194E-23  1.371436E-22
    328  1.451370980342E-01  3.925101E-22  1.958371E-21  7.485990E-23  6.510316E-22  6.004691E-23  1.679844E-22  2.976418E-23  2.242341E-22
    329  1.457052374241E-01  3.569533E-22  1.957279E-21  7.784101E-23  7.497588E-22  7.288888E-23  2.241274E-22  4.212356E-23  3.502376E-22
    330  1.463107957421E-01  3.086329E-22  1.873085E-21  7.772550E-23  8.355458E-22  8.594892E-23  2.925562E-22  5.857530E-23  5.415003E-22
    331  1.468752132891E-01  2.560147E-22  1.708927E-21  7.379571E-23  8.793379E-22  9.537671E-23  3.571307E-22  7.587572E-23  7.747618E-22
    332  1.475510939381E-01  1.893049E-22  1.417183E-21  6.420894E-23  8.660710E-22  1.001391E-22  4.206257E-22  9.599006E-23  1.104642E-21
    333  1.481899111058E-01  1.301860E-22  1.087208E-21  5.156351E-23  7.828029E-22  9.619892E-23  4.509168E-22  1.101596E-22  1.420881E-21
    334  1.491767377555E-01  6.237943E-23  6.185469E-22  3.148122E-23  5.715064E-22  7.698921E-23  4.261587E-22  1.155506E-22  1.779164E-21
    335  1.497116139607E-01  3.852632E-23  4.144898E-22  2.187665E-23  4.401315E-22  6.265250E-23  3.834132E-22  1.105797E-22  1.881269E-21
    336  1.502421520731E-01  2.253601E-23  2.690555E-22  1.482348E-23  3.315640E-22  4.976077E-23  3.339234E-22  1.018874E-22  1.905160E-21
    337  1.509052103900E-01  1.123372E-23  1.510822E-22  8.741738E-24  2.215467E-22  3.545970E-23  2.672915E-22  8.767724E-23  1.851513E-21
    338  1.515352476696E-01  5.598398E-24  8.402642E-23  5.090768E-24  1.454117E-22  2.476928E-23  2.089146E-22  7.348115E-23  1.743279E-21
    339  1.521327102765E-01  2.802713E-24  4.679515E-23  2.964316E-24  9.505052E-23  1.718849E-23  1.614593E-22  6.070085E-23  1.609778E-21
    340  1.526678407657E-01  1.480328E-24  2.722303E-23  1.795512E-24  6.390102E-23  1.219593E-23  1.262331E-22  5.039169E-23  1.477285E-21
    341  1.532481602429E-01  7.299588E-25  1.491473E-23  1.027964E-24  4.097800E-23  8.294625E-24  9.542355E-23  4.066794E-23  1.329639E-21
    342  1.535863948111E-01  4.800577E-25  1.043243E-23  7.378030E-25  3.143104E-23  6.585277E-24  8.059948E-23  3.569232E-23  1.243934E-21
    343  1.538995751697E-01  3.240188E-25  7.457936E-24  5.402222E-25  2.448436E-23  5.296889E-24  6.868281E-23  3.151878E-23  1.165963E-21
    344  1.546020187628E-01  1.326386E-25  3.475293E-24  2.657109E-25  1.384542E-23  3.219853E-24  4.755264E-23  2.364838E-23  1.000498E-21
    345  1.552062305672E-01  6.078764E-26  1.781263E-24  1.427155E-25  8.389500E-24  2.077233E-24  3.433392E-23  1.830520E-23  8.696180E-22
    346  1.557875935888E-01  2.835927E-26  9.263075E-25  7.765931E-26  5.131891E-24  1.350244E-24  2.489467E-23  1.419860E-23  7.548368E-22
    347  1.566447447202E-01  9.060179E-27  3.478227E-25  3.119637E-26  2.452730E-24  7.062905E-25  1.531847E-23  9.657583E-24  6.068574E-22
    348  1.574294426159E-01  3.148027E-27  1.399309E-25  1.335301E-26  1.231729E-24  3.855596E-25  9.714361E-24  6.718025E-24  4.923616E-22
    349  1.581710514975E-01  1.143989E-27  5.837565E-26  5.909161E-27  6.349391E-25  2.152107E-25  6.257561E-24  4.726492E-24  4.013559E-22
    350  1.588328903187E-01  4.624005E-28  2.664100E-26  2.843957E-27  3.503453E-25  1.275633E-25  4.218348E-24  3.449103E-24  3.341995E-22
    351  1.594606073659E-01  1.961694E-28  1.259054E-26  1.413498E-27  1.982213E-25  7.728305E-26  2.889797E-24  2.548671E-24  2.800861E-22
    352  1.600565792087E-01  8.758556E-29  6.139474E-27  7.227947E-28  1.146064E-25  4.770146E-26  2.006529E-24  1.902528E-24  2.359160E-22
    353  1.607059625219E-01  3.820345E-29  2.808186E-27  3.476401E-28  6.277186E-26  2.806811E-26  1.343090E-24  1.378645E-24  1.950787E-22
    354  1.613957576202E-01  1.776048E-29  1.231753E-27  1.602297E-28  3.292416E-26  1.589415E-26  8.729440E-25  9.754311E-25  1.589317E-22
    355  1.620398820205E-01  9.726568E-30  5.760152E-28  7.802628E-29  1.791002E-26  9.291308E-27  5.811086E-25  7.033187E-25  1.309163E-22
    356  1.627691861850E-01  6.987055E-30  2.625330E-28  3.640486E-29  8.970930E-27  5.049528E-27  3.660469E-25  4.852383E-25  1.050675E-22
    357  1.634667099868E-01  5.579003E-30  1.337144E-28  1.855956E-29  4.621837E-27  2.812853E-27  2.350611E-25  3.401689E-25  8.522088E-23
    358  1.645369737572E-01  7.241583E-30  8.387393E-29  1.083937E-29  1.694390E-27  1.156201E-27  1.200855E-25  1.990564E-25  6.250884E-23
    359  1.651200899964E-01  3.839677E-30  4.336859E-29  5.722907E-30  9.812352E-28  7.169475E-28  8.414902E-26  1.503083E-25  5.341176E-23
    360  1.656939516385E-01  3.622956E-30  3.486219E-29  4.566406E-30  5.850668E-28  4.541790E-28  6.000617E-26  1.154142E-25  4.638529E-23
    361  1.664404283242E-01  4.424318E-30  3.921821E-29  4.829678E-30  3.143452E-28  2.599896E-28  3.987344E-26  8.447959E-26  3.985851E-23
    362  1.671401020014E-01  4.075466E-30  3.226050E-29  4.285064E-30  1.832773E-28  1.604975E-28  2.833636E-26  6.578117E-26  3.608957E-23
    363  1.682228463170E-01  6.046600E-30  4.547981E-29  6.038715E-30  9.858330E-29  8.604020E-29  1.836054E-26  4.914501E-26  3.412689E-23
    364  1.688914277275E-01  3.765440E-30  2.462012E-29  3.671354E-30  6.275818E-29  5.989494E-29  1.489617E-26  4.359520E-26  3.501353E-23
    365  1.695862681704E-01  3.701655E-30  2.542673E-29  3.595476E-30  4.598894E-29  4.398191E-29  1.245282E-26  4.000352E-26  3.744320E-23
    366  1.708796298676E-01  6.600683E-30  4.550026E-29  6.327516E-30  3.999816E-29  2.966261E-29  9.664935E-27  3.695854E-26  4.599066E-23
    367  1.720689125062E-01  5.774260E-30  3.626394E-29  5.493847E-30  2.982098E-29  2.019104E-29  7.992140E-27  3.597896E-26  5.833805E-23
    368  1.730357271347E-01  4.678383E-30  2.648103E-29  4.438454E-30  2.225063E-29  1.465374E-29  6.936720E-27  3.572039E-26  7.181309E-23
    369  1.739185931198E-01  3.959954E-30  2.337210E-29  3.798774E-30  1.821676E-29  1.118279E-29  6.098969E-27  3.555181E-26  8.704724E-23
    370  1.748109107026E-01  4.024673E-30  2.236368E-29  3.781752E-30  1.661525E-29  9.041767E-30  5.361875E-27  3.545035E-26  1.057652E-22
    371  1.757092013639E-01  3.831637E-30  2.058960E-29  3.640055E-30  1.503850E-29  7.293563E-30  4.687765E-27  3.523259E-26  1.282371E-22
    372  1.765567714958E-01  3.520377E-30  1.917324E-29  3.249290E-30  1.328414E-29  6.050701E-30  4.298497E-27  3.649755E-26  1.582116E-22
    373  1.775373762473E-01  3.977849E-30  2.108498E-29  3.597376E-30  1.439872E-29  5.734286E-30  4.142381E-27  4.054676E-26  2.150664E-22
    374  1.784803688374E-01  3.682072E-30  1.939722E-29  3.327284E-30  1.343890E-29  4.996175E-30  3.954568E-27  4.446414E-26  2.874817E-22
    375  1.795112536071E-01  3.930388E-30  2.015599E-29  3.481925E-30  1.403522E-29  4.639831E-30  3.527969E-27  4.621129E-26  3.719665E-22
    376  1.804824008025E-01  3.544511E-30  1.782339E-29  3.197554E-30  1.303645E-29  3.888891E-30  3.005041E-27  4.552066E-26  4.473913E-22
    377  1.815169070317E-01  3.667220E-30  1.825566E-29  3.237629E-30  1.330192E-29  3.687812E-30  2.421067E-27  4.286436E-26  5.164264E-22
    378  1.825428215499E-01  3.625162E-30  1.720856E-29  3.039867E-30  1.205146E-29  3.346931E-30  1.913205E-27  3.959322E-26  5.739191E-22
    379  1.841355644659E-01  5.365435E-30  2.406820E-29  4.420662E-30  1.800215E-29  4.487725E-30  1.321280E-27  3.473913E-26  6.443359E-22
    380  1.856860183354E-01  4.737396E-30  2.373769E-29  4.215533E-30  1.824937E-29  4.043778E-30  9.384920E-28  3.136904E-26  6.983584E-22
    381  1.870847965371E-01  4.286474E-30  2.162749E-29  3.530994E-30  1.599962E-29  3.526865E-30  7.103488E-28  2.963827E-26  7.400987E-22
    382  1.883699545972E-01  3.790535E-30  1.910589E-29  3.206337E-30  1.398891E-29  3.220906E-30  5.646956E-28  2.897633E-26  7.740684E-22
    383  1.895671856375E-01  3.466950E-30  1.664191E-29  2.904723E-30  1.263795E-29  2.881790E-30  4.625330E-28  2.884954E-26  7.997272E-22
    384  1.907324824205E-01  3.058058E-30  1.415029E-29  2.614349E-30  1.153235E-29  2.601340E-30  3.834018E-28  2.899404E-26  8.184231E-22
    385  1.917913284253E-01  2.798674E-30  1.315148E-29  2.202246E-30  1.061907E-29  2.189390E-30  3.235904E-28  2.923103E-26  8.303700E-22
    386  1.928179034582E-01  2.460433E-30  1.253759E-29  2.054623E-30  9.554407E-30  2.039335E-30  2.734011E-28  2.936408E-26  8.341350E-22
    387  1.939781308337E-01  2.915904E-30  1.346287E-29  2.197559E-30  1.082460E-29  2.175219E-30  2.270886E-28  2.939594E-26  8.331944E-22
    388  1.950365569225E-01  2.465793E-30  1.214238E-29  1.954160E-30  9.292075E-30  1.953041E-30  1.875041E-28  2.915792E-26  8.250972E-22
    389  1.963061656501E-01  3.006186E-30  1.394556E-29  2.196141E-30  1.123031E-29  2.185141E-30  1.509757E-28  2.855244E-26  8.112629E-22
    390  1.975160386553E-01  2.512407E-30  1.322692E-29  2.035418E-30  1.018695E-29  2.051775E-30  1.189918E-28  2.760130E-26  7.954677E-22
    391  1.988970783448E-01  3.060885E-30  1.435894E-29  2.172538E-30  1.172705E-29  2.177300E-30  9.209832E-29  2.603939E-26  7.762522E-22
    392  2.001908516564E-01  2.731586E-30  1.370191E-29  2.018582E-30  1.135815E-29  2.100962E-30  6.988334E-29  2.422632E-26  7.635311E-22
    393  2.023233395230E-01  4.479868E-30  2.235175E-29  3.285994E-30  1.863701E-29  3.386839E-30  5.378782E-29  2.066991E-26  7.598155E-22
    394  2.035207364909E-01  2.356065E-30  1.296607E-29  1.692601E-30  9.645885E-30  1.750630E-30  3.432295E-29  1.850449E-26  7.710971E-22
    395  2.047171141817E-01  2.299766E-30  1.132202E-29  1.584776E-30  8.843624E-30  1.648426E-30  2.713958E-29  1.628837E-26  7.912198E-22
    396  2.061861175315E-01  2.690955E-30  1.402392E-29  1.873550E-30  1.151859E-29  1.959882E-30  2.389040E-29  1.366077E-26  8.306098E-22
    397  2.075162532616E-01  2.510336E-30  1.345651E-29  1.737332E-30  1.051281E-29  1.830775E-30  2.011148E-29  1.143984E-26  8.782625E-22
    398  2.088103947538E-01  2.333940E-30  1.318025E-29  1.547264E-30  1.053432E-29  1.642222E-30  1.683976E-29  9.468475E-27  9.319914E-22
    399  2.102374295066E-01  2.599245E-30  1.416868E-29  1.706291E-30  1.068952E-29  1.823582E-30  1.739273E-29  7.566152E-27  9.964860E-22
    400  2.116254943500E-01  2.322255E-30  1.386085E-29  1.518552E-30  1.098783E-29  1.637529E-30  1.641747E-29  6.014344E-27  1.061002E-21
    401  2.137594200207E-01  3.546052E-30  2.164063E-29  2.032608E-30  1.602635E-29  2.347708E-30  2.371889E-29  4.173825E-27  1.151422E-21
    402  2.149968302441E-01  1.930350E-30  1.154037E-29  1.256879E-30  8.477662E-30  1.392569E-30  1.923554E-29  3.386884E-27  1.195457E-21
    403  2.163578604848E-01  1.969480E-30  1.152230E-29  1.265960E-30  8.850803E-30  1.419063E-30  2.252032E-29  2.714562E-27  1.230338E-21
    404  2.188327022992E-01  3.473721E-30  2.394007E-29  1.998404E-30  1.821374E-29  2.564132E-30  4.294051E-29  1.942575E-27  1.259110E-21
    405  2.210861741802E-01  2.832387E-30  1.854892E-29  1.875738E-30  1.400699E-29  2.189992E-30  5.750688E-29  1.597248E-27  1.239828E-21
    406  2.231360986547E-01  2.683791E-30  1.924661E-29  1.581513E-30  1.478720E-29  1.926554E-30  7.751764E-29  1.507028E-27  1.190375E-21
    407  2.249661932162E-01  2.285201E-30  1.758093E-29  1.369999E-30  1.252216E-29  1.767331E-30  1.067488E-28  1.581150E-27  1.127761E-21
    408  2.266023391923E-01  2.067409E-30  1.572481E-29  1.200056E-30  1.101258E-29  1.665510E-30  1.445504E-28  1.773206E-27  1.064411E-21
    409  2.291569547831E-01  2.878885E-30  2.349660E-29  1.728245E-30  1.616431E-29  2.401603E-30  2.443818E-28  2.363107E-27  9.658837E-22
    410  2.305971902523E-01  1.793170E-30  1.244037E-29  1.000000E-30  8.815629E-30  1.761086E-30  3.104109E-28  2.891542E-27  9.223986E-22
    411  2.319348711247E-01  1.562959E-30  1.154095E-29  1.000000E-30  8.919854E-30  1.812645E-30  3.985284E-28  3.555544E-27  8.941877E-22
    412  2.335360820165E-01  1.892737E-30  1.531110E-29  1.023874E-30  1.095320E-29  2.315170E-30  5.395811E-28  4.624953E-27  8.821291E-22
    413  2.351317971316E-01  1.863275E-30  1.536073E-29  1.000000E-30  1.060986E-29  2.642524E-30  7.208244E-28  6.066998E-27  9.014013E-22
    414  2.376293164755E-01  2.926173E-30  2.288384E-29  1.439151E-30  1.543853E-29  3.998445E-30  1.127708E-27  9.346354E-27  1.011193E-21
    415  2.399259738388E-01  2.895751E-30  1.942075E-29  1.305396E-30  1.390748E-29  4.908514E-30  1.665870E-27  1.387726E-26  1.219220E-21
    416  2.420046682363E-01  2.443875E-30  1.985159E-29  1.088519E-30  1.410709E-29  5.834662E-30  2.345484E-27  1.972794E-26  1.516914E-21
    417  2.451201276448E-01  3.046069E-30  2.934640E-29  1.511904E-30  1.983769E-29  9.281013E-30  3.867534E-27  3.295668E-26  2.208082E-21
    418  2.467564269033E-01  1.808669E-30  1.636758E-29  1.000000E-30  1.169208E-29  1.019861E-29  4.973149E-27  4.282460E-26  2.715082E-21
    419  2.483354027874E-01  1.773681E-30  1.613054E-29  1.000000E-30  1.167070E-29  1.253821E-29  6.323550E-27  5.487820E-26  3.317556E-21
    420  2.499258654919E-01  1.793368E-30  1.607399E-29  1.000000E-30  1.167269E-29  1.544961E-29  8.018101E-27  7.012083E-26  4.053942E-21
    421  2.515152656983E-01  1.648760E-30  1.510056E-29  1.000000E-30  1.118337E-29  1.890631E-29  1.011955E-26  8.917542E-26  4.939302E-21
    422  2.542060864984E-01  2.787462E-30  2.696738E-29  1.283892E-30  1.955678E-29  2.764795E-29  1.488172E-26  1.326604E-25  6.843328E-21
    423  2.556901221114E-01  1.847118E-30  1.816637E-29  1.000000E-30  1.363146E-29  3.253347E-29  1.830629E-26  1.643189E-25  8.151153E-21
    424  2.570805114381E-01  1.541138E-30  1.518748E-29  1.000000E-30  1.152988E-29  3.862108E-29  2.217297E-26  2.001946E-25  9.571042E-21
    425  2.598984391343E-01  2.904986E-30  3.037079E-29  1.289574E-30  2.185871E-29  5.592808E-29  3.245774E-26  2.961796E-25  1.312668E-20
    426  2.622653138568E-01  2.907190E-30  2.883765E-29  1.241297E-30  2.253392E-29  7.432526E-29  4.433833E-26  4.081004E-25  1.695345E-20
    427  2.644885215151E-01  3.089592E-30  3.131899E-29  1.308530E-30  2.590586E-29  9.700409E-29  5.908077E-26  5.478629E-25  2.139741E-20
    428  2.667229470066E-01  3.347394E-30  3.700264E-29  1.454305E-30  2.977335E-29  1.263349E-28  7.840819E-26  7.321155E-25  2.685111E-20
    429  2.687894382327E-01  3.327105E-30  3.998713E-29  1.539116E-30  3.228741E-29  1.604703E-28  1.013952E-25  9.523343E-25  3.293082E-20
    430  2.709436570286E-01  3.848778E-30  4.724295E-29  1.796506E-30  3.939857E-29  2.054646E-28  1.319787E-25  1.246502E-24  4.050735E-20
    431  2.728595154549E-01  4.347337E-30  5.179030E-29  2.055586E-30  4.677350E-29  2.549825E-28  1.662542E-25  1.577325E-24  4.847339E-20
    432  2.763050324764E-01  7.180067E-30  8.999684E-29  3.219293E-30  7.609549E-29  3.745153E-28  2.499201E-25  2.387720E-24  6.626429E-20
    433  2.797281875476E-01  9.850353E-30  1.206532E-28  4.296580E-30  1.087744E-28  5.427150E-28  3.714726E-25  3.569070E-24  8.932825E-20
    434  2.831107064370E-01  1.288892E-29  1.691865E-28  5.732283E-30  1.556653E-28  7.777667E-28  5.456375E-25  5.264751E-24  1.187471E-19
    435  2.863632962154E-01  1.739567E-29  2.385297E-28  7.727210E-30  2.228561E-28  1.093641E-27  7.852787E-25  7.598722E-24  1.547904E-19
    436  2.894106333807E-01  2.295015E-29  3.294763E-28  1.020175E-29  3.122248E-28  1.499048E-27  1.099873E-24  1.066005E-23  1.970829E-19
    437  2.941185503109E-01  3.852385E-29  5.565819E-28  1.684260E-29  5.378902E-28  2.426848E-27  1.838801E-24  1.783051E-23  2.830680E-19
    438  2.983685787405E-01  6.138687E-29  9.222515E-28  2.583668E-29  8.926831E-28  3.729962E-27  2.908302E-24  2.815668E-23  3.886851E-19
    439  3.021949729112E-01  9.370957E-29  1.451293E-27  3.821709E-29  1.406632E-27  5.475416E-27  4.378489E-24  4.226314E-23  5.137126E-19
    440  3.059150641439E-01  1.418749E-28  2.248804E-27  5.619597E-29  2.184178E-27  7.935142E-27  6.499525E-24  6.246735E-23  6.703390E-19
    441  3.094680949786E-01  2.112444E-28  3.413981E-27  8.134388E-29  3.322043E-27  1.129223E-26  9.458203E-24  9.042147E-23  8.609405E-19
    442  3.127856926026E-01  3.058545E-28  5.029569E-27  1.148208E-28  4.905073E-27  1.568168E-26  1.340436E-23  1.273829E-22  1.084344E-18
    443  3.178598433803E-01  5.422131E-28  9.097724E-27  1.957785E-28  8.899379E-27  2.587972E-26  2.279062E-23  2.142277E-22  1.536081E-18
    444  3.224504526026E-01  9.104507E-28  1.555319E-26  3.171572E-28  1.524762E-26  4.069559E-26  3.676571E-23  3.415990E-22  2.096939E-18
    445  3.266870398371E-01  1.469417E-27  2.547580E-26  4.960944E-28  2.503973E-26  6.180720E-26  5.709171E-23  5.241035E-22  2.787890E-18
    446  3.305577136787E-01  2.276877E-27  3.996039E-26  7.481916E-28  3.938862E-26  9.060203E-26  8.529207E-23  7.736372E-22  3.611196E-18
    447  3.362681054783E-01  4.358700E-27  7.766934E-26  1.379902E-27  7.692806E-26  1.596010E-25  1.541087E-22  1.371194E-21  5.281976E-18
    448  3.414589872690E-01  7.897595E-27  1.423724E-25  2.422311E-27  1.416980E-25  2.678974E-25  2.639121E-22  2.304250E-21  7.460504E-18
    449  3.462773530350E-01  1.376647E-26  2.503777E-25  4.110098E-27  2.504435E-25  4.347716E-25  4.350636E-22  3.729048E-21  1.028654E-17
    450  3.508856189623E-01  2.352042E-26  4.306891E-25  6.859009E-27  4.330467E-25  6.934148E-25  7.022908E-22  5.909998E-21  1.400477E-17
    451  3.552628710565E-01  3.928618E-26  7.229537E-25  1.122687E-26  7.307377E-25  1.084425E-24  1.107710E-21  9.156177E-21  1.880810E-17
    452  3.595141079779E-01  6.493367E-26  1.199061E-24  1.823070E-26  1.218466E-24  1.680626E-24  1.725856E-21  1.401514E-20  2.509835E-17
    453  3.636744849418E-01  1.066368E-25  1.973324E-24  2.948180E-26  2.016163E-24  2.590312E-24  2.665694E-21  2.127125E-20  3.336509E-17
    454  3.676260234901E-01  1.715253E-25  3.176892E-24  4.681671E-26  3.263066E-24  3.921090E-24  4.031132E-21  3.163380E-20  4.383086E-17
    455  3.714655117309E-01  2.733001E-25  5.061044E-24  7.379600E-26  5.225575E-24  5.887100E-24  6.028080E-21  4.654374E-20  5.727490E-17
    456  3.752653942304E-01  4.351238E-25  8.048568E-24  1.164392E-25  8.353796E-24  8.833287E-24  8.980605E-21  6.824360E-20  7.482317E-17
    457  3.809506426681E-01  8.793661E-25  1.620994E-23  2.329029E-25  1.695716E-23  1.631767E-23  1.631198E-20  1.210777E-19  1.121494E-16
    458  3.865190953769E-01  1.768234E-24  3.242181E-23  4.653245E-25  3.417533E-23  3.001137E-23  2.927311E-20  2.124699E-19  1.676867E-16
    459  3.928522091207E-01  3.960049E-24  7.201128E-23  1.039198E-24  7.654762E-23  6.061832E-23  5.689975E-20  4.030175E-19  2.668884E-16
    460  3.991093841216E-01  8.897519E-24  1.601246E-22  2.339490E-24  1.715628E-22  1.227583E-22  1.096049E-19  7.588336E-19  4.256950E-16
    461  4.054183851758E-01  2.039990E-23  3.625483E-22  5.400352E-24  3.913286E-22  2.529668E-22  2.119056E-19  1.436186E-18  6.870133E-16
    462  4.147392755742E-01  7.139826E-23  1.241200E-21  1.926146E-23  1.352602E-21  7.542640E-22  5.590258E-19  3.684332E-18  1.414055E-15
    463  4.232199499949E-01  2.295768E-22  3.899484E-21  6.360018E-23  4.278957E-21  2.091133E-21  1.343006E-18  8.668806E-18  2.769006E-15
    464  4.316976825025E-01  7.595701E-22  1.257166E-20  2.179226E-22  1.386093E-20  5.964180E-21  3.205349E-18  2.036351E-17  5.501744E-15
    465  4.393401554526E-01  2.292476E-21  3.699230E-20  6.839406E-22  4.087980E-20  1.580883E-20  6.986292E-18  4.394964E-17  1.035339E-14
    466  4.465935084243E-01  6.693875E-21  1.052986E-19  2.085676E-21  1.163874E-19  4.098213E-20  1.455651E-17  9.112942E-17  1.907823E-14
    467  4.537106765818E-01  1.959464E-20  3.002883E-19  6.409547E-21  3.313138E-19  1.076342E-19  2.979744E-17  1.864186E-16  3.514373E-14
    468  4.602314649238E-01  5.347114E-20  7.994419E-19  1.838004E-20  8.789653E-19  2.683449E-19  5.728687E-17  3.593839E-16  6.209964E-14
    469  4.709552966107E-01  2.904250E-19  4.163806E-18  1.093787E-19  4.533573E-18  1.286578E-18  1.676736E-16  1.061576E-15  1.615676E-13
    470  4.769745726746E-01  7.672919E-19  1.074367E-17  3.059605E-19  1.160857E-17  3.218835E-18  3.073149E-16  1.955194E-15  2.792290E-13
    471  4.828178172001E-01  1.999595E-18  2.735548E-17  8.453814E-19  2.929248E-17  8.043185E-18  5.574095E-16  3.550219E-15  4.784202E-13
    472  4.927188450138E-01  1.045278E-17  1.374425E-16  4.912716E-18  1.444384E-16  4.009095E-17  1.579498E-15  9.860468E-15  1.209866E-12
    473  5.000000000000E-01  3.604643E-17  4.606655E-16  1.841986E-17  4.761672E-16  1.358975E-16  3.560271E-15  2.114032E-14  2.421471E-12
