 *                                      
 * expansion:  temp0=  1.000E+10 den0=  3.000E+06 temp_stop=  1.000E+07
 *          time                ga67          ga68          ga69          ga70          ga71          ga72          ga73          ga74 
      1  0.000000000000E+00  1.000000E-30  1.000000E-30  1.000000E-30  1.000000E-30  1.000000E-30  1.000000E-30  1.000000E-30  1.000000E-30
      2  1.000000000000E-16  1.218520E-30  1.092579E-30  1.073416E-30  1.006539E-30  1.022541E-30  1.000000E-30  1.002243E-30  1.003966E-30
      3  6.264265632874E-16  2.668520E-30  1.860059E-30  1.685654E-30  1.076832E-30  1.146390E-30  1.000000E-30  1.014442E-30  1.024286E-30
      4  2.206990590178E-15  7.190974E-30  5.785968E-30  5.800909E-30  1.811488E-30  1.675360E-30  1.000006E-30  1.056018E-30  1.080048E-30
      5  6.425069294186E-15  1.211506E-29  1.467464E-29  2.220972E-29  7.182313E-30  5.194629E-30  1.068933E-30  1.233923E-30  1.198165E-30
      6  1.724777641531E-14  1.461552E-29  2.461389E-29  5.919111E-29  2.909950E-29  2.660442E-29  3.564379E-30  2.357246E-30  1.409106E-30
      7  4.527785414179E-14  1.701153E-29  3.805067E-29  1.352100E-28  9.434477E-29  1.136987E-28  1.533446E-29  8.163925E-30  2.029248E-30
      8  1.231582592127E-13  2.462118E-29  7.773604E-29  3.348758E-28  2.672415E-28  3.505217E-28  4.553217E-29  2.461685E-29  3.855830E-30
      9  4.001734798240E-13  4.613886E-29  1.852666E-28  8.997631E-28  7.679591E-28  1.051242E-27  1.397492E-28  7.760408E-29  1.089898E-29
     10  1.150918682670E-12  5.261886E-29  2.351184E-28  1.175916E-27  1.019016E-27  1.405692E-27  1.855685E-28  1.045390E-28  1.451569E-29
     11  2.802808442389E-12  3.674050E-29  1.660479E-28  8.394918E-28  7.303736E-28  1.009698E-27  1.336886E-28  7.577032E-29  1.085015E-29
     12  6.912921996243E-12  2.071117E-29  9.572761E-29  4.863789E-28  4.243709E-28  5.876876E-28  7.797545E-29  4.470339E-29  6.748166E-30
     13  1.659368270033E-11  1.115931E-30  5.581855E-30  2.913812E-29  2.583732E-29  3.636452E-29  5.072911E-30  3.832253E-30  1.376577E-30
     14  1.134012897413E-10  1.000000E-30  1.178642E-30  6.194531E-30  5.525377E-30  7.788317E-30  1.088055E-30  1.000000E-30  1.000000E-30
     15  1.081477360150E-09  1.000000E-30  1.000000E-30  2.573150E-30  2.295758E-30  3.233497E-30  1.000000E-30  1.000000E-30  1.000000E-30
     16  1.076223806424E-08  1.000000E-30  1.000000E-30  1.000000E-30  1.000000E-30  1.000000E-30  1.000000E-30  1.000000E-30  1.000000E-30
     17  6.834096797002E-08  1.000000E-30  1.000000E-30  1.000000E-30  1.000000E-30  1.000000E-30  1.000000E-30  1.000000E-30  1.000000E-30
     18  2.542122411654E-07  1.000000E-30  1.000000E-30  1.000000E-30  1.000000E-30  1.000000E-30  1.000000E-30  1.000000E-30  1.000000E-30
     19  7.007518887657E-07  1.000000E-30  1.000000E-30  1.000000E-30  1.000000E-30  1.000000E-30  1.000000E-30  1.000000E-30  1.000000E-30
     20  1.724661805125E-06  1.000000E-30  1.000000E-30  1.000000E-30  1.000000E-30  1.000000E-30  1.000000E-30  1.000000E-30  1.000000E-30
     21  4.267664185819E-06  1.000000E-30  1.000000E-30  1.000000E-30  1.000000E-30  1.000000E-30  1.000000E-30  1.000000E-30  1.000000E-30
     22  1.786211798807E-05  1.000000E-30  1.000000E-30  1.000000E-30  1.000000E-30  1.000000E-30  1.000000E-30  1.000000E-30  1.000000E-30
     23  6.929007850093E-05  1.000000E-30  1.000000E-30  1.000000E-30  1.000000E-30  1.000000E-30  1.000000E-30  1.000000E-30  1.000000E-30
     24  5.835696836295E-04  1.000000E-30  1.000000E-30  1.000000E-30  1.000000E-30  1.000000E-30  1.000000E-30  1.000000E-30  1.000000E-30
     25  1.496090518789E-03  1.000000E-30  1.000000E-30  1.000000E-30  1.000000E-30  1.000000E-30  1.000000E-30  1.000000E-30  1.000000E-30
     26  2.379765156362E-03  1.000000E-30  1.000000E-30  1.000000E-30  1.000000E-30  1.000000E-30  1.000000E-30  1.000000E-30  1.000000E-30
     27  3.772948503579E-03  1.000000E-30  1.000000E-30  1.000000E-30  1.000000E-30  1.000000E-30  1.000000E-30  1.000000E-30  1.000000E-30
     28  4.957278025650E-03  1.000000E-30  1.000000E-30  1.000000E-30  1.000000E-30  1.000000E-30  1.000000E-30  1.000000E-30  1.000000E-30
     29  5.758110286319E-03  1.000000E-30  1.000000E-30  1.000000E-30  1.000000E-30  1.000000E-30  1.000000E-30  1.000000E-30  1.000000E-30
     30  6.636115041812E-03  1.000000E-30  1.000000E-30  1.000000E-30  1.000000E-30  1.000000E-30  1.000000E-30  1.000000E-30  1.000000E-30
     31  7.490864585256E-03  1.000000E-30  1.000000E-30  1.000000E-30  1.000000E-30  1.000000E-30  1.000000E-30  1.000000E-30  1.000000E-30
     32  8.026631019591E-03  1.000000E-30  1.000000E-30  1.000000E-30  1.000000E-30  1.000000E-30  1.000000E-30  1.000000E-30  1.000000E-30
     33  8.451616658664E-03  1.000000E-30  1.000000E-30  1.000000E-30  1.000000E-30  1.000000E-30  1.000000E-30  1.000000E-30  1.000000E-30
     34  9.803471762980E-03  1.000000E-30  1.000000E-30  1.000000E-30  1.000000E-30  1.051791E-30  1.000000E-30  1.000000E-30  1.000000E-30
     35  1.116687552369E-02  1.000000E-30  1.000000E-30  1.000000E-30  1.000000E-30  1.121252E-30  1.000000E-30  1.000000E-30  1.000000E-30
     36  1.219012310682E-02  1.000000E-30  1.000000E-30  1.000000E-30  1.000000E-30  1.000000E-30  1.000000E-30  1.000000E-30  1.000000E-30
     37  1.314647137106E-02  1.000000E-30  1.000000E-30  1.000000E-30  1.000000E-30  1.000000E-30  1.000000E-30  1.000000E-30  1.000000E-30
     38  1.431720408173E-02  1.000000E-30  1.000000E-30  1.000000E-30  1.000000E-30  1.150722E-30  1.000000E-30  1.000000E-30  1.000000E-30
     39  1.545287753035E-02  1.000000E-30  1.000000E-30  1.000000E-30  1.000000E-30  1.200552E-30  1.000000E-30  1.000000E-30  1.000000E-30
     40  1.716820108076E-02  1.000000E-30  1.000000E-30  1.000000E-30  1.000000E-30  1.928888E-30  1.000000E-30  1.000000E-30  1.000000E-30
     41  1.871872199221E-02  1.000000E-30  1.000000E-30  1.000000E-30  1.000000E-30  1.947029E-30  1.000000E-30  1.000000E-30  1.000000E-30
     42  2.131412024987E-02  1.000000E-30  1.000000E-30  1.276678E-30  1.538521E-30  3.117779E-30  1.053271E-30  1.000000E-30  1.000000E-30
     43  2.288535686070E-02  1.000000E-30  1.000000E-30  1.000000E-30  1.073134E-30  3.015734E-30  1.000000E-30  1.000000E-30  1.000000E-30
     44  2.437102778700E-02  1.000000E-30  1.000000E-30  1.000000E-30  1.078043E-30  3.204098E-30  1.149872E-30  1.000000E-30  1.000000E-30
     45  2.666254430666E-02  1.000000E-30  1.000000E-30  1.152797E-30  1.668196E-30  5.953365E-30  3.105023E-30  2.111655E-30  1.000000E-30
     46  2.807329513827E-02  1.000000E-30  1.000000E-30  1.000000E-30  1.157569E-30  4.274477E-30  1.888571E-30  1.755056E-30  1.000000E-30
     47  2.946719119355E-02  1.000000E-30  1.000000E-30  1.000000E-30  1.187335E-30  4.923519E-30  2.933906E-30  2.145407E-30  1.000000E-30
     48  2.982466835475E-02  1.000000E-30  1.000000E-30  1.000000E-30  1.000000E-30  1.575237E-30  1.000000E-30  1.000000E-30  1.000000E-30
     49  3.017238950627E-02  1.000000E-30  1.000000E-30  1.000000E-30  1.000000E-30  1.587395E-30  1.000000E-30  1.000000E-30  1.000000E-30
     50  3.052509122072E-02  1.000000E-30  1.000000E-30  1.000000E-30  1.000000E-30  1.673172E-30  1.000000E-30  1.026017E-30  1.000000E-30
     51  3.066477686677E-02  1.000000E-30  1.000000E-30  1.000000E-30  1.000000E-30  1.000000E-30  1.000000E-30  1.000000E-30  1.000000E-30
     52  3.080037159611E-02  1.000000E-30  1.000000E-30  1.000000E-30  1.000000E-30  1.000000E-30  1.000000E-30  1.000000E-30  1.000000E-30
     53  3.111325257314E-02  1.000000E-30  1.000000E-30  1.000000E-30  1.000000E-30  1.615176E-30  1.000000E-30  1.081006E-30  1.000000E-30
     54  3.147800645819E-02  1.000000E-30  1.000000E-30  1.000000E-30  1.000000E-30  1.990534E-30  1.154742E-30  1.395395E-30  1.000000E-30
     55  3.181357346897E-02  1.000000E-30  1.000000E-30  1.000000E-30  1.000000E-30  2.113932E-30  1.240961E-30  1.515645E-30  1.000000E-30
     56  3.217197145871E-02  1.000000E-30  1.000000E-30  1.000000E-30  1.000000E-30  2.830437E-30  1.666691E-30  2.037754E-30  1.000000E-30
     57  3.249951277145E-02  1.000000E-30  1.000000E-30  1.000000E-30  1.000000E-30  3.299611E-30  2.054982E-30  2.470394E-30  1.000000E-30
     58  3.262595809504E-02  1.000000E-30  1.000000E-30  1.000000E-30  1.000000E-30  2.849059E-30  1.688722E-30  2.027431E-30  1.000000E-30
     59  3.272641576722E-02  1.000000E-30  1.000000E-30  1.000000E-30  1.000000E-30  3.349234E-30  1.996052E-30  2.368338E-30  1.000000E-30
     60  3.304841700500E-02  1.000000E-30  1.000000E-30  1.319011E-30  1.980521E-30  8.480766E-30  5.237783E-30  6.549207E-30  1.832527E-30
     61  3.362823507679E-02  1.000000E-30  1.000000E-30  5.101770E-30  7.868491E-30  3.493945E-29  2.282819E-29  3.052418E-29  8.865923E-30
     62  3.417743618412E-02  1.000000E-30  1.147355E-30  1.859065E-29  2.978007E-29  1.368429E-28  9.260679E-29  1.293209E-28  3.897127E-29
     63  3.448472684867E-02  1.000000E-30  2.304262E-30  3.880393E-29  6.392148E-29  3.040463E-28  2.109880E-28  3.031841E-28  9.304220E-29
     64  3.459225947862E-02  1.000000E-30  2.936762E-30  5.019050E-29  8.352483E-29  4.027887E-28  2.823727E-28  4.113761E-28  1.274667E-28
     65  3.468161085917E-02  1.000000E-30  3.593301E-30  6.229159E-29  1.046277E-28  5.109982E-28  3.613344E-28  5.326588E-28  1.663910E-28
     66  3.501586344154E-02  1.000000E-30  7.644158E-30  1.400330E-28  2.436581E-28  1.249249E-27  9.124602E-28  1.406413E-27  4.529423E-28
     67  3.563385967804E-02  3.385544E-30  3.097560E-29  6.287912E-28  1.169549E-27  6.581323E-27  5.118471E-27  8.609005E-27  2.943837E-27
     68  3.619390900501E-02  1.119047E-29  1.100708E-28  2.441459E-27  4.806015E-27  2.924940E-26  2.396599E-26  4.330631E-26  1.554743E-26
     69  3.661379630041E-02  2.760294E-29  2.864312E-28  6.801452E-27  1.398802E-26  9.052550E-26  7.728262E-26  1.478940E-25  5.521520E-26
     70  3.704099468238E-02  6.951064E-29  7.616608E-28  1.938342E-26  4.167344E-26  2.870417E-25  2.554244E-25  5.178877E-25  2.010794E-25
     71  3.731378163516E-02  1.255527E-28  1.423651E-27  3.785394E-26  8.369774E-26  5.996209E-25  5.476592E-25  1.151291E-24  4.580316E-25
     72  3.757630769329E-02  2.218088E-28  2.598813E-27  7.210181E-26  1.638460E-25  1.220283E-24  1.143758E-24  2.493333E-24  1.016649E-24
     73  3.788075418501E-02  4.290977E-28  5.218068E-27  1.520132E-25  3.564906E-25  2.776709E-24  2.681507E-24  6.096133E-24  2.557261E-24
     74  3.819794660071E-02  8.530306E-28  1.077405E-26  3.301079E-25  7.998515E-25  6.527673E-24  6.503365E-24  1.544776E-23  6.675124E-24
     75  3.838080203158E-02  1.266853E-27  1.634638E-26  5.154656E-25  1.272559E-24  1.066769E-23  1.082010E-23  2.635925E-23  1.158611E-23
     76  3.859219912978E-02  2.004909E-27  2.651148E-26  8.642960E-25  2.180498E-24  1.885742E-23  1.952936E-23  4.899692E-23  2.196803E-23
     77  3.884096228080E-02  3.438735E-27  4.677456E-26  1.585281E-24  4.102415E-24  3.680322E-23  3.906123E-23  1.014620E-22  4.656782E-23
     78  3.907668434759E-02  5.727566E-27  7.997297E-26  2.811043E-24  7.450998E-24  6.920273E-23  7.517608E-23  2.018121E-22  9.470370E-23
     79  3.934936577490E-02  1.032140E-26  1.484398E-25  5.440187E-24  1.482419E-23  1.433198E-22  1.599434E-22  4.461183E-22  2.148089E-22
     80  3.961640452516E-02  1.834260E-26  2.713437E-25  1.035482E-23  2.898735E-23  2.914640E-22  3.339739E-22  9.671810E-22  4.776177E-22
     81  3.991996766101E-02  3.519367E-26  5.371381E-25  2.145076E-23  6.191231E-23  6.509064E-22  7.686134E-22  2.323358E-21  1.180857E-21
     82  4.019473378510E-02  6.333279E-26  9.935765E-25  4.132295E-23  1.225987E-22  1.341923E-21  1.628352E-21  5.117410E-21  2.669798E-21
     83  4.046928694587E-02  1.138079E-25  1.834030E-24  7.939428E-23  2.420875E-22  2.758313E-21  3.439210E-21  1.123627E-20  6.016643E-21
     84  4.074955599116E-02  2.067711E-25  3.423013E-24  1.543175E-22  4.839097E-22  5.745486E-21  7.366866E-21  2.505308E-20  1.378058E-20
     85  4.099011663524E-02  3.444294E-25  5.832340E-24  2.721455E-22  8.741182E-22  1.075178E-20  1.412138E-20  4.971213E-20  2.798504E-20
     86  4.118445936105E-02  5.192336E-25  8.951666E-24  4.293365E-22  1.405875E-21  1.779113E-20  2.382378E-20  8.623638E-20  4.945956E-20
     87  4.137235583218E-02  7.711360E-25  1.352465E-23  6.660052E-22  2.221926E-21  2.890247E-20  3.943634E-20  1.466629E-19  8.565226E-20
     88  4.152714488067E-02  1.066932E-24  1.897624E-23  9.548368E-22  3.234800E-21  4.304116E-20  5.964365E-20  2.268157E-19  1.344528E-19
     89  4.165981986900E-02  1.408217E-24  2.534652E-23  1.299050E-21  4.459218E-21  6.049571E-20  8.495171E-20  3.293084E-19  1.977263E-19
     90  4.188596337322E-02  2.256479E-24  4.144302E-23  2.191308E-21  7.692829E-21  1.078783E-19  1.549656E-19  6.207286E-19  3.809595E-19
     91  4.208159634323E-02  3.387930E-24  6.331376E-23  3.438700E-21  1.230880E-20  1.776256E-19  2.602191E-19  1.072385E-18  6.707743E-19
     92  4.230932596557E-02  5.433706E-24  1.036192E-22  5.805668E-21  2.125803E-20  3.171981E-19  4.754690E-19  2.025648E-18  1.295451E-18
     93  4.251598135750E-02  8.340949E-24  1.620107E-22  9.336806E-21  3.490048E-20  5.368352E-19  8.216402E-19  3.607952E-18  2.354380E-18
     94  4.274368410830E-02  1.336899E-23  2.650186E-22  1.575561E-20  6.025457E-20  9.585047E-19  1.501175E-18  6.816217E-18  4.548210E-18
     95  4.294191711445E-02  2.015944E-23  4.068305E-22  2.485172E-20  9.695920E-20  1.588301E-18  2.537937E-18  1.186511E-17  8.072486E-18
     96  4.316569238790E-02  3.207430E-23  6.605940E-22  4.161544E-20  1.660914E-19  2.812821E-18  4.597817E-18  2.221859E-17  1.545295E-17
     97  4.339365876136E-02  5.155698E-23  1.084365E-21  7.050890E-20  2.880519E-19  5.047707E-18  8.444883E-18  4.221763E-17  3.003199E-17
     98  4.362382833621E-02  8.343951E-23  1.792828E-21  1.203954E-19  5.036684E-19  9.137341E-18  1.565021E-17  8.097176E-17  5.892851E-17
     99  4.384703699487E-02  1.334634E-22  2.928140E-21  2.029492E-19  8.689692E-19  1.630722E-17  2.857586E-17  1.528738E-16  1.137513E-16
    100  4.408801045744E-02  2.224149E-22  4.991345E-21  3.580971E-19  1.572531E-18  3.061747E-17  5.499554E-17  3.050725E-16  2.325184E-16
    101  4.430336182063E-02  3.525172E-22  8.072880E-21  5.975517E-19  2.684585E-18  5.403517E-17  9.923422E-17  5.686931E-16  4.428790E-16
    102  4.453208602613E-02  5.766477E-22  1.349213E-20  1.032763E-18  4.754535E-18  9.916554E-17  1.864656E-16  1.106365E-15  8.815932E-16
    103  4.474836808964E-02  9.189068E-22  2.193942E-20  1.734157E-18  8.171634E-18  1.763177E-16  3.390451E-16  2.079126E-15  1.693185E-15
    104  4.497736119052E-02  1.501395E-21  3.662013E-20  2.995788E-18  1.447183E-17  3.237626E-16  6.375388E-16  4.048988E-15  3.374445E-15
    105  4.517199675598E-02  2.267058E-21  5.630743E-20  4.744397E-18  2.341195E-17  5.402439E-16  1.085571E-15  7.103440E-15  6.037638E-15
    106  4.536038532241E-02  3.351346E-21  8.472318E-20  7.347923E-18  3.701974E-17  8.804012E-16  1.804160E-15  1.215299E-14  1.052869E-14
    107  4.552484255766E-02  4.672230E-21  1.199720E-19  1.067330E-17  5.476269E-17  1.337252E-15  2.787784E-15  1.926122E-14  1.696763E-14
    108  4.581275722245E-02  8.138133E-21  2.148927E-19  2.000103E-17  1.059779E-16  2.711156E-15  5.824779E-15  4.207928E-14  3.817096E-14
    109  4.603616864208E-02  1.217100E-20  3.286594E-19  3.169876E-17  1.722594E-16  4.570109E-15  1.005180E-14  7.518678E-14  6.978014E-14
    110  4.624194314299E-02  1.720923E-20  4.747334E-19  4.733414E-17  2.633290E-16  7.225375E-15  1.623957E-14  1.254389E-13  1.188984E-13
    111  4.641297951594E-02  2.253499E-20  6.330942E-19  6.490931E-17  3.682563E-16  1.039197E-14  2.378108E-14  1.886752E-13  1.820015E-13
    112  4.656990459822E-02  2.844017E-20  8.128133E-19  8.551444E-17  4.940175E-16  1.430541E-14  3.328289E-14  2.706437E-13  2.653142E-13
    113  4.671253119976E-02  3.472580E-20  1.008376E-18  1.086258E-16  6.379887E-16  1.891393E-14  4.467278E-14  3.714996E-13  3.695688E-13
    114  4.684580987606E-02  4.144151E-20  1.221748E-18  1.345679E-16  8.027046E-16  2.432675E-14  5.827270E-14  4.948782E-13  4.991160E-13
    115  4.697520204195E-02  4.877979E-20  1.459730E-18  1.643058E-16  9.950134E-16  3.080734E-14  7.481420E-14  6.484630E-13  6.628107E-13
    116  4.709649788536E-02  5.642237E-20  1.712578E-18  1.967454E-16  1.208514E-15  3.817727E-14  9.391106E-14  8.297422E-13  8.588003E-13
    117  4.721637454993E-02  6.472778E-20  1.992786E-18  2.336277E-16  1.455421E-15  4.690082E-14  1.168464E-13  1.052164E-12  1.102609E-12
    118  4.732862910872E-02  7.320501E-20  2.284301E-18  2.729599E-16  1.723083E-15  5.657152E-14  1.426294E-13  1.307389E-12  1.386099E-12
    119  4.750539400184E-02  8.797230E-20  2.804659E-18  3.454083E-16  2.226466E-15  7.528193E-14  1.934063E-13  1.823345E-12  1.968940E-12
    120  4.767210524850E-02  1.035498E-19  3.369662E-18  4.270305E-16  2.807559E-15  9.760584E-14  2.552495E-13  2.471079E-12  2.715061E-12
    121  4.783406579930E-02  1.202778E-19  3.993658E-18  5.204317E-16  3.488200E-15  1.245939E-13  3.315014E-13  3.293240E-12  3.679956E-12
    122  4.799263518131E-02  1.382335E-19  4.682236E-18  6.271401E-16  4.283702E-15  1.571235E-13  4.251901E-13  4.332390E-12  4.921894E-12
    123  4.815339657435E-02  1.580817E-19  5.465115E-18  7.527669E-16  5.241732E-15  1.975266E-13  5.437966E-13  5.685657E-12  6.568786E-12
    124  4.832264594384E-02  1.808452E-19  6.389241E-18  9.064636E-16  6.441536E-15  2.497539E-13  7.001618E-13  7.522461E-12  8.846357E-12
    125  4.849826454798E-02  2.065694E-19  7.465568E-18  1.092284E-15  7.927848E-15  3.166207E-13  9.045007E-13  9.996726E-12  1.197473E-11
    126  4.867786870736E-02  2.351797E-19  8.700546E-18  1.313838E-15  9.744847E-15  4.011775E-13  1.168389E-12  1.329317E-11  1.622693E-11
    127  4.885872256535E-02  2.664292E-19  1.009288E-17  1.573529E-15  1.192918E-14  5.063674E-13  1.503726E-12  1.761633E-11  2.191770E-11
    128  4.903755607841E-02  2.998187E-19  1.162847E-17  1.871265E-15  1.449739E-14  6.343288E-13  1.920381E-12  2.315918E-11  2.936273E-11
    129  4.921259737621E-02  3.349644E-19  1.329623E-17  2.207204E-15  1.746778E-14  7.873635E-13  2.429142E-12  3.013945E-11  3.892629E-11
    130  4.938368810460E-02  3.717218E-19  1.509501E-17  2.583336E-15  2.087506E-14  9.687436E-13  3.044513E-12  3.884116E-11  5.108188E-11
    131  4.955132280349E-02  4.100698E-19  1.702945E-17  3.002955E-15  2.476756E-14  1.182697E-12  3.784976E-12  4.962589E-11  6.643620E-11
    132  4.971624312404E-02  4.500525E-19  1.910796E-17  3.470448E-15  2.920662E-14  1.434501E-12  4.673630E-12  6.295067E-11  8.576438E-11
    133  4.987811857735E-02  4.914462E-19  2.132523E-17  3.987331E-15  3.422903E-14  1.728374E-12  5.730899E-12  7.926387E-11  1.098662E-10
    134  5.003799836445E-02  5.342985E-19  2.369279E-17  4.559559E-15  3.991812E-14  2.071745E-12  6.989945E-12  9.925133E-11  1.399365E-10
    135  5.019682549602E-02  5.787569E-19  2.622505E-17  5.193873E-15  4.636966E-14  2.473248E-12  8.490212E-12  1.237485E-10  1.774615E-10
    136  5.035511419132E-02  6.247969E-19  2.892986E-17  5.896268E-15  5.367872E-14  2.942276E-12  1.027621E-11  1.537431E-10  2.242420E-10
    137  5.051299755300E-02  6.722439E-19  3.180735E-17  6.671314E-15  6.193163E-14  3.488436E-12  1.239566E-11  1.903556E-10  2.823821E-10
    138  5.067010535678E-02  7.207083E-19  3.484460E-17  7.520381E-15  7.118539E-14  4.120094E-12  1.489391E-11  2.347484E-10  3.541606E-10
    139  5.082726902819E-02  7.701025E-19  3.804793E-17  8.450618E-15  8.156565E-14  4.851148E-12  1.784111E-11  2.886274E-10  4.428693E-10
    140  5.098506829486E-02  8.201908E-19  4.141612E-17  9.468008E-15  9.319541E-14  5.696648E-12  2.131634E-11  3.540100E-10  5.525047E-10
    141  5.114361869269E-02  8.704884E-19  4.493264E-17  1.057478E-14  1.061647E-13  6.670649E-12  2.539941E-11  4.330993E-10  6.876027E-10
    142  5.130328078870E-02  9.204618E-19  4.857848E-17  1.177312E-14  1.205726E-13  7.789377E-12  3.018448E-11  5.285780E-10  8.537940E-10
    143  5.146205644840E-02  9.687205E-19  5.226972E-17  1.304354E-14  1.362600E-13  9.049844E-12  3.568748E-11  6.417389E-10  1.054549E-09
    144  5.162089365231E-02  1.014683E-18  5.597938E-17  1.438489E-14  1.532901E-13  1.046718E-11  4.200604E-11  7.757035E-10  1.296833E-09
    145  5.177902725711E-02  1.057156E-18  5.963054E-17  1.577814E-14  1.715044E-13  1.203929E-11  4.916623E-11  9.323124E-10  1.585654E-09
    146  5.193558292952E-02  1.094779E-18  6.313257E-17  1.719817E-14  1.906555E-13  1.375655E-11  5.716045E-11  1.112822E-09  1.925172E-09
    147  5.207655208218E-02  1.123992E-18  6.612469E-17  1.849303E-14  2.086850E-13  1.543576E-11  6.514779E-11  1.298840E-09  2.281784E-09
    148  5.220437120847E-02  1.145981E-18  6.865386E-17  1.966462E-14  2.255149E-13  1.706072E-11  7.303457E-11  1.487857E-09  2.650575E-09
    149  5.240275279905E-02  1.170165E-18  7.211482E-17  2.143881E-14  2.521016E-13  1.975153E-11  8.643663E-11  1.820983E-09  3.315180E-09
    150  5.258707116153E-02  1.180067E-18  7.467006E-17  2.298186E-14  2.766355E-13  2.239251E-11  1.000255E-10  2.174173E-09  4.038929E-09
    151  5.276353482958E-02  1.176875E-18  7.638202E-17  2.430541E-14  2.991991E-13  2.498884E-11  1.138405E-10  2.549763E-09  4.829295E-09
    152  5.293536770993E-02  1.161025E-18  7.724645E-17  2.539424E-14  3.195148E-13  2.751290E-11  1.277666E-10  2.946604E-09  5.687368E-09
    153  5.310288915571E-02  1.133192E-18  7.724878E-17  2.621756E-14  3.369970E-13  2.989658E-11  1.414601E-10  3.356914E-09  6.599963E-09
    154  5.325369291828E-02  1.097865E-18  7.650180E-17  2.672252E-14  3.501725E-13  3.191245E-11  1.535697E-10  3.739362E-09  7.475232E-09
    155  5.339308966526E-02  1.057082E-18  7.517606E-17  2.697037E-14  3.597842E-13  3.361524E-11  1.643110E-10  4.097436E-09  8.318158E-09
    156  5.362726198018E-02  9.731702E-19  7.163291E-17  2.688504E-14  3.695782E-13  3.600787E-11  1.806914E-10  4.690363E-09  9.771902E-09
    157  5.383816121000E-02  8.844100E-19  6.716367E-17  2.625985E-14  3.709260E-13  3.753709E-11  1.928909E-10  5.192096E-09  1.107341E-08
    158  5.403768730975E-02  7.931124E-19  6.205030E-17  2.522480E-14  3.656128E-13  3.835761E-11  2.015933E-10  5.616564E-09  1.224754E-08
    159  5.422986619970E-02  7.024254E-19  5.656191E-17  2.387814E-14  3.548180E-13  3.854374E-11  2.070174E-10  5.962716E-09  1.328387E-08
    160  5.440569294967E-02  6.200034E-19  5.126404E-17  2.240565E-14  3.406259E-13  3.820246E-11  2.093078E-10  6.215324E-09  1.412121E-08
    161  5.456994612052E-02  5.455394E-19  4.624009E-17  2.087859E-14  3.242660E-13  3.747088E-11  2.091567E-10  6.390586E-09  1.478864E-08
    162  5.485681963417E-02  4.256008E-19  3.767970E-17  1.801494E-14  2.904496E-13  3.536508E-11  2.039350E-10  6.550100E-09  1.565329E-08
    163  5.511708850657E-02  3.313872E-19  3.052036E-17  1.537187E-14  2.564166E-13  3.274380E-11  1.944969E-10  6.537323E-09  1.608664E-08
    164  5.536560227933E-02  2.557437E-19  2.445963E-17  1.294981E-14  2.231677E-13  2.982684E-11  1.822651E-10  6.398497E-09  1.619233E-08
    165  5.559867087093E-02  1.973423E-19  1.955372E-17  1.084975E-14  1.927892E-13  2.689417E-11  1.687817E-10  6.172396E-09  1.603696E-08
    166  5.582344501454E-02  1.515206E-19  1.553581E-17  9.021014E-15  1.651114E-13  2.400898E-11  1.546075E-10  5.882563E-09  1.567827E-08
    167  5.608267729631E-02  1.100366E-19  1.173594E-17  7.181822E-15  1.360225E-13  2.075110E-11  1.376669E-10  5.483706E-09  1.505216E-08
    168  5.632179590432E-02  8.086898E-20  8.943708E-18  5.744800E-15  1.123013E-13  1.790918E-11  1.221300E-10  5.075502E-09  1.431640E-08
    169  5.658568452696E-02  5.683289E-20  6.541807E-18  4.432977E-15  8.973984E-14  1.503018E-11  1.056659E-10  4.602139E-09  1.337841E-08
    170  5.682194908758E-02  4.102063E-20  4.893489E-18  3.478882E-15  7.266937E-14  1.271832E-11  9.189016E-11  4.174208E-09  1.246718E-08
    171  5.707748662895E-02  2.855049E-20  3.540127E-18  2.650964E-15  5.728935E-14  1.051576E-11  7.826048E-11  3.721019E-09  1.144448E-08
    172  5.730159219632E-02  2.062184E-20  2.645161E-18  2.073279E-15  4.616377E-14  8.835888E-12  6.749301E-11  3.340375E-09  1.054216E-08
    173  5.769211250520E-02  1.151661E-20  1.567713E-18  1.331220E-15  3.122906E-14  6.431043E-12  5.140844E-11  2.729194E-09  9.010563E-09
    174  5.804755660481E-02  6.673632E-21  9.591363E-19  8.763590E-16  2.156432E-14  4.748977E-12  3.957487E-11  2.240475E-09  7.708383E-09
    175  5.837706807704E-02  3.981235E-21  6.018710E-19  5.888468E-16  1.514817E-14  3.550871E-12  3.075781E-11  1.848626E-09  6.608942E-09
    176  5.868213309337E-02  2.447985E-21  3.879168E-19  4.044994E-16  1.084449E-14  2.693768E-12  2.418683E-11  1.536698E-09  5.693052E-09
    177  5.897372529375E-02  1.527926E-21  2.533273E-19  2.808662E-16  7.834037E-15  2.057163E-12  1.911772E-11  1.281024E-09  4.910761E-09
    178  5.927019313219E-02  9.405612E-22  1.633294E-19  1.928227E-16  5.599912E-15  1.556213E-12  1.497872E-11  1.059631E-09  4.206053E-09
    179  5.955970264735E-02  5.822200E-22  1.058134E-19  1.328901E-16  4.015195E-15  1.179572E-12  1.175052E-11  8.766624E-10  3.600599E-09
    180  5.987296131417E-02  3.441074E-22  6.573248E-20  8.832964E-17  2.786147E-15  8.695575E-13  8.991607E-12  7.108114E-10  3.029676E-09
    181  6.018239261751E-02  2.035626E-22  4.086317E-20  5.873904E-17  1.933518E-15  6.407535E-13  6.875240E-12  5.755976E-10  2.545169E-09
    182  6.051941164510E-02  1.142689E-22  2.422231E-20  3.749333E-17  1.293065E-15  4.575339E-13  5.111653E-12  4.556240E-10  2.097199E-09
    183  6.081686890997E-02  6.833140E-23  1.520325E-20  2.513366E-17  9.033423E-16  3.387266E-13  3.922084E-12  3.695294E-10  1.762468E-09
    184  6.107970107709E-02  4.323644E-23  1.004313E-20  1.760366E-17  6.562760E-16  2.590573E-13  3.096135E-12  3.063967E-10  1.508123E-09
    185  6.149099227918E-02  2.097658E-23  5.216769E-21  1.003024E-17  3.960499E-16  1.694746E-13  2.128747E-12  2.275600E-10  1.176885E-09
    186  6.184187848266E-02  1.123590E-23  2.963689E-21  6.170353E-18  2.559453E-16  1.173857E-13  1.538673E-12  1.757607E-10  9.483796E-10
    187  6.212841772032E-02  6.723517E-24  1.861363E-21  4.136900E-18  1.786654E-16  8.672847E-14  1.177213E-12  1.419784E-10  7.931873E-10
    188  6.241083345826E-02  4.039963E-24  1.173507E-21  2.782398E-18  1.250561E-16  6.420486E-14  9.020790E-13  1.147940E-10  6.637303E-10
    189  6.286334795077E-02  1.774448E-24  5.571494E-22  1.466047E-18  7.025522E-17  3.946596E-14  5.861232E-13  8.130498E-11  4.968026E-10
    190  6.324448148531E-02  8.832194E-25  2.961161E-22  8.504672E-19  4.302348E-17  2.607453E-14  4.058373E-13  6.055224E-11  3.876973E-10
    191  6.354755735680E-02  5.047464E-25  1.783324E-22  5.491637E-19  2.900815E-17  1.868019E-14  3.018414E-13  4.774124E-11  3.172976E-10
    192  6.382753282149E-02  2.999842E-25  1.112768E-22  3.654930E-19  2.009537E-17  1.368913E-14  2.290057E-13  3.823545E-11  2.630671E-10
    193  6.429792763326E-02  1.245130E-25  5.012124E-23  1.833819E-19  1.078670E-17  8.076866E-15  1.432610E-13  2.620364E-11  1.911200E-10
    194  6.470641913937E-02  5.781220E-26  2.496204E-23  1.001926E-19  6.250023E-18  5.080668E-15  9.483457E-14  1.878093E-11  1.441354E-10
    195  6.514351188605E-02  2.535337E-26  1.178537E-23  5.216825E-20  3.466015E-18  3.076573E-15  6.066264E-14  1.308329E-11  1.060545E-10
    196  6.551961572666E-02  1.242782E-26  6.146038E-24  2.956123E-20  2.073853E-18  1.986180E-15  4.106315E-14  9.535854E-12  8.104404E-11
    197  6.614173306661E-02  3.803043E-27  2.074053E-24  1.141450E-20  8.767693E-19  9.526331E-16  2.131128E-14  5.597049E-12  5.146429E-11
    198  6.666431851744E-02  1.411147E-27  8.290853E-25  5.085960E-21  4.215281E-19  5.090654E-16  1.217192E-14  3.546345E-12  3.485086E-11
    199  6.714973898932E-02  5.646953E-28  3.524267E-25  2.381190E-21  2.118482E-19  2.822131E-16  7.180351E-15  2.304501E-12  2.409783E-11
    200  6.763365269933E-02  2.275776E-28  1.491999E-25  1.105218E-21  1.055642E-19  1.551562E-16  4.201495E-15  1.486407E-12  1.654252E-11
    201  6.810748363549E-02  9.458715E-29  6.416959E-26  5.172399E-22  5.297089E-20  8.571311E-17  2.467818E-15  9.608004E-13  1.136917E-11
    202  6.886988901479E-02  2.387359E-29  1.648424E-26  1.499441E-22  1.719376E-20  3.247478E-17  1.032797E-15  4.694157E-13  6.134506E-12
    203  6.932442343830E-02  1.077793E-29  7.345279E-27  7.110779E-23  8.714288E-21  1.802847E-17  6.084051E-16  3.034169E-13  4.208653E-12
    204  6.977291475786E-02  5.011840E-30  3.306950E-27  3.372689E-23  4.416315E-21  1.000041E-17  3.580282E-16  1.958260E-13  2.881837E-12
    205  7.051837306122E-02  1.466934E-30  8.859031E-28  9.614138E-24  1.406486E-21  3.698524E-18  1.461998E-16  9.329509E-14  1.515751E-12
    206  7.120724846930E-02  1.000000E-30  2.672627E-28  2.973734E-24  4.813349E-22  1.449715E-18  6.282611E-17  4.626896E-14  8.243053E-13
    207  7.185571854523E-02  1.000000E-30  8.815521E-29  9.713927E-25  1.727031E-22  5.899024E-19  2.789322E-17  2.353823E-14  4.576523E-13
    208  7.250556240022E-02  1.000000E-30  2.972337E-29  3.131116E-25  6.112932E-23  2.362078E-19  1.219586E-17  1.180195E-14  2.506223E-13
    209  7.308358088908E-02  1.000000E-30  1.158592E-29  1.136880E-25  2.405085E-23  1.033270E-19  5.771557E-18  6.312478E-15  1.450675E-13
    210  7.365083251161E-02  1.000000E-30  4.686397E-30  4.171274E-26  9.524093E-24  4.525412E-20  2.732294E-18  3.373732E-15  8.382878E-14
    211  7.420607479025E-02  1.000000E-30  1.973771E-30  1.561201E-26  3.826076E-24  1.996154E-20  1.301138E-18  1.809683E-15  4.855900E-14
    212  7.477269193766E-02  1.000000E-30  1.000000E-30  5.740209E-27  1.503576E-24  8.571382E-21  6.043664E-19  9.493249E-16  2.756384E-14
    213  7.532671922740E-02  1.000000E-30  1.000000E-30  2.161516E-27  5.997084E-25  3.698486E-21  2.817293E-19  4.989765E-16  1.565824E-14
    214  7.590819975934E-02  1.000000E-30  1.000000E-30  7.828701E-28  2.283755E-25  1.512260E-21  1.250000E-19  2.512374E-16  8.558431E-15
    215  7.648106882397E-02  1.000000E-30  1.000000E-30  2.932143E-28  8.865685E-26  6.200636E-22  5.556476E-20  1.264859E-16  4.673672E-15
    216  7.706864365518E-02  1.000000E-30  1.000000E-30  1.094903E-28  3.379695E-26  2.450813E-22  2.386924E-20  6.176064E-17  2.481818E-15
    217  7.765097184480E-02  1.000000E-30  1.000000E-30  4.238663E-29  1.312589E-26  9.617754E-23  1.017865E-20  2.991533E-17  1.307219E-15
    218  7.824188421090E-02  1.000000E-30  1.000000E-30  1.679368E-29  5.130236E-27  3.676387E-23  4.233606E-21  1.414776E-17  6.733930E-16
    219  7.883216312169E-02  1.000000E-30  1.000000E-30  6.918385E-30  2.058416E-27  1.386754E-23  1.737576E-21  6.593358E-18  3.419474E-16
    220  7.934760137230E-02  1.000000E-30  1.000000E-30  3.278111E-30  9.476086E-28  5.822379E-24  7.854978E-22  3.328201E-18  1.861582E-16
    221  7.991019390762E-02  1.000000E-30  1.000000E-30  1.493438E-30  4.189603E-28  2.228077E-24  3.257927E-22  1.552402E-18  9.433359E-17
    222  8.044081450283E-02  1.000000E-30  1.000000E-30  1.000000E-30  2.001714E-28  8.899119E-25  1.402814E-22  7.432040E-19  4.884850E-17
    223  8.103419684334E-02  1.000000E-30  1.000000E-30  1.000000E-30  9.053914E-29  3.136215E-25  5.370067E-23  3.179283E-19  2.282545E-17
    224  8.158988408622E-02  1.000000E-30  1.000000E-30  1.000000E-30  4.437806E-29  1.169360E-25  2.158633E-23  1.400582E-19  1.092798E-17
    225  8.219791245697E-02  1.000000E-30  1.000000E-30  1.000000E-30  2.099024E-29  3.983128E-26  7.947709E-24  5.569193E-20  4.761302E-18
    226  8.273529679330E-02  1.000000E-30  1.000000E-30  1.000000E-30  1.107377E-29  1.562113E-26  3.317413E-24  2.412024E-20  2.236060E-18
    227  8.327310875316E-02  1.000000E-30  1.000000E-30  1.000000E-30  5.929521E-30  6.304149E-27  1.415183E-24  1.024341E-20  1.030180E-18
    228  8.381967664174E-02  1.000000E-30  1.000000E-30  1.000000E-30  3.186312E-30  2.642387E-27  6.227919E-25  4.245651E-21  4.638107E-19
    229  8.442137901789E-02  1.000000E-30  1.000000E-30  1.000000E-30  1.625097E-30  1.093120E-27  2.702333E-25  1.606341E-21  1.921748E-19
    230  8.496109010092E-02  1.000000E-30  1.000000E-30  1.000000E-30  1.000000E-30  5.273984E-28  1.358842E-25  6.746066E-22  8.752130E-20
    231  8.556251684447E-02  1.000000E-30  1.000000E-30  1.000000E-30  1.000000E-30  2.484988E-28  6.724857E-26  2.623818E-22  3.723076E-20
    232  8.609514523980E-02  1.000000E-30  1.000000E-30  1.000000E-30  1.000000E-30  1.324068E-28  3.757670E-26  1.174238E-22  1.801729E-20
    233  8.668730402486E-02  1.000000E-30  1.000000E-30  1.000000E-30  1.000000E-30  6.714741E-29  2.018076E-26  5.009216E-23  8.379821E-21
    234  8.725638446658E-02  1.000000E-30  1.000000E-30  1.000000E-30  1.000000E-30  3.529019E-29  1.124348E-26  2.313856E-23  4.203446E-21
    235  8.784892152766E-02  1.000000E-30  1.000000E-30  1.000000E-30  1.000000E-30  1.807996E-29  6.138902E-27  1.084647E-23  2.147670E-21
    236  8.837914431516E-02  1.000000E-30  1.000000E-30  1.000000E-30  1.000000E-30  9.884674E-30  3.560531E-27  5.683851E-24  1.216575E-21
    237  8.927467123273E-02  1.000000E-30  1.000000E-30  1.000000E-30  1.000000E-30  3.483926E-30  1.394613E-27  1.988092E-24  4.865636E-22
    238  9.009385267910E-02  1.000000E-30  1.000000E-30  1.000000E-30  1.000000E-30  1.301454E-30  5.775784E-28  7.797652E-25  2.162166E-22
    239  9.088007009323E-02  1.000000E-30  1.000000E-30  1.000000E-30  1.000000E-30  1.000000E-30  2.406167E-28  3.175585E-25  9.949836E-23
    240  9.160938796651E-02  1.000000E-30  1.000000E-30  1.000000E-30  1.000000E-30  1.000000E-30  1.044911E-28  1.379278E-25  4.852098E-23
    241  9.231864750676E-02  1.000000E-30  1.000000E-30  1.000000E-30  1.000000E-30  1.000000E-30  4.545709E-29  6.110736E-26  2.408547E-23
    242  9.335415502949E-02  1.000000E-30  1.000000E-30  1.000000E-30  1.000000E-30  1.000000E-30  1.297061E-29  1.844685E-26  8.621325E-24
    243  9.429165011748E-02  1.000000E-30  1.000000E-30  1.000000E-30  1.000000E-30  1.000000E-30  4.030586E-30  6.214620E-27  3.395824E-24
    244  9.514750284226E-02  1.000000E-30  1.000000E-30  1.000000E-30  1.000000E-30  1.000000E-30  1.340582E-30  2.282468E-27  1.445272E-24
    245  9.592869681963E-02  1.000000E-30  1.000000E-30  1.000000E-30  1.000000E-30  1.000000E-30  1.000000E-30  9.152169E-28  6.632129E-25
    246  9.638259128200E-02  1.000000E-30  1.000000E-30  1.000000E-30  1.000000E-30  1.000000E-30  1.000000E-30  5.353907E-28  4.203992E-25
    247  9.686466198075E-02  1.000000E-30  1.000000E-30  1.000000E-30  1.000000E-30  1.000000E-30  1.000000E-30  3.028672E-28  2.590729E-25
    248  9.745016881397E-02  1.000000E-30  1.000000E-30  1.000000E-30  1.000000E-30  1.000000E-30  1.000000E-30  1.515161E-28  1.439188E-25
    249  9.798964068785E-02  1.000000E-30  1.000000E-30  1.000000E-30  1.000000E-30  1.000000E-30  1.000000E-30  7.986254E-29  8.363360E-26
    250  9.892639389759E-02  1.000000E-30  1.000000E-30  1.000000E-30  1.000000E-30  1.000000E-30  1.000000E-30  2.601782E-29  3.238271E-26
    251  9.977784733458E-02  1.000000E-30  1.000000E-30  1.000000E-30  1.000000E-30  1.000000E-30  1.000000E-30  9.349860E-30  1.364448E-26
    252  1.005622893962E-01  1.000000E-30  1.000000E-30  1.000000E-30  1.000000E-30  1.000000E-30  1.000000E-30  3.589267E-30  6.100730E-27
    253  1.013070552067E-01  1.000000E-30  1.000000E-30  1.000000E-30  1.000000E-30  1.000000E-30  1.000000E-30  1.431547E-30  2.833107E-27
    254  1.019791947326E-01  1.000000E-30  1.000000E-30  1.000000E-30  1.000000E-30  1.000000E-30  1.000000E-30  1.000000E-30  1.411384E-27
    255  1.025982572428E-01  1.000000E-30  1.000000E-30  1.000000E-30  1.000000E-30  1.000000E-30  1.000000E-30  1.000000E-30  7.378799E-28
    256  1.032644197032E-01  1.000000E-30  1.000000E-30  1.000000E-30  1.000000E-30  1.000000E-30  1.000000E-30  1.000000E-30  3.660535E-28
    257  1.039121745974E-01  1.000000E-30  1.000000E-30  1.000000E-30  1.000000E-30  1.000000E-30  1.000000E-30  1.000000E-30  1.839342E-28
    258  1.045193471709E-01  1.000000E-30  1.000000E-30  1.000000E-30  1.000000E-30  1.000000E-30  1.000000E-30  1.000000E-30  9.587351E-29
    259  1.051181778144E-01  1.000000E-30  1.000000E-30  1.000000E-30  1.000000E-30  1.000000E-30  1.000000E-30  1.000000E-30  5.021472E-29
    260  1.056826419982E-01  1.000000E-30  1.000000E-30  1.000000E-30  1.000000E-30  1.000000E-30  1.000000E-30  1.000000E-30  2.716091E-29
    261  1.062431336111E-01  1.000000E-30  1.000000E-30  1.000000E-30  1.000000E-30  1.000000E-30  1.000000E-30  1.000000E-30  1.463790E-29
    262  1.068146627648E-01  1.000000E-30  1.000000E-30  1.000000E-30  1.000000E-30  1.000000E-30  1.000000E-30  1.000000E-30  7.757524E-30
    263  1.073656177930E-01  1.000000E-30  1.000000E-30  1.000000E-30  1.000000E-30  1.000000E-30  1.000000E-30  1.000000E-30  4.189016E-30
    264  1.079139362418E-01  1.000000E-30  1.000000E-30  1.000000E-30  1.000000E-30  1.000000E-30  1.000000E-30  1.000000E-30  2.244998E-30
    265  1.084202130578E-01  1.000000E-30  1.000000E-30  1.000000E-30  1.000000E-30  1.000000E-30  1.000000E-30  1.000000E-30  1.255091E-30
    266  1.089957947327E-01  1.000000E-30  1.000000E-30  1.000000E-30  1.000000E-30  1.000000E-30  1.000000E-30  1.000000E-30  1.000000E-30
    267  1.095139929398E-01  1.000000E-30  1.000000E-30  1.000000E-30  1.000000E-30  1.000000E-30  1.000000E-30  1.000000E-30  1.000000E-30
    268  1.100036617482E-01  1.000000E-30  1.000000E-30  1.000000E-30  1.000000E-30  1.000000E-30  1.000000E-30  1.000000E-30  1.000000E-30
    269  1.105581599754E-01  1.000000E-30  1.000000E-30  1.000000E-30  1.000000E-30  1.000000E-30  1.000000E-30  1.000000E-30  1.000000E-30
    270  1.111738162549E-01  1.000000E-30  1.000000E-30  1.000000E-30  1.000000E-30  1.000000E-30  1.000000E-30  1.000000E-30  1.000000E-30
    271  1.117276452796E-01  1.000000E-30  1.000000E-30  1.000000E-30  1.000000E-30  1.000000E-30  1.000000E-30  1.000000E-30  1.000000E-30
    272  1.122547306619E-01  1.000000E-30  1.000000E-30  1.000000E-30  1.000000E-30  1.000000E-30  1.000000E-30  1.000000E-30  1.000000E-30
    273  1.128196390807E-01  1.000000E-30  1.000000E-30  1.000000E-30  1.000000E-30  1.000000E-30  1.000000E-30  1.000000E-30  1.000000E-30
    274  1.134172103791E-01  1.000000E-30  1.000000E-30  1.000000E-30  1.000000E-30  1.000000E-30  1.000000E-30  1.000000E-30  1.000000E-30
    275  1.139661173569E-01  1.000000E-30  1.000000E-30  1.000000E-30  1.000000E-30  1.000000E-30  1.000000E-30  1.000000E-30  1.000000E-30
    276  1.145721141816E-01  1.000000E-30  1.000000E-30  1.000000E-30  1.000000E-30  1.000000E-30  1.000000E-30  1.000000E-30  1.000000E-30
    277  1.151138636995E-01  1.000000E-30  1.000000E-30  1.000000E-30  1.000000E-30  1.000000E-30  1.000000E-30  1.000000E-30  1.000000E-30
    278  1.160623872824E-01  1.000000E-30  1.000000E-30  1.000000E-30  1.000000E-30  1.000000E-30  1.000000E-30  1.000000E-30  1.000000E-30
    279  1.166131253687E-01  1.000000E-30  1.000000E-30  1.000000E-30  1.000000E-30  1.000000E-30  1.000000E-30  1.000000E-30  1.000000E-30
    280  1.171578902390E-01  1.000000E-30  1.000000E-30  1.000000E-30  1.000000E-30  1.000000E-30  1.000000E-30  1.000000E-30  1.000000E-30
    281  1.179966344325E-01  1.000000E-30  1.000000E-30  1.000000E-30  1.000000E-30  1.000000E-30  1.000000E-30  1.000000E-30  1.000000E-30
    282  1.184626561866E-01  1.000000E-30  1.000000E-30  1.000000E-30  1.000000E-30  1.000000E-30  1.000000E-30  1.000000E-30  1.000000E-30
    283  1.189221956404E-01  1.000000E-30  1.000000E-30  1.000000E-30  1.000000E-30  1.000000E-30  1.000000E-30  1.000000E-30  1.000000E-30
    284  1.197605220964E-01  1.000000E-30  1.000000E-30  1.000000E-30  1.000000E-30  1.000000E-30  1.000000E-30  1.000000E-30  1.000000E-30
    285  1.205341475296E-01  1.000000E-30  1.000000E-30  1.000000E-30  1.000000E-30  1.000000E-30  1.000000E-30  1.000000E-30  1.000000E-30
    286  1.212540834288E-01  1.000000E-30  1.000000E-30  1.000000E-30  1.000000E-30  1.000000E-30  1.000000E-30  1.000000E-30  1.000000E-30
    287  1.219299358624E-01  1.000000E-30  1.000000E-30  1.000000E-30  1.000000E-30  1.000000E-30  1.000000E-30  1.000000E-30  1.000000E-30
    288  1.225766858039E-01  1.000000E-30  1.000000E-30  1.000000E-30  1.000000E-30  1.000000E-30  1.000000E-30  1.000000E-30  1.000000E-30
    289  1.231854533608E-01  1.000000E-30  1.000000E-30  1.000000E-30  1.000000E-30  1.000000E-30  1.000000E-30  1.000000E-30  1.000000E-30
    290  1.237219182154E-01  1.000000E-30  1.000000E-30  1.000000E-30  1.000000E-30  1.000000E-30  1.000000E-30  1.000000E-30  1.000000E-30
    291  1.242404039059E-01  1.000000E-30  1.000000E-30  1.000000E-30  1.000000E-30  1.000000E-30  1.000000E-30  1.000000E-30  1.000000E-30
    292  1.248086455930E-01  1.000000E-30  1.000000E-30  1.000000E-30  1.000000E-30  1.000000E-30  1.000000E-30  1.000000E-30  1.000000E-30
    293  1.253177247642E-01  1.000000E-30  1.000000E-30  1.000000E-30  1.000000E-30  1.000000E-30  1.000000E-30  1.000000E-30  1.000000E-30
    294  1.258810647447E-01  1.000000E-30  1.000000E-30  1.000000E-30  1.000000E-30  1.000000E-30  1.000000E-30  1.000000E-30  1.000000E-30
    295  1.264205598797E-01  1.000000E-30  1.000000E-30  1.000000E-30  1.000000E-30  1.000000E-30  1.000000E-30  1.000000E-30  1.000000E-30
    296  1.270317883483E-01  1.000000E-30  1.000000E-30  1.000000E-30  1.000000E-30  1.000000E-30  1.000000E-30  1.000000E-30  1.000000E-30
    297  1.275757308169E-01  1.000000E-30  1.000000E-30  1.000000E-30  1.000000E-30  1.000000E-30  1.000000E-30  1.000000E-30  1.000000E-30
    298  1.286048671531E-01  1.000000E-30  1.000000E-30  1.000000E-30  1.000000E-30  1.000000E-30  1.000000E-30  1.000000E-30  1.000000E-30
    299  1.290949488661E-01  1.000000E-30  1.000000E-30  1.000000E-30  1.000000E-30  1.000000E-30  1.000000E-30  1.000000E-30  1.000000E-30
    300  1.295345101683E-01  1.000000E-30  1.000000E-30  1.000000E-30  1.000000E-30  1.000000E-30  1.000000E-30  1.000000E-30  1.000000E-30
    301  1.303954523490E-01  1.000000E-30  1.000000E-30  1.000000E-30  1.000000E-30  1.000000E-30  1.000000E-30  1.000000E-30  1.000000E-30
    302  1.308549873199E-01  1.000000E-30  1.000000E-30  1.000000E-30  1.000000E-30  1.000000E-30  1.000000E-30  1.000000E-30  1.000000E-30
    303  1.312776310019E-01  1.000000E-30  1.000000E-30  1.000000E-30  1.000000E-30  1.000000E-30  1.000000E-30  1.000000E-30  1.000000E-30
    304  1.320787884157E-01  1.000000E-30  1.000000E-30  1.000000E-30  1.000000E-30  1.000000E-30  1.000000E-30  1.000000E-30  1.000000E-30
    305  1.327308179063E-01  1.000000E-30  1.000000E-30  1.000000E-30  1.000000E-30  1.000000E-30  1.000000E-30  1.000000E-30  1.000000E-30
    306  1.333821207310E-01  1.000000E-30  1.000000E-30  1.000000E-30  1.000000E-30  1.000000E-30  1.000000E-30  1.000000E-30  1.000000E-30
    307  1.339749669338E-01  1.000000E-30  1.000000E-30  1.000000E-30  1.000000E-30  1.000000E-30  1.000000E-30  1.000000E-30  1.000000E-30
    308  1.345530840576E-01  1.000000E-30  1.000000E-30  1.000000E-30  1.000000E-30  1.000000E-30  1.000000E-30  1.000000E-30  1.000000E-30
    309  1.351098094661E-01  1.000000E-30  1.000000E-30  1.000000E-30  1.000000E-30  1.000000E-30  1.000000E-30  1.000000E-30  1.000000E-30
    310  1.359304916944E-01  1.000000E-30  1.000000E-30  1.000000E-30  1.000000E-30  1.000000E-30  1.000000E-30  1.000000E-30  1.000000E-30
    311  1.363572082699E-01  1.000000E-30  1.000000E-30  1.000000E-30  1.000000E-30  1.000000E-30  1.000000E-30  1.000000E-30  1.000000E-30
    312  1.367788244083E-01  1.000000E-30  1.000000E-30  1.000000E-30  1.000000E-30  1.000000E-30  1.000000E-30  1.000000E-30  1.000000E-30
    313  1.375777712339E-01  1.000000E-30  1.000000E-30  1.000000E-30  1.000000E-30  1.000000E-30  1.000000E-30  1.000000E-30  1.000000E-30
    314  1.380438267916E-01  1.000000E-30  1.000000E-30  1.000000E-30  1.000000E-30  1.000000E-30  1.000000E-30  1.000000E-30  1.000000E-30
    315  1.384690951451E-01  1.000000E-30  1.000000E-30  1.000000E-30  1.000000E-30  1.000000E-30  1.000000E-30  1.000000E-30  1.000000E-30
    316  1.391087445178E-01  1.000000E-30  1.000000E-30  1.000000E-30  1.000000E-30  1.000000E-30  1.000000E-30  1.000000E-30  1.000000E-30
    317  1.397002518981E-01  1.000000E-30  1.000000E-30  1.000000E-30  1.000000E-30  1.000000E-30  1.000000E-30  1.000000E-30  1.000000E-30
    318  1.402705851668E-01  1.000000E-30  1.000000E-30  1.000000E-30  1.000000E-30  1.000000E-30  1.000000E-30  1.000000E-30  1.000000E-30
    319  1.408634912375E-01  1.000000E-30  1.000000E-30  1.000000E-30  1.000000E-30  1.000000E-30  1.000000E-30  1.000000E-30  1.000000E-30
    320  1.414089642241E-01  1.000000E-30  1.000000E-30  1.000000E-30  1.000000E-30  1.000000E-30  1.000000E-30  1.000000E-30  1.000000E-30
    321  1.419220762512E-01  1.000000E-30  1.000000E-30  1.000000E-30  1.000000E-30  1.000000E-30  1.000000E-30  1.000000E-30  1.000000E-30
    322  1.422771704232E-01  1.000000E-30  1.000000E-30  1.000000E-30  1.000000E-30  1.000000E-30  1.000000E-30  1.000000E-30  1.000000E-30
    323  1.426029315631E-01  1.000000E-30  1.000000E-30  1.000000E-30  1.000000E-30  1.000000E-30  1.000000E-30  1.000000E-30  1.000000E-30
    324  1.430135230101E-01  1.000000E-30  1.000000E-30  1.000000E-30  1.000000E-30  1.000000E-30  1.000000E-30  1.000000E-30  1.000000E-30
    325  1.434683796643E-01  1.000000E-30  1.000000E-30  1.000000E-30  1.000000E-30  1.000000E-30  1.000000E-30  1.000000E-30  1.000000E-30
    326  1.440315208021E-01  1.000000E-30  1.000000E-30  1.000000E-30  1.000000E-30  1.000000E-30  1.000000E-30  1.000000E-30  1.000000E-30
    327  1.445490332405E-01  1.000000E-30  1.000000E-30  1.000000E-30  1.000000E-30  1.000000E-30  1.000000E-30  1.000000E-30  1.000000E-30
    328  1.451370980342E-01  1.000000E-30  1.000000E-30  1.000000E-30  1.000000E-30  1.000000E-30  1.000000E-30  1.000000E-30  1.000000E-30
    329  1.457052374241E-01  1.000000E-30  1.000000E-30  1.000000E-30  1.000000E-30  1.000000E-30  1.000000E-30  1.000000E-30  1.000000E-30
    330  1.463107957421E-01  1.000000E-30  1.000000E-30  1.000000E-30  1.000000E-30  1.000000E-30  1.000000E-30  1.000000E-30  1.000000E-30
    331  1.468752132891E-01  1.000000E-30  1.000000E-30  1.000000E-30  1.000000E-30  1.000000E-30  1.000000E-30  1.000000E-30  1.000000E-30
    332  1.475510939381E-01  1.000000E-30  1.000000E-30  1.000000E-30  1.000000E-30  1.000000E-30  1.000000E-30  1.000000E-30  1.000000E-30
    333  1.481899111058E-01  1.000000E-30  1.000000E-30  1.000000E-30  1.000000E-30  1.000000E-30  1.000000E-30  1.000000E-30  1.000000E-30
    334  1.491767377555E-01  1.000000E-30  1.000000E-30  1.000000E-30  1.000000E-30  1.000000E-30  1.000000E-30  1.000000E-30  1.000000E-30
    335  1.497116139607E-01  1.000000E-30  1.000000E-30  1.000000E-30  1.000000E-30  1.000000E-30  1.000000E-30  1.000000E-30  1.000000E-30
    336  1.502421520731E-01  1.000000E-30  1.000000E-30  1.000000E-30  1.000000E-30  1.000000E-30  1.000000E-30  1.000000E-30  1.000000E-30
    337  1.509052103900E-01  1.000000E-30  1.000000E-30  1.000000E-30  1.000000E-30  1.000000E-30  1.000000E-30  1.000000E-30  1.000000E-30
    338  1.515352476696E-01  1.000000E-30  1.000000E-30  1.000000E-30  1.000000E-30  1.000000E-30  1.000000E-30  1.000000E-30  1.000000E-30
    339  1.521327102765E-01  1.000000E-30  1.000000E-30  1.000000E-30  1.000000E-30  1.000000E-30  1.000000E-30  1.000000E-30  1.000000E-30
    340  1.526678407657E-01  1.000000E-30  1.000000E-30  1.000000E-30  1.000000E-30  1.000000E-30  1.000000E-30  1.000000E-30  1.000000E-30
    341  1.532481602429E-01  1.000000E-30  1.000000E-30  1.000000E-30  1.000000E-30  1.000000E-30  1.000000E-30  1.000000E-30  1.000000E-30
    342  1.535863948111E-01  1.000000E-30  1.000000E-30  1.000000E-30  1.000000E-30  1.000000E-30  1.000000E-30  1.000000E-30  1.000000E-30
    343  1.538995751697E-01  1.000000E-30  1.000000E-30  1.000000E-30  1.000000E-30  1.000000E-30  1.000000E-30  1.000000E-30  1.000000E-30
    344  1.546020187628E-01  1.000000E-30  1.000000E-30  1.000000E-30  1.000000E-30  1.000000E-30  1.000000E-30  1.000000E-30  1.000000E-30
    345  1.552062305672E-01  1.000000E-30  1.000000E-30  1.000000E-30  1.000000E-30  1.000000E-30  1.000000E-30  1.000000E-30  1.000000E-30
    346  1.557875935888E-01  1.000000E-30  1.000000E-30  1.000000E-30  1.000000E-30  1.000000E-30  1.000000E-30  1.000000E-30  1.000000E-30
    347  1.566447447202E-01  1.000000E-30  1.000000E-30  1.000000E-30  1.000000E-30  1.000000E-30  1.000000E-30  1.000000E-30  1.000000E-30
    348  1.574294426159E-01  1.000000E-30  1.000000E-30  1.000000E-30  1.000000E-30  1.000000E-30  1.000000E-30  1.000000E-30  1.000000E-30
    349  1.581710514975E-01  1.000000E-30  1.000000E-30  1.000000E-30  1.000000E-30  1.000000E-30  1.000000E-30  1.000000E-30  1.000000E-30
    350  1.588328903187E-01  1.000000E-30  1.000000E-30  1.000000E-30  1.000000E-30  1.000000E-30  1.000000E-30  1.000000E-30  1.000000E-30
    351  1.594606073659E-01  1.000000E-30  1.000000E-30  1.000000E-30  1.000000E-30  1.000000E-30  1.000000E-30  1.000000E-30  1.000000E-30
    352  1.600565792087E-01  1.000000E-30  1.000000E-30  1.000000E-30  1.000000E-30  1.000000E-30  1.000000E-30  1.000000E-30  1.000000E-30
    353  1.607059625219E-01  1.000000E-30  1.000000E-30  1.000000E-30  1.000000E-30  1.000000E-30  1.000000E-30  1.000000E-30  1.000000E-30
    354  1.613957576202E-01  1.000000E-30  1.000000E-30  1.000000E-30  1.000000E-30  1.000000E-30  1.000000E-30  1.000000E-30  1.000000E-30
    355  1.620398820205E-01  1.000000E-30  1.000000E-30  1.000000E-30  1.000000E-30  1.000000E-30  1.000000E-30  1.000000E-30  1.000000E-30
    356  1.627691861850E-01  1.000000E-30  1.000000E-30  1.000000E-30  1.000000E-30  1.000000E-30  1.000000E-30  1.000000E-30  1.000000E-30
    357  1.634667099868E-01  1.000000E-30  1.000000E-30  1.000000E-30  1.000000E-30  1.000000E-30  1.000000E-30  1.000000E-30  1.000000E-30
    358  1.645369737572E-01  1.000000E-30  1.000000E-30  1.000000E-30  1.000000E-30  1.000000E-30  1.000000E-30  1.000000E-30  1.000000E-30
    359  1.651200899964E-01  1.000000E-30  1.000000E-30  1.000000E-30  1.000000E-30  1.000000E-30  1.000000E-30  1.000000E-30  1.000000E-30
    360  1.656939516385E-01  1.000000E-30  1.000000E-30  1.000000E-30  1.000000E-30  1.000000E-30  1.000000E-30  1.000000E-30  1.000000E-30
    361  1.664404283242E-01  1.000000E-30  1.000000E-30  1.000000E-30  1.000000E-30  1.000000E-30  1.000000E-30  1.000000E-30  1.000000E-30
    362  1.671401020014E-01  1.000000E-30  1.000000E-30  1.000000E-30  1.000000E-30  1.000000E-30  1.000000E-30  1.000000E-30  1.000000E-30
    363  1.682228463170E-01  1.000000E-30  1.000000E-30  1.000000E-30  1.000000E-30  1.000000E-30  1.000000E-30  1.000000E-30  1.000000E-30
    364  1.688914277275E-01  1.000000E-30  1.000000E-30  1.000000E-30  1.000000E-30  1.000000E-30  1.000000E-30  1.000000E-30  1.000000E-30
    365  1.695862681704E-01  1.000000E-30  1.000000E-30  1.000000E-30  1.000000E-30  1.000000E-30  1.000000E-30  1.000000E-30  1.000000E-30
    366  1.708796298676E-01  1.000000E-30  1.000000E-30  1.000000E-30  1.000000E-30  1.000000E-30  1.000000E-30  1.000000E-30  1.000000E-30
    367  1.720689125062E-01  1.000000E-30  1.000000E-30  1.000000E-30  1.000000E-30  1.000000E-30  1.000000E-30  1.000000E-30  1.000000E-30
    368  1.730357271347E-01  1.000000E-30  1.000000E-30  1.000000E-30  1.000000E-30  1.000000E-30  1.000000E-30  1.000000E-30  1.000000E-30
    369  1.739185931198E-01  1.000000E-30  1.000000E-30  1.000000E-30  1.000000E-30  1.000000E-30  1.000000E-30  1.000000E-30  1.000000E-30
    370  1.748109107026E-01  1.000000E-30  1.000000E-30  1.000000E-30  1.000000E-30  1.000000E-30  1.000000E-30  1.000000E-30  1.000000E-30
    371  1.757092013639E-01  1.000000E-30  1.000000E-30  1.000000E-30  1.000000E-30  1.000000E-30  1.000000E-30  1.000000E-30  1.000000E-30
    372  1.765567714958E-01  1.000000E-30  1.000000E-30  1.000000E-30  1.000000E-30  1.000000E-30  1.000000E-30  1.000000E-30  1.000000E-30
    373  1.775373762473E-01  1.000000E-30  1.000000E-30  1.000000E-30  1.000000E-30  1.000000E-30  1.000000E-30  1.000000E-30  1.000000E-30
    374  1.784803688374E-01  1.000000E-30  1.000000E-30  1.000000E-30  1.000000E-30  1.000000E-30  1.000000E-30  1.000000E-30  1.000000E-30
    375  1.795112536071E-01  1.000000E-30  1.000000E-30  1.000000E-30  1.000000E-30  1.000000E-30  1.000000E-30  1.000000E-30  1.000000E-30
    376  1.804824008025E-01  1.000000E-30  1.000000E-30  1.000000E-30  1.000000E-30  1.000000E-30  1.000000E-30  1.000000E-30  1.000000E-30
    377  1.815169070317E-01  1.000000E-30  1.000000E-30  1.000000E-30  1.000000E-30  1.000000E-30  1.000000E-30  1.000000E-30  1.000000E-30
    378  1.825428215499E-01  1.000000E-30  1.000000E-30  1.000000E-30  1.000000E-30  1.000000E-30  1.000000E-30  1.000000E-30  1.000000E-30
    379  1.841355644659E-01  1.000000E-30  1.000000E-30  1.000000E-30  1.000000E-30  1.000000E-30  1.000000E-30  1.000000E-30  1.000000E-30
    380  1.856860183354E-01  1.000000E-30  1.000000E-30  1.000000E-30  1.000000E-30  1.000000E-30  1.000000E-30  1.000000E-30  1.000000E-30
    381  1.870847965371E-01  1.000000E-30  1.000000E-30  1.000000E-30  1.000000E-30  1.000000E-30  1.000000E-30  1.000000E-30  1.000000E-30
    382  1.883699545972E-01  1.000000E-30  1.000000E-30  1.000000E-30  1.000000E-30  1.000000E-30  1.000000E-30  1.000000E-30  1.000000E-30
    383  1.895671856375E-01  1.000000E-30  1.000000E-30  1.000000E-30  1.000000E-30  1.000000E-30  1.000000E-30  1.000000E-30  1.000000E-30
    384  1.907324824205E-01  1.000000E-30  1.000000E-30  1.000000E-30  1.000000E-30  1.000000E-30  1.000000E-30  1.000000E-30  1.000000E-30
    385  1.917913284253E-01  1.000000E-30  1.000000E-30  1.000000E-30  1.000000E-30  1.000000E-30  1.000000E-30  1.000000E-30  1.000000E-30
    386  1.928179034582E-01  1.000000E-30  1.000000E-30  1.000000E-30  1.000000E-30  1.000000E-30  1.000000E-30  1.000000E-30  1.000000E-30
    387  1.939781308337E-01  1.000000E-30  1.000000E-30  1.000000E-30  1.000000E-30  1.000000E-30  1.000000E-30  1.000000E-30  1.000000E-30
    388  1.950365569225E-01  1.000000E-30  1.000000E-30  1.000000E-30  1.000000E-30  1.000000E-30  1.000000E-30  1.000000E-30  1.000000E-30
    389  1.963061656501E-01  1.000000E-30  1.000000E-30  1.000000E-30  1.000000E-30  1.000000E-30  1.000000E-30  1.000000E-30  1.000000E-30
    390  1.975160386553E-01  1.000000E-30  1.000000E-30  1.000000E-30  1.000000E-30  1.000000E-30  1.000000E-30  1.000000E-30  1.000000E-30
    391  1.988970783448E-01  1.000000E-30  1.000000E-30  1.000000E-30  1.000000E-30  1.000000E-30  1.000000E-30  1.000000E-30  1.000000E-30
    392  2.001908516564E-01  1.000000E-30  1.000000E-30  1.000000E-30  1.000000E-30  1.000000E-30  1.000000E-30  1.000000E-30  1.000000E-30
    393  2.023233395230E-01  1.000000E-30  1.000000E-30  1.000000E-30  1.000000E-30  1.000000E-30  1.000000E-30  1.000000E-30  1.000000E-30
    394  2.035207364909E-01  1.000000E-30  1.000000E-30  1.000000E-30  1.000000E-30  1.000000E-30  1.000000E-30  1.000000E-30  1.000000E-30
    395  2.047171141817E-01  1.000000E-30  1.000000E-30  1.000000E-30  1.000000E-30  1.000000E-30  1.000000E-30  1.000000E-30  1.000000E-30
    396  2.061861175315E-01  1.000000E-30  1.000000E-30  1.000000E-30  1.000000E-30  1.000000E-30  1.000000E-30  1.000000E-30  1.000000E-30
    397  2.075162532616E-01  1.000000E-30  1.000000E-30  1.000000E-30  1.000000E-30  1.000000E-30  1.000000E-30  1.000000E-30  1.000000E-30
    398  2.088103947538E-01  1.000000E-30  1.000000E-30  1.000000E-30  1.000000E-30  1.000000E-30  1.000000E-30  1.000000E-30  1.000000E-30
    399  2.102374295066E-01  1.000000E-30  1.000000E-30  1.000000E-30  1.000000E-30  1.000000E-30  1.000000E-30  1.000000E-30  1.000000E-30
    400  2.116254943500E-01  1.000000E-30  1.000000E-30  1.000000E-30  1.000000E-30  1.000000E-30  1.000000E-30  1.000000E-30  1.000000E-30
    401  2.137594200207E-01  1.000000E-30  1.000000E-30  1.000000E-30  1.000000E-30  1.000000E-30  1.000000E-30  1.000000E-30  1.000000E-30
    402  2.149968302441E-01  1.000000E-30  1.000000E-30  1.000000E-30  1.000000E-30  1.000000E-30  1.000000E-30  1.000000E-30  1.000000E-30
    403  2.163578604848E-01  1.000000E-30  1.000000E-30  1.000000E-30  1.000000E-30  1.000000E-30  1.000000E-30  1.000000E-30  1.000000E-30
    404  2.188327022992E-01  1.000000E-30  1.000000E-30  1.000000E-30  1.000000E-30  1.000000E-30  1.000000E-30  1.000000E-30  1.000000E-30
    405  2.210861741802E-01  1.000000E-30  1.000000E-30  1.000000E-30  1.000000E-30  1.000000E-30  1.000000E-30  1.000000E-30  1.000000E-30
    406  2.231360986547E-01  1.000000E-30  1.000000E-30  1.000000E-30  1.000000E-30  1.000000E-30  1.000000E-30  1.000000E-30  1.000000E-30
    407  2.249661932162E-01  1.000000E-30  1.000000E-30  1.000000E-30  1.000000E-30  1.000000E-30  1.000000E-30  1.000000E-30  1.000000E-30
    408  2.266023391923E-01  1.000000E-30  1.000000E-30  1.000000E-30  1.000000E-30  1.000000E-30  1.000000E-30  1.000000E-30  1.000000E-30
    409  2.291569547831E-01  1.000000E-30  1.000000E-30  1.000000E-30  1.000000E-30  1.000000E-30  1.000000E-30  1.000000E-30  1.000000E-30
    410  2.305971902523E-01  1.000000E-30  1.000000E-30  1.000000E-30  1.000000E-30  1.000000E-30  1.000000E-30  1.000000E-30  1.000000E-30
    411  2.319348711247E-01  1.000000E-30  1.000000E-30  1.000000E-30  1.000000E-30  1.000000E-30  1.000000E-30  1.000000E-30  1.000000E-30
    412  2.335360820165E-01  1.000000E-30  1.000000E-30  1.000000E-30  1.000000E-30  1.000000E-30  1.000000E-30  1.000000E-30  1.000000E-30
    413  2.351317971316E-01  1.000000E-30  1.000000E-30  1.000000E-30  1.000000E-30  1.000000E-30  1.000000E-30  1.000000E-30  1.000000E-30
    414  2.376293164755E-01  1.000000E-30  1.000000E-30  1.000000E-30  1.000000E-30  1.000000E-30  1.000000E-30  1.000000E-30  1.000000E-30
    415  2.399259738388E-01  1.000000E-30  1.000000E-30  1.000000E-30  1.000000E-30  1.000000E-30  1.000000E-30  1.000000E-30  1.000000E-30
    416  2.420046682363E-01  1.000000E-30  1.000000E-30  1.000000E-30  1.000000E-30  1.000000E-30  1.000000E-30  1.000000E-30  1.000000E-30
    417  2.451201276448E-01  1.000000E-30  1.000000E-30  1.000000E-30  1.000000E-30  1.000000E-30  1.000000E-30  1.000000E-30  1.000000E-30
    418  2.467564269033E-01  1.000000E-30  1.000000E-30  1.000000E-30  1.000000E-30  1.000000E-30  1.000000E-30  1.000000E-30  1.000000E-30
    419  2.483354027874E-01  1.000000E-30  1.000000E-30  1.000000E-30  1.000000E-30  1.000000E-30  1.000000E-30  1.000000E-30  1.000000E-30
    420  2.499258654919E-01  1.000000E-30  1.000000E-30  1.000000E-30  1.000000E-30  1.000000E-30  1.000000E-30  1.000000E-30  1.000000E-30
    421  2.515152656983E-01  1.000000E-30  1.000000E-30  1.000000E-30  1.000000E-30  1.000000E-30  1.000000E-30  1.000000E-30  1.000000E-30
    422  2.542060864984E-01  1.000000E-30  1.000000E-30  1.000000E-30  1.000000E-30  1.000000E-30  1.000000E-30  1.000000E-30  1.000000E-30
    423  2.556901221114E-01  1.000000E-30  1.000000E-30  1.000000E-30  1.000000E-30  1.000000E-30  1.000000E-30  1.000000E-30  1.000000E-30
    424  2.570805114381E-01  1.000000E-30  1.000000E-30  1.000000E-30  1.000000E-30  1.000000E-30  1.000000E-30  1.000000E-30  1.000000E-30
    425  2.598984391343E-01  1.000000E-30  1.000000E-30  1.000000E-30  1.000000E-30  1.000000E-30  1.000000E-30  1.000000E-30  1.000000E-30
    426  2.622653138568E-01  1.000000E-30  1.000000E-30  1.000000E-30  1.000000E-30  1.000000E-30  1.000000E-30  1.000000E-30  1.000000E-30
    427  2.644885215151E-01  1.000000E-30  1.000000E-30  1.000000E-30  1.000000E-30  1.000000E-30  1.000000E-30  1.000000E-30  1.000000E-30
    428  2.667229470066E-01  1.000000E-30  1.000000E-30  1.000000E-30  1.000000E-30  1.000000E-30  1.000000E-30  1.000000E-30  1.000000E-30
    429  2.687894382327E-01  1.000000E-30  1.000000E-30  1.000000E-30  1.000000E-30  1.000000E-30  1.000000E-30  1.000000E-30  1.000000E-30
    430  2.709436570286E-01  1.000000E-30  1.000000E-30  1.000000E-30  1.000000E-30  1.000000E-30  1.000000E-30  1.000000E-30  1.000000E-30
    431  2.728595154549E-01  1.000000E-30  1.000000E-30  1.000000E-30  1.000000E-30  1.000000E-30  1.000000E-30  1.000000E-30  1.000000E-30
    432  2.763050324764E-01  1.000000E-30  1.000000E-30  1.000000E-30  1.000000E-30  1.000000E-30  1.000000E-30  1.000000E-30  1.000000E-30
    433  2.797281875476E-01  1.000000E-30  1.000000E-30  1.000000E-30  1.000000E-30  1.000000E-30  1.000000E-30  1.000000E-30  1.000000E-30
    434  2.831107064370E-01  1.000000E-30  1.000000E-30  1.000000E-30  1.000000E-30  1.000000E-30  1.000000E-30  1.000000E-30  1.000000E-30
    435  2.863632962154E-01  1.000000E-30  1.000000E-30  1.000000E-30  1.000000E-30  1.000000E-30  1.000000E-30  1.000000E-30  1.000000E-30
    436  2.894106333807E-01  1.000000E-30  1.000000E-30  1.000000E-30  1.000000E-30  1.000000E-30  1.000000E-30  1.000000E-30  1.000000E-30
    437  2.941185503109E-01  1.000000E-30  1.000000E-30  1.000000E-30  1.000000E-30  1.000000E-30  1.000000E-30  1.000000E-30  1.000000E-30
    438  2.983685787405E-01  1.000000E-30  1.000000E-30  1.000000E-30  1.000000E-30  1.000000E-30  1.000000E-30  1.000000E-30  1.000000E-30
    439  3.021949729112E-01  1.000000E-30  1.000000E-30  1.000000E-30  1.000000E-30  1.000000E-30  1.000000E-30  1.000000E-30  1.000000E-30
    440  3.059150641439E-01  1.000000E-30  1.000000E-30  1.000000E-30  1.000000E-30  1.000000E-30  1.000000E-30  1.000000E-30  1.000000E-30
    441  3.094680949786E-01  1.000000E-30  1.000000E-30  1.000000E-30  1.000000E-30  1.000000E-30  1.000000E-30  1.000000E-30  1.000000E-30
    442  3.127856926026E-01  1.000000E-30  1.000000E-30  1.000000E-30  1.000000E-30  1.000000E-30  1.000000E-30  1.000000E-30  1.000000E-30
    443  3.178598433803E-01  1.000000E-30  1.000000E-30  1.000000E-30  1.000000E-30  1.000000E-30  1.000000E-30  1.000000E-30  1.000000E-30
    444  3.224504526026E-01  1.000000E-30  1.000000E-30  1.000000E-30  1.000000E-30  1.000000E-30  1.000000E-30  1.000000E-30  1.000000E-30
    445  3.266870398371E-01  1.000000E-30  1.000000E-30  1.000000E-30  1.000000E-30  1.000000E-30  1.000000E-30  1.000000E-30  1.000000E-30
    446  3.305577136787E-01  1.000000E-30  1.000000E-30  1.000000E-30  1.000000E-30  1.000000E-30  1.000000E-30  1.000000E-30  1.000000E-30
    447  3.362681054783E-01  1.000000E-30  1.000000E-30  1.000000E-30  1.000000E-30  1.000000E-30  1.000000E-30  1.000000E-30  1.000000E-30
    448  3.414589872690E-01  1.000000E-30  1.000000E-30  1.000000E-30  1.000000E-30  1.000000E-30  1.000000E-30  1.000000E-30  1.000000E-30
    449  3.462773530350E-01  1.000000E-30  1.000000E-30  1.000000E-30  1.000000E-30  1.000000E-30  1.000000E-30  1.000000E-30  1.000000E-30
    450  3.508856189623E-01  1.000000E-30  1.000000E-30  1.000000E-30  1.000000E-30  1.000000E-30  1.000000E-30  1.000000E-30  1.000000E-30
    451  3.552628710565E-01  1.000000E-30  1.000000E-30  1.000000E-30  1.000000E-30  1.000000E-30  1.000000E-30  1.000000E-30  1.000000E-30
    452  3.595141079779E-01  1.000000E-30  1.000000E-30  1.000000E-30  1.000000E-30  1.000000E-30  1.000000E-30  1.000000E-30  1.000000E-30
    453  3.636744849418E-01  1.000000E-30  1.000000E-30  1.000000E-30  1.000000E-30  1.000000E-30  1.000000E-30  1.000000E-30  1.000000E-30
    454  3.676260234901E-01  1.000000E-30  1.000000E-30  1.000000E-30  1.000000E-30  1.000000E-30  1.000000E-30  1.000000E-30  1.000000E-30
    455  3.714655117309E-01  1.000000E-30  1.000000E-30  1.000000E-30  1.000000E-30  1.000000E-30  1.000000E-30  1.000000E-30  1.000000E-30
    456  3.752653942304E-01  1.000000E-30  1.000000E-30  1.000000E-30  1.000000E-30  1.000000E-30  1.000000E-30  1.000000E-30  1.000000E-30
    457  3.809506426681E-01  1.000000E-30  1.000000E-30  1.000000E-30  1.000000E-30  1.000000E-30  1.000000E-30  1.000000E-30  1.000000E-30
    458  3.865190953769E-01  1.000000E-30  1.000000E-30  1.000000E-30  1.000000E-30  1.000000E-30  1.000000E-30  1.000000E-30  1.000000E-30
    459  3.928522091207E-01  1.000000E-30  1.000000E-30  1.000000E-30  1.000000E-30  1.000000E-30  1.000000E-30  1.000000E-30  1.000000E-30
    460  3.991093841216E-01  1.000000E-30  1.000000E-30  1.000000E-30  1.000000E-30  1.000000E-30  1.000000E-30  1.000000E-30  1.000000E-30
    461  4.054183851758E-01  1.000000E-30  1.000000E-30  1.000000E-30  1.000000E-30  1.000000E-30  1.000000E-30  1.000000E-30  1.000000E-30
    462  4.147392755742E-01  1.000000E-30  1.000000E-30  1.000000E-30  1.000000E-30  1.000000E-30  1.000000E-30  1.000000E-30  1.000000E-30
    463  4.232199499949E-01  1.000000E-30  1.000000E-30  1.000000E-30  1.000000E-30  1.000000E-30  1.000000E-30  1.000000E-30  1.000000E-30
    464  4.316976825025E-01  1.000000E-30  1.000000E-30  1.000000E-30  1.000000E-30  1.000000E-30  1.000000E-30  1.000000E-30  1.000000E-30
    465  4.393401554526E-01  1.000000E-30  1.000000E-30  1.000000E-30  1.000000E-30  1.000000E-30  1.000000E-30  1.000000E-30  1.000000E-30
    466  4.465935084243E-01  1.000000E-30  1.000000E-30  1.000000E-30  1.000000E-30  1.000000E-30  1.000000E-30  1.000000E-30  1.000000E-30
    467  4.537106765818E-01  1.000000E-30  1.000000E-30  1.000000E-30  1.000000E-30  1.000000E-30  1.000000E-30  1.000000E-30  1.000000E-30
    468  4.602314649238E-01  1.000000E-30  1.000000E-30  1.000000E-30  1.000000E-30  1.000000E-30  1.000000E-30  1.000000E-30  1.000000E-30
    469  4.709552966107E-01  1.000000E-30  1.000000E-30  1.000000E-30  1.000000E-30  1.000000E-30  1.000000E-30  1.000000E-30  1.000000E-30
    470  4.769745726746E-01  1.000000E-30  1.000000E-30  1.000000E-30  1.000000E-30  1.000000E-30  1.000000E-30  1.000000E-30  1.000000E-30
    471  4.828178172001E-01  1.000000E-30  1.000000E-30  1.000000E-30  1.000000E-30  1.000000E-30  1.000000E-30  1.000000E-30  1.000000E-30
    472  4.927188450138E-01  1.000000E-30  1.000000E-30  1.000000E-30  1.000000E-30  1.000000E-30  1.000000E-30  1.025306E-30  1.000000E-30
    473  5.000000000000E-01  1.000000E-30  1.000000E-30  1.000000E-30  1.000000E-30  1.000000E-30  1.000000E-30  1.000000E-30  1.000000E-30
