 *                                      
 * expansion:  temp0=  1.000E+10 den0=  3.000E+06 temp_stop=  1.000E+07
 *          time                eu177         eu178         eu179         eu180         eu181         eu182         eu183         eu184
      1  0.000000000000E+00  1.000000E-30  1.000000E-30  1.000000E-30  1.000000E-30  1.000000E-30  1.000000E-30  1.000000E-30  1.000000E-30
      2  1.000000000000E-16  1.000000E-30  1.000050E-30  1.000000E-30  1.000059E-30  1.000000E-30  1.000113E-30  1.000000E-30  1.000081E-30
      3  6.264265632874E-16  1.000000E-30  1.000314E-30  1.000000E-30  1.000370E-30  1.000000E-30  1.000709E-30  1.000000E-30  1.000506E-30
      4  2.206990590178E-15  1.000000E-30  1.001104E-30  1.000000E-30  1.001303E-30  1.000000E-30  1.002496E-30  1.000000E-30  1.001779E-30
      5  6.425069294186E-15  1.000000E-30  1.003198E-30  1.000000E-30  1.003779E-30  1.000000E-30  1.007246E-30  1.000000E-30  1.005160E-30
      6  1.724777641531E-14  1.000000E-30  1.008470E-30  1.000000E-30  1.010048E-30  1.000000E-30  1.019317E-30  1.000000E-30  1.013727E-30
      7  4.527785414179E-14  1.000000E-30  1.021476E-30  1.000000E-30  1.025738E-30  1.000000E-30  1.049813E-30  1.000000E-30  1.035213E-30
      8  1.231582592127E-13  1.000000E-30  1.053155E-30  1.000000E-30  1.065452E-30  1.000000E-30  1.129016E-30  1.000000E-30  1.090497E-30
      9  4.001734798240E-13  1.000000E-30  1.126660E-30  1.000000E-30  1.169555E-30  1.000000E-30  1.354528E-30  1.000000E-30  1.258002E-30
     10  1.150918682670E-12  1.000000E-30  1.188683E-30  1.000000E-30  1.290388E-30  1.000000E-30  1.688785E-30  1.036258E-30  1.633266E-30
     11  2.802808442389E-12  1.000000E-30  1.201181E-30  1.000000E-30  1.331478E-30  1.000000E-30  2.059222E-30  1.257312E-30  2.056340E-30
     12  6.912921996243E-12  1.000000E-30  1.206395E-30  1.000000E-30  1.333813E-30  1.000023E-30  2.283179E-30  1.347648E-30  2.166846E-30
     13  1.659368270033E-11  1.000000E-30  1.220708E-30  1.026345E-30  1.340408E-30  1.039081E-30  2.325706E-30  1.382443E-30  2.217200E-30
     14  1.134012897413E-10  1.000000E-30  1.245744E-30  1.000000E-30  1.411025E-30  1.024201E-30  2.062908E-30  1.197594E-30  1.649293E-30
     15  1.081477360150E-09  1.000000E-30  1.000000E-30  1.000000E-30  1.000000E-30  1.000000E-30  1.250187E-30  1.000000E-30  1.000000E-30
     16  1.076223806424E-08  1.000000E-30  1.000000E-30  1.000000E-30  1.000000E-30  1.000000E-30  1.000000E-30  1.000000E-30  1.000000E-30
     17  6.834096797002E-08  1.000000E-30  1.000000E-30  1.000000E-30  1.000000E-30  1.000000E-30  1.000000E-30  1.000000E-30  1.000000E-30
     18  2.542122411654E-07  1.000000E-30  1.000000E-30  1.000000E-30  1.000000E-30  1.000000E-30  1.000000E-30  1.000000E-30  1.000000E-30
     19  7.007518887657E-07  1.000000E-30  1.000000E-30  1.000000E-30  1.000000E-30  1.000000E-30  1.000000E-30  1.000000E-30  1.000000E-30
     20  1.724661805125E-06  1.000000E-30  1.000000E-30  1.000000E-30  1.000000E-30  1.000000E-30  1.000000E-30  1.000000E-30  1.000000E-30
     21  4.267664185819E-06  1.000000E-30  1.000000E-30  1.000000E-30  1.000000E-30  1.000000E-30  1.000000E-30  1.000000E-30  1.000000E-30
     22  1.786211798807E-05  1.000000E-30  1.000000E-30  1.000000E-30  1.000000E-30  1.000000E-30  1.000000E-30  1.000000E-30  1.000000E-30
     23  6.929007850093E-05  1.000000E-30  1.000000E-30  1.000000E-30  1.000000E-30  1.000000E-30  1.000000E-30  1.000000E-30  1.000000E-30
     24  5.835696836295E-04  1.000000E-30  1.000000E-30  1.000000E-30  1.000000E-30  1.000000E-30  1.000000E-30  1.000000E-30  1.000000E-30
     25  1.496090518789E-03  1.000000E-30  1.000000E-30  1.000000E-30  1.000000E-30  1.000000E-30  1.000000E-30  1.000000E-30  1.000000E-30
     26  2.379765156362E-03  1.000000E-30  1.000000E-30  1.000000E-30  1.000000E-30  1.000000E-30  1.000000E-30  1.000000E-30  1.000000E-30
     27  3.772948503579E-03  1.000000E-30  1.000000E-30  1.000000E-30  1.000000E-30  1.000000E-30  1.000000E-30  1.000000E-30  1.000000E-30
     28  4.957278025650E-03  1.000000E-30  1.000000E-30  1.000000E-30  1.000000E-30  1.000000E-30  1.000000E-30  1.000000E-30  1.000000E-30
     29  5.758110286319E-03  1.000000E-30  1.000000E-30  1.000000E-30  1.000000E-30  1.000000E-30  1.000000E-30  1.000000E-30  1.000000E-30
     30  6.636115041812E-03  1.000000E-30  1.000000E-30  1.000000E-30  1.000000E-30  1.000000E-30  1.000000E-30  1.000000E-30  1.000000E-30
     31  7.490864585256E-03  1.000000E-30  1.000000E-30  1.000000E-30  1.000000E-30  1.000000E-30  1.000000E-30  1.000000E-30  1.000000E-30
     32  8.026631019591E-03  1.000000E-30  1.000000E-30  1.000000E-30  1.000000E-30  1.000000E-30  1.000000E-30  1.000000E-30  1.000000E-30
     33  8.451616658664E-03  1.000000E-30  1.000000E-30  1.000000E-30  1.000000E-30  1.000000E-30  1.000000E-30  1.000000E-30  1.000000E-30
     34  9.803471762980E-03  1.000000E-30  1.000000E-30  1.000000E-30  1.000000E-30  1.000000E-30  1.000000E-30  1.000000E-30  1.000000E-30
     35  1.116687552369E-02  1.000000E-30  1.000000E-30  1.000000E-30  1.000000E-30  1.000000E-30  1.000000E-30  1.000000E-30  1.000000E-30
     36  1.219012310682E-02  1.000000E-30  1.000000E-30  1.000000E-30  1.000000E-30  1.000000E-30  1.000000E-30  1.000000E-30  1.000000E-30
     37  1.314647137106E-02  1.000000E-30  1.000000E-30  1.000000E-30  1.000000E-30  1.000000E-30  1.000000E-30  1.000000E-30  1.000000E-30
     38  1.431720408173E-02  1.000000E-30  1.000000E-30  1.000000E-30  1.000000E-30  1.000000E-30  1.000000E-30  1.000000E-30  1.000000E-30
     39  1.545287753035E-02  1.000000E-30  1.000000E-30  1.000000E-30  1.000000E-30  1.000000E-30  1.000000E-30  1.000000E-30  1.000000E-30
     40  1.716820108076E-02  1.000000E-30  1.000000E-30  1.000000E-30  1.000000E-30  1.000000E-30  1.000000E-30  1.000000E-30  1.000000E-30
     41  1.871872199221E-02  1.000000E-30  1.000000E-30  1.000000E-30  1.000000E-30  1.000000E-30  1.000000E-30  1.000000E-30  1.000000E-30
     42  2.131412024987E-02  1.000000E-30  1.000000E-30  1.000000E-30  1.000000E-30  1.000000E-30  1.000000E-30  1.000000E-30  1.000000E-30
     43  2.288535686070E-02  1.000000E-30  1.000000E-30  1.000000E-30  1.000000E-30  1.000000E-30  1.000000E-30  1.000000E-30  1.000000E-30
     44  2.437102778700E-02  1.000000E-30  1.000000E-30  1.000000E-30  1.000000E-30  1.000000E-30  1.000000E-30  1.000000E-30  1.000000E-30
     45  2.666254430666E-02  1.000000E-30  1.000000E-30  1.000000E-30  1.000000E-30  1.000000E-30  1.000000E-30  1.000000E-30  1.000000E-30
     46  2.807329513827E-02  1.000000E-30  1.000000E-30  1.000000E-30  1.000000E-30  1.000000E-30  1.000000E-30  1.000000E-30  1.000000E-30
     47  2.946719119355E-02  1.000000E-30  1.000000E-30  1.000000E-30  1.000000E-30  1.000000E-30  1.000000E-30  1.000000E-30  1.000000E-30
     48  2.982466835475E-02  1.000000E-30  1.000000E-30  1.000000E-30  1.000000E-30  1.000000E-30  1.000000E-30  1.000000E-30  1.000000E-30
     49  3.017238950627E-02  1.000000E-30  1.000000E-30  1.000000E-30  1.000000E-30  1.000000E-30  1.000000E-30  1.000000E-30  1.000000E-30
     50  3.052509122072E-02  1.000000E-30  1.000000E-30  1.000000E-30  1.000000E-30  1.000000E-30  1.000000E-30  1.000000E-30  1.000000E-30
     51  3.066477686677E-02  1.000000E-30  1.000000E-30  1.000000E-30  1.000000E-30  1.000000E-30  1.000000E-30  1.000000E-30  1.000000E-30
     52  3.080037159611E-02  1.000000E-30  1.000000E-30  1.000000E-30  1.000000E-30  1.000000E-30  1.000000E-30  1.000000E-30  1.000000E-30
     53  3.111325257314E-02  1.000000E-30  1.000000E-30  1.000000E-30  1.000000E-30  1.000000E-30  1.000000E-30  1.000000E-30  1.000000E-30
     54  3.147800645819E-02  1.000000E-30  1.000000E-30  1.000000E-30  1.000000E-30  1.000000E-30  1.000000E-30  1.000000E-30  1.000000E-30
     55  3.181357346897E-02  1.000000E-30  1.000000E-30  1.000000E-30  1.000000E-30  1.000000E-30  1.000000E-30  1.000000E-30  1.000000E-30
     56  3.217197145871E-02  1.000000E-30  1.000000E-30  1.000000E-30  1.000000E-30  1.000000E-30  1.000000E-30  1.000000E-30  1.000000E-30
     57  3.249951277145E-02  1.000000E-30  1.000000E-30  1.000000E-30  1.000000E-30  1.000000E-30  1.000000E-30  1.000000E-30  1.000000E-30
     58  3.262595809504E-02  1.000000E-30  1.000000E-30  1.000000E-30  1.000000E-30  1.000000E-30  1.000000E-30  1.000000E-30  1.000000E-30
     59  3.272641576722E-02  1.000000E-30  1.000000E-30  1.000000E-30  1.000000E-30  1.000000E-30  1.000000E-30  1.000000E-30  1.000000E-30
     60  3.304841700500E-02  1.000000E-30  1.000000E-30  1.000000E-30  1.000000E-30  1.000000E-30  1.000000E-30  1.000000E-30  1.000000E-30
     61  3.362823507679E-02  1.000000E-30  1.000000E-30  1.000000E-30  1.000000E-30  1.000000E-30  1.000000E-30  1.000000E-30  1.000000E-30
     62  3.417743618412E-02  1.000000E-30  1.000000E-30  1.000000E-30  1.000000E-30  1.000000E-30  1.000000E-30  1.000000E-30  1.000000E-30
     63  3.448472684867E-02  1.000000E-30  1.000000E-30  1.000000E-30  1.000000E-30  1.000000E-30  1.000000E-30  1.000000E-30  1.000000E-30
     64  3.459225947862E-02  1.000000E-30  1.000000E-30  1.000000E-30  1.000000E-30  1.000000E-30  1.000000E-30  1.000000E-30  1.000000E-30
     65  3.468161085917E-02  1.000000E-30  1.000000E-30  1.000000E-30  1.000000E-30  1.000000E-30  1.000000E-30  1.000000E-30  1.000000E-30
     66  3.501586344154E-02  1.000000E-30  1.000000E-30  1.000000E-30  1.000000E-30  1.000000E-30  1.000000E-30  1.000000E-30  1.000000E-30
     67  3.563385967804E-02  1.000000E-30  1.000000E-30  1.000000E-30  1.000000E-30  1.000000E-30  1.000000E-30  1.000000E-30  1.000000E-30
     68  3.619390900501E-02  1.000000E-30  1.000000E-30  1.000000E-30  1.000000E-30  1.000000E-30  1.000000E-30  1.000000E-30  1.000000E-30
     69  3.661379630041E-02  1.000000E-30  1.000000E-30  1.000000E-30  1.000000E-30  1.000000E-30  1.000000E-30  1.000000E-30  1.000000E-30
     70  3.704099468238E-02  1.000000E-30  1.000000E-30  1.000000E-30  1.000000E-30  1.000000E-30  1.000000E-30  1.000000E-30  1.000000E-30
     71  3.731378163516E-02  1.000000E-30  1.000000E-30  1.000000E-30  1.000000E-30  1.000000E-30  1.000000E-30  1.000000E-30  1.000000E-30
     72  3.757630769329E-02  1.000000E-30  1.000000E-30  1.000000E-30  1.000000E-30  1.000000E-30  1.000000E-30  1.000000E-30  1.000000E-30
     73  3.788075418501E-02  1.000000E-30  1.000000E-30  1.000000E-30  1.000000E-30  1.000000E-30  1.000000E-30  1.000000E-30  1.000000E-30
     74  3.819794660071E-02  1.000000E-30  1.000000E-30  1.000000E-30  1.000000E-30  1.000000E-30  1.000000E-30  1.000000E-30  1.000000E-30
     75  3.838080203158E-02  1.000000E-30  1.000000E-30  1.000000E-30  1.000000E-30  1.000000E-30  1.000000E-30  1.000000E-30  1.000000E-30
     76  3.859219912978E-02  1.000000E-30  1.000000E-30  1.000000E-30  1.000000E-30  1.000000E-30  1.000000E-30  1.000000E-30  1.000000E-30
     77  3.884096228080E-02  1.000000E-30  1.000000E-30  1.000000E-30  1.000000E-30  1.000000E-30  1.000000E-30  1.000000E-30  1.000000E-30
     78  3.907668434759E-02  1.000000E-30  1.000000E-30  1.000000E-30  1.000000E-30  1.000000E-30  1.000000E-30  1.000000E-30  1.000000E-30
     79  3.934936577490E-02  1.000000E-30  1.000000E-30  1.000000E-30  1.000000E-30  1.000000E-30  1.000000E-30  1.000000E-30  1.000000E-30
     80  3.961640452516E-02  1.000000E-30  1.000000E-30  1.000000E-30  1.000000E-30  1.000000E-30  1.000000E-30  1.000000E-30  1.000000E-30
     81  3.991996766101E-02  1.000000E-30  1.000000E-30  1.000000E-30  1.000000E-30  1.000000E-30  1.000000E-30  1.000000E-30  1.000000E-30
     82  4.019473378510E-02  1.000000E-30  1.000000E-30  1.000000E-30  1.000000E-30  1.000000E-30  1.000000E-30  1.000000E-30  1.000000E-30
     83  4.046928694587E-02  1.000000E-30  1.000000E-30  1.000000E-30  1.000000E-30  1.000000E-30  1.000000E-30  1.000000E-30  1.000000E-30
     84  4.074955599116E-02  1.000000E-30  1.000000E-30  1.000000E-30  1.000000E-30  1.000000E-30  1.000000E-30  1.000000E-30  1.000000E-30
     85  4.099011663524E-02  1.000000E-30  1.000000E-30  1.000000E-30  1.000000E-30  1.000000E-30  1.000000E-30  1.000000E-30  1.000000E-30
     86  4.118445936105E-02  1.000000E-30  1.000000E-30  1.000000E-30  1.000000E-30  1.000000E-30  1.000000E-30  1.000000E-30  1.000000E-30
     87  4.137235583218E-02  1.000000E-30  1.000000E-30  1.000000E-30  1.000000E-30  1.000000E-30  1.000000E-30  1.000000E-30  1.000000E-30
     88  4.152714488067E-02  1.000000E-30  1.000000E-30  1.000000E-30  1.000000E-30  1.000000E-30  1.000000E-30  1.000000E-30  1.000000E-30
     89  4.165981986900E-02  1.000000E-30  1.000000E-30  1.000000E-30  1.000000E-30  1.000000E-30  1.000000E-30  1.000000E-30  1.000000E-30
     90  4.188596337322E-02  1.000000E-30  1.000000E-30  1.000000E-30  1.000000E-30  1.000000E-30  1.000000E-30  1.000000E-30  1.000000E-30
     91  4.208159634323E-02  1.000000E-30  1.000000E-30  1.000000E-30  1.000000E-30  1.000000E-30  1.000000E-30  1.000000E-30  1.000000E-30
     92  4.230932596557E-02  1.000000E-30  1.000000E-30  1.000000E-30  1.000000E-30  1.000000E-30  1.000000E-30  1.000000E-30  1.000000E-30
     93  4.251598135750E-02  1.000000E-30  1.000000E-30  1.000000E-30  1.000000E-30  1.000000E-30  1.000000E-30  1.000000E-30  1.000000E-30
     94  4.274368410830E-02  1.000000E-30  1.000000E-30  1.000000E-30  1.000000E-30  1.000000E-30  1.000000E-30  1.000000E-30  1.000000E-30
     95  4.294191711445E-02  1.000000E-30  1.000000E-30  1.000000E-30  1.000000E-30  1.000000E-30  1.000000E-30  1.000000E-30  1.000000E-30
     96  4.316569238790E-02  1.000000E-30  1.000000E-30  1.000000E-30  1.000000E-30  1.000000E-30  1.000000E-30  1.000000E-30  1.000000E-30
     97  4.339365876136E-02  1.000000E-30  1.000000E-30  1.000000E-30  1.000000E-30  1.000000E-30  1.000000E-30  1.000000E-30  1.000000E-30
     98  4.362382833621E-02  1.000000E-30  1.000000E-30  1.000000E-30  1.000000E-30  1.000000E-30  1.000000E-30  1.000000E-30  1.000000E-30
     99  4.384703699487E-02  1.000000E-30  1.000000E-30  1.000000E-30  1.000000E-30  1.000000E-30  1.000000E-30  1.000000E-30  1.000000E-30
    100  4.408801045744E-02  1.000000E-30  1.000000E-30  1.000000E-30  1.000000E-30  1.000000E-30  1.000000E-30  1.000000E-30  1.000000E-30
    101  4.430336182063E-02  1.000000E-30  1.000000E-30  1.000000E-30  1.000000E-30  1.000000E-30  1.000000E-30  1.000000E-30  1.000000E-30
    102  4.453208602613E-02  1.000000E-30  1.000000E-30  1.000000E-30  1.000000E-30  1.000000E-30  1.000000E-30  1.000000E-30  1.000000E-30
    103  4.474836808964E-02  1.000000E-30  1.000000E-30  1.000000E-30  1.000000E-30  1.000000E-30  1.000000E-30  1.000000E-30  1.000000E-30
    104  4.497736119052E-02  1.000000E-30  1.000000E-30  1.000000E-30  1.000000E-30  1.000000E-30  1.000000E-30  1.000000E-30  1.000000E-30
    105  4.517199675598E-02  1.000000E-30  1.000000E-30  1.000000E-30  1.000000E-30  1.000000E-30  1.000000E-30  1.000000E-30  1.000000E-30
    106  4.536038532241E-02  1.000000E-30  1.000000E-30  1.000000E-30  1.000000E-30  1.000000E-30  1.000000E-30  1.000000E-30  1.000000E-30
    107  4.552484255766E-02  1.000000E-30  1.000000E-30  1.000000E-30  1.000000E-30  1.000000E-30  1.000000E-30  1.000000E-30  1.000000E-30
    108  4.581275722245E-02  1.000000E-30  1.000000E-30  1.000000E-30  1.000000E-30  1.000000E-30  1.000000E-30  1.000000E-30  1.000000E-30
    109  4.603616864208E-02  1.000000E-30  1.000000E-30  1.000000E-30  1.000000E-30  1.000000E-30  1.000000E-30  1.000000E-30  1.000000E-30
    110  4.624194314299E-02  1.000000E-30  1.000000E-30  1.000000E-30  1.000000E-30  1.000000E-30  1.000000E-30  1.000000E-30  1.000000E-30
    111  4.641297951594E-02  1.000000E-30  1.000000E-30  1.000000E-30  1.000000E-30  1.000000E-30  1.000000E-30  1.000000E-30  1.000000E-30
    112  4.656990459822E-02  1.000000E-30  1.000000E-30  1.000000E-30  1.000000E-30  1.000000E-30  1.000000E-30  1.000000E-30  1.000000E-30
    113  4.671253119976E-02  1.000000E-30  1.000000E-30  1.000000E-30  1.000000E-30  1.000000E-30  1.000000E-30  1.000000E-30  1.000000E-30
    114  4.684580987606E-02  1.000000E-30  1.000000E-30  1.000000E-30  1.000000E-30  1.000000E-30  1.000000E-30  1.000000E-30  1.000000E-30
    115  4.697520204195E-02  1.000000E-30  1.000000E-30  1.000000E-30  1.000000E-30  1.000000E-30  1.000000E-30  1.000000E-30  1.000000E-30
    116  4.709649788536E-02  1.000000E-30  1.000000E-30  1.000000E-30  1.000000E-30  1.000000E-30  1.000000E-30  1.000000E-30  1.000000E-30
    117  4.721637454993E-02  1.000000E-30  1.000000E-30  1.000000E-30  1.000000E-30  1.000000E-30  1.000000E-30  1.000000E-30  1.000000E-30
    118  4.732862910872E-02  1.000000E-30  1.000000E-30  1.000000E-30  1.000000E-30  1.000000E-30  1.000000E-30  1.000000E-30  1.000000E-30
    119  4.750539400184E-02  1.000000E-30  1.000000E-30  1.000000E-30  1.000000E-30  1.000000E-30  1.000000E-30  1.000000E-30  1.000000E-30
    120  4.767210524850E-02  1.000000E-30  1.000000E-30  1.000000E-30  1.000000E-30  1.000000E-30  1.000000E-30  1.000000E-30  1.000000E-30
    121  4.783406579930E-02  1.000000E-30  1.000000E-30  1.000000E-30  1.000000E-30  1.000000E-30  1.000000E-30  1.000000E-30  1.000000E-30
    122  4.799263518131E-02  1.000000E-30  1.000000E-30  1.000000E-30  1.000000E-30  1.000000E-30  1.000000E-30  1.000000E-30  1.000000E-30
    123  4.815339657435E-02  1.000000E-30  1.000000E-30  1.000000E-30  1.000000E-30  1.000000E-30  1.000000E-30  1.000000E-30  1.000000E-30
    124  4.832264594384E-02  1.000000E-30  1.000000E-30  1.000000E-30  1.000000E-30  1.000000E-30  1.000000E-30  1.000000E-30  1.000000E-30
    125  4.849826454798E-02  1.000000E-30  1.000000E-30  1.000000E-30  1.000000E-30  1.000000E-30  1.000000E-30  1.000000E-30  1.000000E-30
    126  4.867786870736E-02  1.000000E-30  1.000000E-30  1.000000E-30  1.000000E-30  1.000000E-30  1.000000E-30  1.000000E-30  1.000000E-30
    127  4.885872256535E-02  1.000000E-30  1.000000E-30  1.000000E-30  1.000000E-30  1.000000E-30  1.000000E-30  1.000000E-30  1.000000E-30
    128  4.903755607841E-02  1.000000E-30  1.000000E-30  1.000000E-30  1.000000E-30  1.000000E-30  1.000000E-30  1.000000E-30  1.000000E-30
    129  4.921259737621E-02  1.000000E-30  1.000000E-30  1.000000E-30  1.000000E-30  1.000000E-30  1.000000E-30  1.000000E-30  1.000000E-30
    130  4.938368810460E-02  1.000000E-30  1.000000E-30  1.000000E-30  1.000000E-30  1.000000E-30  1.000000E-30  1.000000E-30  1.000000E-30
    131  4.955132280349E-02  1.000000E-30  1.000000E-30  1.000000E-30  1.000000E-30  1.000000E-30  1.000000E-30  1.000000E-30  1.000000E-30
    132  4.971624312404E-02  1.000000E-30  1.000000E-30  1.000000E-30  1.000000E-30  1.000000E-30  1.000000E-30  1.000000E-30  1.000000E-30
    133  4.987811857735E-02  1.000000E-30  1.000000E-30  1.000000E-30  1.000000E-30  1.000000E-30  1.000000E-30  1.000000E-30  1.000000E-30
    134  5.003799836445E-02  1.000000E-30  1.000000E-30  1.000000E-30  1.000000E-30  1.000000E-30  1.000000E-30  1.000000E-30  1.000000E-30
    135  5.019682549602E-02  1.000000E-30  1.000000E-30  1.000000E-30  1.000000E-30  1.000000E-30  1.000000E-30  1.000000E-30  1.000000E-30
    136  5.035511419132E-02  1.000000E-30  1.000000E-30  1.000000E-30  1.000000E-30  1.000000E-30  1.000000E-30  1.000000E-30  1.000000E-30
    137  5.051299755300E-02  1.000000E-30  1.000000E-30  1.000000E-30  1.000000E-30  1.000000E-30  1.000000E-30  1.000000E-30  1.000000E-30
    138  5.067010535678E-02  1.000000E-30  1.000000E-30  1.000000E-30  1.000000E-30  1.000000E-30  1.000000E-30  1.000000E-30  1.000000E-30
    139  5.082726902819E-02  1.000000E-30  1.000000E-30  1.000000E-30  1.000000E-30  1.000000E-30  1.000000E-30  1.000000E-30  1.000000E-30
    140  5.098506829486E-02  1.000000E-30  1.000000E-30  1.000000E-30  1.000000E-30  1.000000E-30  1.000000E-30  1.000000E-30  1.000000E-30
    141  5.114361869269E-02  1.000000E-30  1.000000E-30  1.000000E-30  1.000000E-30  1.000000E-30  1.000000E-30  1.000000E-30  1.000000E-30
    142  5.130328078870E-02  1.000000E-30  1.000000E-30  1.000000E-30  1.000000E-30  1.000000E-30  1.000000E-30  1.000000E-30  1.000000E-30
    143  5.146205644840E-02  1.000000E-30  1.000000E-30  1.000000E-30  1.000000E-30  1.000000E-30  1.000000E-30  1.000000E-30  1.000000E-30
    144  5.162089365231E-02  1.000000E-30  1.000000E-30  1.000000E-30  1.000000E-30  1.000000E-30  1.000000E-30  1.000000E-30  1.000000E-30
    145  5.177902725711E-02  1.000000E-30  1.000000E-30  1.000000E-30  1.000000E-30  1.000000E-30  1.000000E-30  1.000000E-30  1.000000E-30
    146  5.193558292952E-02  1.000000E-30  1.000000E-30  1.000000E-30  1.000000E-30  1.000000E-30  1.000000E-30  1.000000E-30  1.000000E-30
    147  5.207655208218E-02  1.000000E-30  1.000000E-30  1.000000E-30  1.000000E-30  1.000000E-30  1.000000E-30  1.000000E-30  1.000000E-30
    148  5.220437120847E-02  1.000000E-30  1.000000E-30  1.000000E-30  1.000000E-30  1.000000E-30  1.000000E-30  1.000000E-30  1.000000E-30
    149  5.240275279905E-02  1.000000E-30  1.000000E-30  1.000000E-30  1.000000E-30  1.000000E-30  1.000000E-30  1.000000E-30  1.000000E-30
    150  5.258707116153E-02  1.000000E-30  1.000000E-30  1.000000E-30  1.000000E-30  1.000000E-30  1.000000E-30  1.000000E-30  1.000000E-30
    151  5.276353482958E-02  1.000000E-30  1.000000E-30  1.000000E-30  1.000000E-30  1.000000E-30  1.000000E-30  1.000000E-30  1.000000E-30
    152  5.293536770993E-02  1.000000E-30  1.000000E-30  1.000000E-30  1.000000E-30  1.000000E-30  1.000000E-30  1.000000E-30  1.000000E-30
    153  5.310288915571E-02  1.000000E-30  1.000000E-30  1.000000E-30  1.000000E-30  1.000000E-30  1.000000E-30  1.000000E-30  1.000000E-30
    154  5.325369291828E-02  1.000000E-30  1.000000E-30  1.000000E-30  1.000000E-30  1.000000E-30  1.000000E-30  1.000000E-30  1.000000E-30
    155  5.339308966526E-02  1.000000E-30  1.000000E-30  1.000000E-30  1.000000E-30  1.000000E-30  1.000000E-30  1.000000E-30  1.000000E-30
    156  5.362726198018E-02  1.000000E-30  1.000000E-30  1.000000E-30  1.000000E-30  1.000000E-30  1.000000E-30  1.000000E-30  1.000000E-30
    157  5.383816121000E-02  1.000000E-30  1.000000E-30  1.000000E-30  1.000000E-30  1.000000E-30  1.000000E-30  1.000000E-30  1.000000E-30
    158  5.403768730975E-02  1.000000E-30  1.000000E-30  1.000000E-30  1.000000E-30  1.000000E-30  1.000000E-30  1.000000E-30  1.000000E-30
    159  5.422986619970E-02  1.000000E-30  1.000000E-30  1.000000E-30  1.000000E-30  1.000000E-30  1.000000E-30  1.000000E-30  1.000000E-30
    160  5.440569294967E-02  1.000000E-30  1.000000E-30  1.000000E-30  1.000000E-30  1.000000E-30  1.000000E-30  1.000000E-30  1.000000E-30
    161  5.456994612052E-02  1.000000E-30  1.000000E-30  1.000000E-30  1.000000E-30  1.000000E-30  1.000000E-30  1.000000E-30  1.000000E-30
    162  5.485681963417E-02  1.000000E-30  1.000000E-30  1.000000E-30  1.000000E-30  1.000000E-30  1.000000E-30  1.000000E-30  1.000000E-30
    163  5.511708850657E-02  1.000000E-30  1.000000E-30  1.000000E-30  1.000000E-30  1.000000E-30  1.000000E-30  1.000000E-30  1.000000E-30
    164  5.536560227933E-02  1.000000E-30  1.000000E-30  1.000000E-30  1.000000E-30  1.000000E-30  1.000000E-30  1.000000E-30  1.000000E-30
    165  5.559867087093E-02  1.000000E-30  1.000000E-30  1.000000E-30  1.000000E-30  1.000000E-30  1.000000E-30  1.000000E-30  1.000000E-30
    166  5.582344501454E-02  1.000000E-30  1.000000E-30  1.000000E-30  1.000000E-30  1.000000E-30  1.000000E-30  1.000000E-30  1.000000E-30
    167  5.608267729631E-02  1.000000E-30  1.000000E-30  1.000000E-30  1.000000E-30  1.000000E-30  1.000000E-30  1.000000E-30  1.000000E-30
    168  5.632179590432E-02  1.000000E-30  1.000000E-30  1.000000E-30  1.000000E-30  1.000000E-30  1.000000E-30  1.000000E-30  1.000000E-30
    169  5.658568452696E-02  1.000000E-30  1.000000E-30  1.000000E-30  1.000000E-30  1.000000E-30  1.000000E-30  1.000000E-30  1.000000E-30
    170  5.682194908758E-02  1.000000E-30  1.000000E-30  1.000000E-30  1.000000E-30  1.000000E-30  1.000000E-30  1.000000E-30  1.000000E-30
    171  5.707748662895E-02  1.000000E-30  1.000000E-30  1.000000E-30  1.000000E-30  1.000000E-30  1.000000E-30  1.000000E-30  1.000000E-30
    172  5.730159219632E-02  1.000000E-30  1.000000E-30  1.000000E-30  1.000000E-30  1.000000E-30  1.000000E-30  1.000000E-30  1.000000E-30
    173  5.769211250520E-02  1.000000E-30  1.000000E-30  1.000000E-30  1.000000E-30  1.000000E-30  1.000000E-30  1.000000E-30  1.000000E-30
    174  5.804755660481E-02  1.000000E-30  1.000000E-30  1.000000E-30  1.000000E-30  1.000000E-30  1.000000E-30  1.000000E-30  1.000000E-30
    175  5.837706807704E-02  1.000000E-30  1.000000E-30  1.000000E-30  1.000000E-30  1.000000E-30  1.000000E-30  1.000000E-30  1.000000E-30
    176  5.868213309337E-02  1.000000E-30  1.000000E-30  1.000000E-30  1.000000E-30  1.000000E-30  1.000000E-30  1.000000E-30  1.000000E-30
    177  5.897372529375E-02  1.000000E-30  1.000000E-30  1.000000E-30  1.000000E-30  1.000000E-30  1.000000E-30  1.000000E-30  1.000000E-30
    178  5.927019313219E-02  1.000000E-30  1.000000E-30  1.000000E-30  1.000000E-30  1.000000E-30  1.000000E-30  1.000000E-30  1.000000E-30
    179  5.955970264735E-02  1.000000E-30  1.000000E-30  1.000000E-30  1.000000E-30  1.000000E-30  1.000000E-30  1.000000E-30  1.000000E-30
    180  5.987296131417E-02  1.000000E-30  1.000000E-30  1.000000E-30  1.000000E-30  1.000000E-30  1.000000E-30  1.000000E-30  1.000000E-30
    181  6.018239261751E-02  1.000000E-30  1.000000E-30  1.000000E-30  1.000000E-30  1.000000E-30  1.000000E-30  1.000000E-30  1.000000E-30
    182  6.051941164510E-02  1.000000E-30  1.000000E-30  1.000000E-30  1.000000E-30  1.000000E-30  1.000000E-30  1.000000E-30  1.000000E-30
    183  6.081686890997E-02  1.000000E-30  1.000000E-30  1.000000E-30  1.000000E-30  1.000000E-30  1.000000E-30  1.000000E-30  1.000000E-30
    184  6.107970107709E-02  1.000000E-30  1.000000E-30  1.000000E-30  1.000000E-30  1.000000E-30  1.000000E-30  1.000000E-30  1.000000E-30
    185  6.149099227918E-02  1.000000E-30  1.000000E-30  1.000000E-30  1.000000E-30  1.000000E-30  1.000000E-30  1.000000E-30  1.000000E-30
    186  6.184187848266E-02  1.000000E-30  1.000000E-30  1.000000E-30  1.000000E-30  1.000000E-30  1.000000E-30  1.000000E-30  1.000000E-30
    187  6.212841772032E-02  1.000000E-30  1.000000E-30  1.000000E-30  1.000000E-30  1.000000E-30  1.000000E-30  1.000000E-30  1.000000E-30
    188  6.241083345826E-02  1.000000E-30  1.000000E-30  1.000000E-30  1.000000E-30  1.000000E-30  1.000000E-30  1.000000E-30  1.000000E-30
    189  6.286334795077E-02  1.000000E-30  1.000000E-30  1.000000E-30  1.000000E-30  1.000000E-30  1.000000E-30  1.000000E-30  1.000000E-30
    190  6.324448148531E-02  1.000000E-30  1.000000E-30  1.000000E-30  1.000000E-30  1.000000E-30  1.000000E-30  1.000000E-30  1.000000E-30
    191  6.354755735680E-02  1.000000E-30  1.000000E-30  1.000000E-30  1.000000E-30  1.000000E-30  1.000000E-30  1.000000E-30  1.000000E-30
    192  6.382753282149E-02  1.000000E-30  1.000000E-30  1.000000E-30  1.000000E-30  1.000000E-30  1.000000E-30  1.000000E-30  1.000000E-30
    193  6.429792763326E-02  1.000000E-30  1.000000E-30  1.000000E-30  1.000000E-30  1.000000E-30  1.000000E-30  1.000000E-30  1.000000E-30
    194  6.470641913937E-02  1.000000E-30  1.000000E-30  1.000000E-30  1.000000E-30  1.000000E-30  1.000000E-30  1.000000E-30  1.000000E-30
    195  6.514351188605E-02  1.000000E-30  1.000000E-30  1.000000E-30  1.000000E-30  1.000000E-30  1.000000E-30  1.000000E-30  1.000000E-30
    196  6.551961572666E-02  1.000000E-30  1.000000E-30  1.000000E-30  1.000000E-30  1.000000E-30  1.000000E-30  1.000000E-30  1.000000E-30
    197  6.614173306661E-02  1.000000E-30  1.000000E-30  1.000000E-30  1.000000E-30  1.000000E-30  1.000000E-30  1.000000E-30  1.000000E-30
    198  6.666431851744E-02  1.000000E-30  1.000000E-30  1.000000E-30  1.000000E-30  1.000000E-30  1.000000E-30  1.000000E-30  1.000000E-30
    199  6.714973898932E-02  1.000000E-30  1.000000E-30  1.000000E-30  1.000000E-30  1.000000E-30  1.000000E-30  1.000000E-30  1.000000E-30
    200  6.763365269933E-02  1.000000E-30  1.000000E-30  1.000000E-30  1.000000E-30  1.000000E-30  1.000000E-30  1.000000E-30  1.000000E-30
    201  6.810748363549E-02  1.000000E-30  1.000000E-30  1.000000E-30  1.000000E-30  1.000000E-30  1.000000E-30  1.000000E-30  1.000000E-30
    202  6.886988901479E-02  1.000000E-30  1.000000E-30  1.000000E-30  1.000000E-30  1.000000E-30  1.000000E-30  1.000000E-30  1.000000E-30
    203  6.932442343830E-02  1.000000E-30  1.000000E-30  1.000000E-30  1.000000E-30  1.000000E-30  1.000000E-30  1.000000E-30  1.000000E-30
    204  6.977291475786E-02  1.000000E-30  1.000000E-30  1.000000E-30  1.000000E-30  1.000000E-30  1.000000E-30  1.000000E-30  1.000000E-30
    205  7.051837306122E-02  1.000000E-30  1.000000E-30  1.000000E-30  1.000000E-30  1.000000E-30  1.000000E-30  1.000000E-30  1.000000E-30
    206  7.120724846930E-02  1.000000E-30  1.000000E-30  1.000000E-30  1.000000E-30  1.000000E-30  1.000000E-30  1.000000E-30  1.000000E-30
    207  7.185571854523E-02  1.000000E-30  1.000000E-30  1.000000E-30  1.000000E-30  1.000000E-30  1.000000E-30  1.000000E-30  1.000000E-30
    208  7.250556240022E-02  1.000000E-30  1.000000E-30  1.000000E-30  1.000000E-30  1.000000E-30  1.000000E-30  1.000000E-30  1.000000E-30
    209  7.308358088908E-02  1.000000E-30  1.000000E-30  1.000000E-30  1.000000E-30  1.000000E-30  1.000000E-30  1.000000E-30  1.000000E-30
    210  7.365083251161E-02  1.000000E-30  1.000000E-30  1.000000E-30  1.000000E-30  1.000000E-30  1.000000E-30  1.000000E-30  1.000000E-30
    211  7.420607479025E-02  1.000000E-30  1.000000E-30  1.000000E-30  1.000000E-30  1.000000E-30  1.000000E-30  1.000000E-30  1.000000E-30
    212  7.477269193766E-02  1.000000E-30  1.000000E-30  1.000000E-30  1.000000E-30  1.000000E-30  1.000000E-30  1.000000E-30  1.000000E-30
    213  7.532671922740E-02  1.000000E-30  1.000000E-30  1.000000E-30  1.000000E-30  1.000000E-30  1.000000E-30  1.000000E-30  1.000000E-30
    214  7.590819975934E-02  1.000000E-30  1.000000E-30  1.000000E-30  1.000000E-30  1.000000E-30  1.000000E-30  1.000000E-30  1.000000E-30
    215  7.648106882397E-02  1.000000E-30  1.000000E-30  1.000000E-30  1.000000E-30  1.000000E-30  1.000000E-30  1.000000E-30  1.000000E-30
    216  7.706864365518E-02  1.000000E-30  1.000000E-30  1.000000E-30  1.000000E-30  1.000000E-30  1.000000E-30  1.000000E-30  1.000000E-30
    217  7.765097184480E-02  1.000000E-30  1.000000E-30  1.000000E-30  1.000000E-30  1.000000E-30  1.000000E-30  1.000000E-30  1.000000E-30
    218  7.824188421090E-02  1.000000E-30  1.000000E-30  1.000000E-30  1.000000E-30  1.000000E-30  1.000000E-30  1.000000E-30  1.000000E-30
    219  7.883216312169E-02  1.000000E-30  1.000000E-30  1.000000E-30  1.000000E-30  1.000000E-30  1.000000E-30  1.000000E-30  1.000000E-30
    220  7.934760137230E-02  1.000000E-30  1.000000E-30  1.000000E-30  1.000000E-30  1.000000E-30  1.000000E-30  1.000000E-30  1.000000E-30
    221  7.991019390762E-02  1.000000E-30  1.000000E-30  1.000000E-30  1.000000E-30  1.000000E-30  1.000000E-30  1.000000E-30  1.000000E-30
    222  8.044081450283E-02  1.000000E-30  1.000000E-30  1.000000E-30  1.000000E-30  1.000000E-30  1.000000E-30  1.000000E-30  1.000000E-30
    223  8.103419684334E-02  1.000000E-30  1.000000E-30  1.000000E-30  1.000000E-30  1.000000E-30  1.000000E-30  1.000000E-30  1.000000E-30
    224  8.158988408622E-02  1.000000E-30  1.000000E-30  1.000000E-30  1.000000E-30  1.000000E-30  1.000000E-30  1.000000E-30  1.000000E-30
    225  8.219791245697E-02  1.000000E-30  1.000000E-30  1.000000E-30  1.000000E-30  1.000000E-30  1.000000E-30  1.000000E-30  1.000000E-30
    226  8.273529679330E-02  1.000000E-30  1.000000E-30  1.000000E-30  1.000000E-30  1.000000E-30  1.000000E-30  1.000000E-30  1.000000E-30
    227  8.327310875316E-02  1.000000E-30  1.000000E-30  1.000000E-30  1.000000E-30  1.000000E-30  1.000000E-30  1.000000E-30  1.000000E-30
    228  8.381967664174E-02  1.000000E-30  1.000000E-30  1.000000E-30  1.000000E-30  1.000000E-30  1.000000E-30  1.000000E-30  1.000000E-30
    229  8.442137901789E-02  1.000000E-30  1.000000E-30  1.000000E-30  1.000000E-30  1.000000E-30  1.000000E-30  1.000000E-30  1.000000E-30
    230  8.496109010092E-02  1.000000E-30  1.000000E-30  1.000000E-30  1.000000E-30  1.000000E-30  1.000000E-30  1.000000E-30  1.000000E-30
    231  8.556251684447E-02  1.000000E-30  1.000000E-30  1.000000E-30  1.000000E-30  1.000000E-30  1.000000E-30  1.000000E-30  1.000000E-30
    232  8.609514523980E-02  1.000000E-30  1.000000E-30  1.000000E-30  1.000000E-30  1.000000E-30  1.000000E-30  1.000000E-30  1.000000E-30
    233  8.668730402486E-02  1.000000E-30  1.000000E-30  1.000000E-30  1.000000E-30  1.000000E-30  1.000000E-30  1.000000E-30  1.000000E-30
    234  8.725638446658E-02  1.000000E-30  1.000000E-30  1.000000E-30  1.000000E-30  1.000000E-30  1.000000E-30  1.000000E-30  1.000000E-30
    235  8.784892152766E-02  1.000000E-30  1.000000E-30  1.000000E-30  1.000000E-30  1.000000E-30  1.000000E-30  1.000000E-30  1.000000E-30
    236  8.837914431516E-02  1.000000E-30  1.000000E-30  1.000000E-30  1.000000E-30  1.000000E-30  1.000000E-30  1.000000E-30  1.000000E-30
    237  8.927467123273E-02  1.000000E-30  1.000000E-30  1.000000E-30  1.000000E-30  1.000000E-30  1.000000E-30  1.000000E-30  1.000000E-30
    238  9.009385267910E-02  1.000000E-30  1.000000E-30  1.000000E-30  1.000000E-30  1.000000E-30  1.000000E-30  1.000000E-30  1.000000E-30
    239  9.088007009323E-02  1.000000E-30  1.000000E-30  1.000000E-30  1.000000E-30  1.000000E-30  1.000000E-30  1.000000E-30  1.000000E-30
    240  9.160938796651E-02  1.000000E-30  1.000000E-30  1.000000E-30  1.000000E-30  1.000000E-30  1.000000E-30  1.000000E-30  1.000000E-30
    241  9.231864750676E-02  1.000000E-30  1.000000E-30  1.000000E-30  1.000000E-30  1.000000E-30  1.000000E-30  1.000000E-30  1.000000E-30
    242  9.335415502949E-02  1.000000E-30  1.000000E-30  1.000000E-30  1.000000E-30  1.000000E-30  1.000000E-30  1.000000E-30  1.000000E-30
    243  9.429165011748E-02  1.000000E-30  1.000000E-30  1.000000E-30  1.000000E-30  1.000000E-30  1.000000E-30  1.000000E-30  1.000000E-30
    244  9.514750284226E-02  1.000000E-30  1.000000E-30  1.000000E-30  1.000000E-30  1.000000E-30  1.000000E-30  1.000000E-30  1.000000E-30
    245  9.592869681963E-02  1.000000E-30  1.000000E-30  1.000000E-30  1.000000E-30  1.000000E-30  1.000000E-30  1.000000E-30  1.000000E-30
    246  9.638259128200E-02  1.000000E-30  1.000000E-30  1.000000E-30  1.000000E-30  1.000000E-30  1.000000E-30  1.000000E-30  1.000000E-30
    247  9.686466198075E-02  1.000000E-30  1.000000E-30  1.000000E-30  1.000000E-30  1.000000E-30  1.000000E-30  1.000000E-30  1.000000E-30
    248  9.745016881397E-02  1.000000E-30  1.000000E-30  1.000000E-30  1.000000E-30  1.000000E-30  1.000000E-30  1.000000E-30  1.000000E-30
    249  9.798964068785E-02  1.000000E-30  1.000000E-30  1.000000E-30  1.000000E-30  1.000000E-30  1.000000E-30  1.000000E-30  1.000000E-30
    250  9.892639389759E-02  1.000000E-30  1.000000E-30  1.000000E-30  1.000000E-30  1.000000E-30  1.000000E-30  1.000000E-30  1.000000E-30
    251  9.977784733458E-02  1.000000E-30  1.000000E-30  1.000000E-30  1.000000E-30  1.000000E-30  1.000000E-30  1.000000E-30  1.000000E-30
    252  1.005622893962E-01  1.000000E-30  1.000000E-30  1.000000E-30  1.000000E-30  1.000000E-30  1.000000E-30  1.000000E-30  1.000000E-30
    253  1.013070552067E-01  1.000000E-30  1.000000E-30  1.000000E-30  1.000000E-30  1.000000E-30  1.000000E-30  1.000000E-30  1.000000E-30
    254  1.019791947326E-01  1.000000E-30  1.000000E-30  1.000000E-30  1.000000E-30  1.000000E-30  1.000000E-30  1.000000E-30  1.000000E-30
    255  1.025982572428E-01  1.719614E-30  1.000000E-30  1.000000E-30  1.000000E-30  1.000000E-30  1.000000E-30  1.000000E-30  1.000000E-30
    256  1.032644197032E-01  3.459499E-30  1.000000E-30  1.000000E-30  1.000000E-30  1.000000E-30  1.000000E-30  1.000000E-30  1.000000E-30
    257  1.039121745974E-01  6.687912E-30  1.000000E-30  1.000000E-30  1.000000E-30  1.000000E-30  1.000000E-30  1.000000E-30  1.000000E-30
    258  1.045193471709E-01  1.231842E-29  1.000000E-30  1.000000E-30  1.000000E-30  1.000000E-30  1.000000E-30  1.000000E-30  1.000000E-30
    259  1.051181778144E-01  2.235977E-29  1.000000E-30  1.000000E-30  1.000000E-30  1.000000E-30  1.000000E-30  1.000000E-30  1.000000E-30
    260  1.056826419982E-01  3.896779E-29  1.000000E-30  1.000000E-30  1.000000E-30  1.000000E-30  1.000000E-30  1.000000E-30  1.000000E-30
    261  1.062431336111E-01  6.725475E-29  1.000000E-30  1.000000E-30  1.000000E-30  1.000000E-30  1.000000E-30  1.000000E-30  1.000000E-30
    262  1.068146627648E-01  1.166141E-28  1.074103E-30  1.000000E-30  1.000000E-30  1.000000E-30  1.000000E-30  1.000000E-30  1.000000E-30
    263  1.073656177930E-01  1.968864E-28  1.889755E-30  1.000000E-30  1.000000E-30  1.000000E-30  1.000000E-30  1.000000E-30  1.000000E-30
    264  1.079139362418E-01  3.294570E-28  3.285378E-30  1.000000E-30  1.000000E-30  1.000000E-30  1.000000E-30  1.000000E-30  1.000000E-30
    265  1.084202130578E-01  5.264042E-28  5.439174E-30  1.000000E-30  1.000000E-30  1.000000E-30  1.000000E-30  1.000000E-30  1.000000E-30
    266  1.089957947327E-01  8.913739E-28  9.592528E-30  1.000000E-30  1.000000E-30  1.000000E-30  1.000000E-30  1.000000E-30  1.000000E-30
    267  1.095139929398E-01  1.421157E-27  1.586775E-29  1.000000E-30  1.000000E-30  1.000000E-30  1.000000E-30  1.000000E-30  1.000000E-30
    268  1.100036617482E-01  2.194363E-27  2.537400E-29  1.500669E-30  1.000000E-30  1.000000E-30  1.000000E-30  1.000000E-30  1.000000E-30
    269  1.105581599754E-01  3.566312E-27  4.291733E-29  2.728442E-30  1.000000E-30  1.000000E-30  1.000000E-30  1.000000E-30  1.000000E-30
    270  1.111738162549E-01  6.064793E-27  7.631653E-29  5.184834E-30  1.000000E-30  1.000000E-30  1.000000E-30  1.000000E-30  1.000000E-30
    271  1.117276452796E-01  9.689686E-27  1.269641E-28  9.163122E-30  1.000000E-30  1.000000E-30  1.000000E-30  1.000000E-30  1.000000E-30
    272  1.122547306619E-01  1.501927E-26  2.045790E-28  1.564449E-29  1.000000E-30  1.000000E-30  1.000000E-30  1.000000E-30  1.000000E-30
    273  1.128196390807E-01  2.384290E-26  3.386500E-28  2.756610E-29  1.000000E-30  1.000000E-30  1.000000E-30  1.000000E-30  1.000000E-30
    274  1.134172103791E-01  3.854257E-26  5.724064E-28  4.980033E-29  1.000000E-30  1.000000E-30  1.000000E-30  1.000000E-30  1.000000E-30
    275  1.139661173569E-01  5.939602E-26  9.192726E-28  8.505690E-29  1.000000E-30  1.000000E-30  1.000000E-30  1.000000E-30  1.000000E-30
    276  1.145721141816E-01  9.494046E-26  1.538401E-27  1.524262E-28  1.000000E-30  1.000000E-30  1.000000E-30  1.000000E-30  1.000000E-30
    277  1.151138636995E-01  1.431340E-25  2.417157E-27  2.547095E-28  1.687508E-30  1.000000E-30  1.000000E-30  1.000000E-30  1.000000E-30
    278  1.160623872824E-01  2.906355E-25  5.279481E-27  6.202143E-28  4.374236E-30  1.000000E-30  1.000000E-30  1.000000E-30  1.000000E-30
    279  1.166131253687E-01  4.322274E-25  8.195228E-27  1.026233E-27  7.506873E-30  1.000000E-30  1.000000E-30  1.000000E-30  1.000000E-30
    280  1.171578902390E-01  6.352407E-25  1.256879E-26  1.677060E-27  1.272118E-29  1.000000E-30  1.000000E-30  1.000000E-30  1.000000E-30
    281  1.179966344325E-01  1.137740E-24  2.405036E-26  3.541135E-27  2.841663E-29  1.965591E-30  1.000000E-30  1.000000E-30  1.000000E-30
    282  1.184626561866E-01  1.556729E-24  3.415036E-26  5.313789E-27  4.401105E-29  3.294477E-30  1.000000E-30  1.000000E-30  1.000000E-30
    283  1.189221956404E-01  2.109520E-24  4.800944E-26  7.890217E-27  6.742791E-29  5.322982E-30  1.000000E-30  1.000000E-30  1.000000E-30
    284  1.197605220964E-01  3.640954E-24  8.865399E-26  1.611082E-26  1.458303E-28  1.270485E-29  1.000000E-30  1.000000E-30  1.000000E-30
    285  1.205341475296E-01  5.925726E-24  1.536646E-25  3.066700E-26  2.928799E-28  2.796900E-29  1.000000E-30  1.000000E-30  1.000000E-30
    286  1.212540834288E-01  9.190413E-24  2.528410E-25  5.509754E-26  5.533699E-28  5.760146E-29  1.000000E-30  1.000000E-30  1.000000E-30
    287  1.219299358624E-01  1.369827E-23  3.985529E-25  9.438693E-26  9.942395E-28  1.122910E-28  1.000000E-30  1.000000E-30  1.000000E-30
    288  1.225766858039E-01  1.982816E-23  6.088983E-25  1.562454E-25  1.723230E-27  2.105535E-28  1.000000E-30  1.000000E-30  1.000000E-30
    289  1.231854533608E-01  2.777627E-23  8.977701E-25  2.485773E-25  2.863657E-27  3.770032E-28  1.000000E-30  1.000000E-30  1.000000E-30
    290  1.237219182154E-01  3.703374E-23  1.252580E-24  3.710186E-25  4.442579E-27  6.248752E-28  1.589332E-30  1.000000E-30  1.000000E-30
    291  1.242404039059E-01  4.849135E-23  1.714141E-24  5.421415E-25  6.740136E-27  1.011017E-27  2.632442E-30  1.000000E-30  1.000000E-30
    292  1.248086455930E-01  6.454772E-23  2.395584E-24  8.144721E-25  1.055426E-26  1.699491E-27  4.552112E-30  1.000000E-30  1.000000E-30
    293  1.253177247642E-01  8.265174E-23  3.205134E-24  1.163107E-24  1.564551E-26  2.685654E-27  7.379296E-30  1.023714E-30  1.000000E-30
    294  1.258810647447E-01  1.075901E-22  4.381239E-24  1.709557E-24  2.397261E-26  4.418673E-27  1.249084E-29  1.863276E-30  1.000000E-30
    295  1.264205598797E-01  1.370524E-22  5.850265E-24  2.448060E-24  3.573241E-26  7.053824E-27  2.049363E-29  3.273732E-30  1.000000E-30
    296  1.270317883483E-01  1.781170E-22  8.023060E-24  3.635976E-24  5.555457E-26  1.185941E-26  3.554948E-29  6.141710E-30  1.000000E-30
    297  1.275757308169E-01  2.222266E-22  1.050389E-23  5.112788E-24  8.138597E-26  1.863529E-26  5.744811E-29  1.064435E-29  1.000000E-30
    298  1.286048671531E-01  3.285103E-22  1.702416E-23  9.496814E-24  1.634719E-25  4.278430E-26  1.391439E-28  2.947219E-29  1.000000E-30
    299  1.290949488661E-01  3.891091E-22  2.107623E-23  1.255402E-23  2.243871E-25  6.263597E-26  2.090342E-28  4.722636E-29  1.000000E-30
    300  1.295345101683E-01  4.490294E-22  2.531166E-23  1.599453E-23  2.957465E-25  8.748402E-26  2.988274E-28  7.154800E-29  1.000000E-30
    301  1.303954523490E-01  5.819478E-22  3.549214E-23  2.520016E-23  4.982384E-25  1.652393E-25  5.909429E-28  1.586516E-28  2.254550E-30
    302  1.308549873199E-01  6.590638E-22  4.193486E-23  3.170172E-23  6.497801E-25  2.291858E-25  8.401670E-28  2.399274E-28  3.519322E-30
    303  1.312776310019E-01  7.330464E-22  4.850573E-23  3.885771E-23  8.234333E-25  3.074400E-25  1.153109E-27  3.486057E-28  5.285498E-30
    304  1.320787884157E-01  8.798315E-22  6.274043E-23  5.613981E-23  1.267797E-24  5.276396E-25  2.067401E-27  6.968375E-28  1.125784E-29
    305  1.327308179063E-01  1.000225E-21  7.584270E-23  7.431189E-23  1.768120E-24  8.044404E-25  3.267122E-27  1.204066E-27  2.049344E-29
    306  1.333821207310E-01  1.117450E-21  9.013400E-23  9.676325E-23  2.426544E-24  1.207594E-24  5.084978E-27  2.050309E-27  3.677643E-29
    307  1.339749669338E-01  1.217952E-21  1.039691E-22  1.213605E-22  3.193609E-24  1.725440E-24  7.510454E-27  3.288276E-27  6.188878E-29
    308  1.345530840576E-01  1.307749E-21  1.180229E-22  1.495632E-22  4.126449E-24  2.416729E-24  1.086769E-26  5.158927E-27  1.017925E-28
    309  1.351098094661E-01  1.384364E-21  1.318624E-22  1.809580E-22  5.226919E-24  3.310278E-24  1.536348E-26  7.888120E-27  1.629363E-28
    310  1.359304916944E-01  1.477348E-21  1.524641E-22  2.355000E-22  7.282059E-24  5.179680E-24  2.519522E-26  1.453318E-26  3.213234E-28
    311  1.363572082699E-01  1.513626E-21  1.629059E-22  2.677009E-22  8.578505E-24  6.484321E-24  3.232703E-26  1.981997E-26  4.541241E-28
    312  1.367788244083E-01  1.541485E-21  1.729673E-22  3.022688E-22  1.003562E-23  8.058015E-24  4.116619E-26  2.681577E-26  6.365454E-28
    313  1.375777712339E-01  1.573237E-21  1.911483E-22  3.756157E-22  1.334326E-23  1.202175E-23  6.434867E-26  4.705020E-26  1.194864E-27
    314  1.380438267916E-01  1.577132E-21  2.007921E-22  4.226936E-22  1.562424E-23  1.506164E-23  8.286206E-26  6.484132E-26  1.713371E-27
    315  1.384690951451E-01  1.571861E-21  2.088891E-22  4.684274E-22  1.795733E-23  1.841904E-23  1.039148E-25  8.654017E-26  2.371501E-27
    316  1.391087445178E-01  1.549211E-21  2.196830E-22  5.420672E-22  2.195854E-23  2.474062E-23  1.449986E-25  1.326875E-25  3.841979E-27
    317  1.397002518981E-01  1.512551E-21  2.278468E-22  6.145247E-22  2.620561E-23  3.222160E-23  1.956655E-25  1.954631E-25  5.957557E-27
    318  1.402705851668E-01  1.464079E-21  2.338705E-22  6.876507E-22  3.082285E-23  4.125241E-23  2.592890E-25  2.820314E-25  9.034956E-27
    319  1.408634912375E-01  1.401422E-21  2.380390E-22  7.661300E-22  3.617976E-23  5.291756E-23  3.448304E-25  4.100433E-25  1.383862E-26
    320  1.414089642241E-01  1.334096E-21  2.398609E-22  8.393405E-22  4.159897E-23  6.605277E-23  4.450557E-25  5.747191E-25  2.035528E-26
    321  1.419220762512E-01  1.263643E-21  2.397534E-22  9.080046E-22  4.710729E-23  8.084054E-23  5.622084E-25  7.848900E-25  2.909813E-26
    322  1.422771704232E-01  1.211422E-21  2.386115E-22  9.548269E-22  5.113687E-23  9.263117E-23  6.585463E-25  9.706836E-25  3.714735E-26
    323  1.426029315631E-01  1.161540E-21  2.368107E-22  9.969080E-22  5.497720E-23  1.046726E-22  7.593986E-25  1.176743E-24  4.637002E-26
    324  1.430135230101E-01  1.096645E-21  2.335504E-22  1.048307E-21  5.999461E-23  1.216522E-22  9.055388E-25  1.494844E-24  6.112689E-26
    325  1.434683796643E-01  1.022852E-21  2.286749E-22  1.102325E-21  6.574322E-23  1.429852E-22  1.095203E-24  1.939770E-24  8.265859E-26
    326  1.440315208021E-01  9.300975E-22  2.209000E-22  1.163725E-21  7.306374E-23  1.733891E-22  1.376230E-24  2.660711E-24  1.193510E-25
    327  1.445490332405E-01  8.446910E-22  2.121546E-22  1.213385E-21  7.988719E-23  2.055191E-22  1.685863E-24  3.534660E-24  1.662588E-25
    328  1.451370980342E-01  7.492797E-22  2.006157E-22  1.260326E-21  8.760824E-23  2.471545E-22  2.105215E-24  4.842403E-24  2.404708E-25
    329  1.457052374241E-01  6.602255E-22  1.881091E-22  1.294579E-21  9.486842E-23  2.927159E-22  2.586346E-24  6.509368E-24  3.407632E-25
    330  1.463107957421E-01  5.700583E-22  1.736243E-22  1.317844E-21  1.022029E-22  3.471910E-22  3.190714E-24  8.845589E-24  4.900338E-25
    331  1.468752132891E-01  4.915600E-22  1.593879E-22  1.326172E-21  1.084640E-22  4.032506E-22  3.845265E-24  1.167214E-23  6.819016E-25
    332  1.475510939381E-01  4.057341E-22  1.418741E-22  1.318538E-21  1.149797E-22  4.765512E-22  4.751236E-24  1.608695E-23  1.002006E-24
    333  1.481899111058E-01  3.333583E-22  1.252571E-22  1.293531E-21  1.199016E-22  5.511756E-22  5.733516E-24  2.154279E-23  1.426261E-24
    334  1.491767377555E-01  2.388785E-22  1.004078E-22  1.222045E-21  1.245915E-22  6.730449E-22  7.480704E-24  3.305910E-23  2.407197E-24
    335  1.497116139607E-01  1.962811E-22  8.771806E-23  1.167776E-21  1.254218E-22  7.399384E-22  8.527723E-24  4.117795E-23  3.158582E-24
    336  1.502421520731E-01  1.595944E-22  7.582491E-23  1.104148E-21  1.249142E-22  8.048067E-22  9.617101E-24  5.074002E-23  4.099559E-24
    337  1.509052103900E-01  1.210382E-22  6.211034E-23  1.012341E-21  1.222684E-22  8.799971E-22  1.100580E-23  6.490737E-23  5.598499E-24
    338  1.515352476696E-01  9.114853E-23  5.035062E-23  9.140020E-22  1.175236E-22  9.402761E-22  1.228434E-23  8.058505E-23  7.399647E-24
    339  1.521327102765E-01  6.807085E-23  4.034667E-23  8.119130E-22  1.108319E-22  9.812261E-22  1.336539E-23  9.707777E-23  9.463274E-24
    340  1.526678407657E-01  5.122148E-23  3.235047E-23  7.143322E-22  1.029145E-22  9.981403E-22  1.411715E-23  1.123930E-22  1.156314E-23
    341  1.532481602429E-01  3.649110E-23  2.470098E-23  6.034937E-22  9.221759E-23  9.878740E-22  1.455818E-23  1.280959E-22  1.397747E-23
    342  1.535863948111E-01  2.941026E-23  2.073313E-23  5.374792E-22  8.501287E-23  9.653020E-22  1.457250E-23  1.359595E-22  1.535609E-23
    343  1.538995751697E-01  2.374006E-23  1.737999E-23  4.761232E-22  7.776250E-23  9.321850E-22  1.439139E-23  1.418017E-22  1.653782E-23
    344  1.546020187628E-01  1.384884E-23  1.104052E-23  3.425257E-22  6.014076E-23  8.146579E-22  1.322923E-23  1.474068E-22  1.848082E-23
    345  1.552062305672E-01  8.081674E-24  6.936284E-24  2.396488E-22  4.480217E-23  6.746403E-22  1.144719E-23  1.418862E-22  1.894039E-23
    346  1.557875935888E-01  4.477806E-24  4.128452E-24  1.583126E-22  3.144740E-23  5.245525E-22  9.286229E-24  1.275959E-22  1.809889E-23
    347  1.566447447202E-01  1.609113E-24  1.640458E-24  7.395469E-23  1.619548E-23  3.190234E-22  6.047883E-24  9.761078E-23  1.518660E-23
    348  1.574294426159E-01  2.202878E-25  5.277625E-25  4.322540E-23  1.194716E-23  2.669402E-22  5.170322E-24  8.252721E-23  1.268189E-23
    349  1.581710514975E-01  5.646741E-25  6.473656E-25  3.336235E-23  7.886510E-24  1.763168E-22  3.526476E-24  6.344307E-23  1.058153E-23
    350  1.588328903187E-01  1.909322E-25  2.372198E-25  1.405069E-23  3.596198E-24  9.234248E-23  1.915765E-24  4.270745E-23  8.400461E-24
    351  1.594606073659E-01  6.520921E-26  8.814187E-26  5.932507E-24  1.602318E-24  4.737907E-23  1.089968E-24  2.941182E-23  6.233510E-24
    352  1.600565792087E-01  2.300051E-26  3.373399E-26  2.518762E-24  7.657844E-25  2.747744E-23  6.719194E-25  2.022560E-23  4.552356E-24
    353  1.607059625219E-01  7.154914E-27  1.172975E-26  1.099759E-24  3.712241E-25  1.517752E-23  3.902341E-25  1.320497E-23  3.185472E-24
    354  1.613957576202E-01  2.346991E-27  4.383112E-27  4.747032E-25  1.732302E-25  8.041488E-24  2.180230E-25  8.389340E-24  2.184465E-24
    355  1.620398820205E-01  8.724093E-28  1.791241E-27  2.189606E-25  8.582567E-26  4.491461E-24  1.280665E-25  5.565237E-24  1.557570E-24
    356  1.627691861850E-01  2.988335E-28  6.766670E-28  9.392399E-26  3.995123E-26  2.395094E-24  7.234668E-26  3.608498E-24  1.096638E-24
    357  1.634667099868E-01  1.148913E-28  2.857558E-28  4.392092E-26  2.020142E-26  1.375881E-24  4.392480E-26  2.498139E-24  8.219001E-25
    358  1.645369737572E-01  2.987410E-29  9.085978E-29  1.550652E-26  8.053438E-27  6.606961E-25  2.296185E-26  1.594012E-24  5.930240E-25
    359  1.651200899964E-01  1.702198E-29  5.487582E-29  9.405576E-27  5.206078E-27  4.693017E-25  1.709257E-26  1.321961E-24  5.262391E-25
    360  1.656939516385E-01  9.372898E-30  3.415412E-29  5.893989E-27  3.477908E-27  3.433710E-25  1.309611E-26  1.128424E-24  4.803516E-25
    361  1.664404283242E-01  3.445207E-30  1.826482E-29  3.262781E-27  2.097378E-27  2.324817E-25  9.422014E-27  9.360067E-25  4.350602E-25
    362  1.671401020014E-01  1.000000E-30  1.011763E-29  1.875100E-27  1.308552E-27  1.609987E-25  6.911636E-27  7.858495E-25  3.969334E-25
    363  1.682228463170E-01  1.000000E-30  1.936428E-30  7.318771E-28  6.097292E-28  8.854259E-26  4.168937E-27  5.855997E-25  3.367834E-25
    364  1.688914277275E-01  1.000000E-30  1.674808E-30  4.457280E-28  3.877126E-28  6.029633E-26  2.995804E-27  4.799862E-25  2.994171E-25
    365  1.695862681704E-01  1.000000E-30  1.000000E-30  2.500733E-28  2.353898E-28  3.963557E-26  2.087738E-27  3.842185E-25  2.609238E-25
    366  1.708796298676E-01  1.000000E-30  1.000000E-30  7.624683E-29  9.252335E-29  1.766439E-26  1.036891E-27  2.455949E-25  1.954697E-25
    367  1.720689125062E-01  1.000000E-30  1.000000E-30  2.654931E-29  4.185731E-29  8.088011E-27  5.243644E-28  1.565705E-25  1.447208E-25
    368  1.730357271347E-01  1.000000E-30  1.000000E-30  1.212414E-29  2.468519E-29  4.255549E-27  2.992246E-28  1.064124E-25  1.111950E-25
    369  1.739185931198E-01  1.000000E-30  1.000000E-30  5.796641E-30  1.707160E-29  2.378447E-27  1.791225E-28  7.363419E-26  8.617218E-26
    370  1.748109107026E-01  1.000000E-30  1.000000E-30  1.971330E-30  1.411713E-29  1.360050E-27  1.096028E-28  5.018934E-26  6.590774E-26
    371  1.757092013639E-01  1.000000E-30  1.000000E-30  1.158062E-29  2.876946E-29  1.254875E-27  9.019507E-29  3.384437E-26  4.985784E-26
    372  1.765567714958E-01  1.000000E-30  1.000000E-30  1.000000E-30  1.096223E-29  6.032841E-28  5.164717E-29  2.654713E-26  4.381359E-26
    373  1.775373762473E-01  1.000000E-30  1.000000E-30  1.000000E-30  3.439593E-30  2.646143E-28  2.783831E-29  1.963891E-26  3.695446E-26
    374  1.784803688374E-01  1.000000E-30  1.000000E-30  1.000000E-30  2.301216E-30  1.457639E-28  1.641410E-29  1.309496E-26  2.798005E-26
    375  1.795112536071E-01  1.000000E-30  1.000000E-30  1.000000E-30  1.000000E-30  5.126286E-29  6.984660E-30  7.564058E-27  1.860209E-26
    376  1.804824008025E-01  1.000000E-30  1.000000E-30  1.000000E-30  1.000000E-30  1.091762E-29  2.389758E-30  4.239625E-27  1.192675E-26
    377  1.815169070317E-01  1.000000E-30  1.000000E-30  1.000000E-30  1.000000E-30  1.000000E-30  1.000000E-30  2.188174E-27  7.119922E-27
    378  1.825428215499E-01  1.000000E-30  1.000000E-30  1.000000E-30  1.000000E-30  1.000000E-30  1.000000E-30  1.108418E-27  4.179461E-27
    379  1.841355644659E-01  1.000000E-30  1.000000E-30  1.000000E-30  1.000000E-30  1.000000E-30  1.000000E-30  3.724305E-28  1.790123E-27
    380  1.856860183354E-01  1.000000E-30  1.000000E-30  1.000000E-30  1.000000E-30  1.000000E-30  1.000000E-30  1.208563E-28  7.651978E-28
    381  1.870847965371E-01  1.000000E-30  1.000000E-30  1.000000E-30  1.000000E-30  1.000000E-30  1.000000E-30  4.317208E-29  3.589686E-28
    382  1.883699545972E-01  1.000000E-30  1.000000E-30  1.000000E-30  1.000000E-30  1.000000E-30  1.000000E-30  1.784314E-29  1.806863E-28
    383  1.895671856375E-01  1.000000E-30  1.000000E-30  1.000000E-30  1.000000E-30  1.000000E-30  1.000000E-30  1.096495E-29  1.009655E-28
    384  1.907324824205E-01  1.000000E-30  1.000000E-30  1.000000E-30  1.000000E-30  1.313797E-29  1.997133E-30  1.123397E-29  6.504638E-29
    385  1.917913284253E-01  1.000000E-30  1.000000E-30  1.000000E-30  2.830726E-30  3.161331E-29  4.624546E-30  1.635564E-29  5.281926E-29
    386  1.928179034582E-01  1.000000E-30  1.000000E-30  1.000000E-30  4.818125E-30  5.154699E-29  7.459327E-30  2.320999E-29  5.154383E-29
    387  1.939781308337E-01  1.000000E-30  1.000000E-30  1.000000E-30  7.331598E-30  7.616281E-29  1.116233E-29  3.289063E-29  5.846352E-29
    388  1.950365569225E-01  1.000000E-30  1.000000E-30  1.000000E-30  1.093646E-29  1.104097E-28  1.640443E-29  4.692146E-29  7.143646E-29
    389  1.963061656501E-01  1.000000E-30  1.000000E-30  1.000000E-30  1.567241E-29  1.548381E-28  2.350237E-29  6.620037E-29  9.303997E-29
    390  1.975160386553E-01  1.000000E-30  1.000000E-30  1.000000E-30  2.237723E-29  2.164536E-28  3.348270E-29  9.338629E-29  1.214180E-28
    391  1.988970783448E-01  1.000000E-30  1.000000E-30  1.000000E-30  3.181468E-29  3.025289E-28  4.779557E-29  1.326586E-28  1.625527E-28
    392  2.001908516564E-01  1.000000E-30  1.000000E-30  1.000000E-30  4.406283E-29  4.130127E-28  6.640350E-29  1.839620E-28  2.120209E-28
    393  2.023233395230E-01  1.000000E-30  1.000000E-30  1.000000E-30  6.948685E-29  6.421564E-28  1.061948E-28  2.949925E-28  3.164413E-28
    394  2.035207364909E-01  1.000000E-30  1.000000E-30  1.000000E-30  9.228360E-29  8.449642E-28  1.412808E-28  3.933943E-28  3.945376E-28
    395  2.047171141817E-01  1.000000E-30  1.000000E-30  2.611032E-30  1.173417E-28  1.069426E-27  1.809292E-28  5.057360E-28  4.828818E-28
    396  2.061861175315E-01  1.000000E-30  1.000000E-30  4.774419E-30  1.550920E-28  1.408361E-27  2.414492E-28  6.787989E-28  6.101952E-28
    397  2.075162532616E-01  1.000000E-30  1.000000E-30  9.761794E-30  1.986633E-28  1.800510E-27  3.117300E-28  8.813765E-28  7.467123E-28
    398  2.088103947538E-01  1.000000E-30  1.000000E-30  1.469354E-29  2.499048E-28  2.263835E-27  3.953507E-28  1.124595E-27  8.993504E-28
    399  2.102374295066E-01  1.000000E-30  1.000000E-30  2.107210E-29  3.187946E-28  2.890101E-27  5.089277E-28  1.457851E-27  1.093177E-27
    400  2.116254943500E-01  1.000000E-30  1.000000E-30  2.956552E-29  4.011242E-28  3.642867E-27  6.458179E-28  1.863132E-27  1.311221E-27
    401  2.137594200207E-01  1.000000E-30  1.000000E-30  4.348175E-29  5.622770E-28  5.128928E-27  9.171212E-28  2.675612E-27  1.710843E-27
    402  2.149968302441E-01  1.000000E-30  1.000000E-30  6.047806E-29  6.826409E-28  6.245900E-27  1.120360E-27  3.290009E-27  1.989187E-27
    403  2.163578604848E-01  1.000000E-30  1.000000E-30  7.702926E-29  8.382806E-28  7.700422E-27  1.385659E-27  4.098847E-27  2.337673E-27
    404  2.188327022992E-01  1.000000E-30  1.000000E-30  1.141915E-28  1.205160E-27  1.116069E-26  2.015796E-27  6.042672E-27  3.123787E-27
    405  2.210861741802E-01  1.000000E-30  1.000000E-30  1.680370E-28  1.666151E-27  1.555285E-26  2.811100E-27  8.529000E-27  4.072821E-27
    406  2.231360986547E-01  1.000000E-30  1.340002E-30  2.331327E-28  2.224341E-27  2.092079E-26  3.777439E-27  1.158704E-26  5.203947E-27
    407  2.249661932162E-01  1.000000E-30  2.724355E-30  3.082022E-28  2.869065E-27  2.717012E-26  4.895343E-27  1.516252E-26  6.505798E-27
    408  2.266023391923E-01  1.000000E-30  4.274685E-30  3.922089E-28  3.594352E-27  3.424878E-26  6.153408E-27  1.922429E-26  7.974636E-27
    409  2.291569547831E-01  1.000000E-30  6.859872E-30  5.607460E-28  5.092259E-27  4.898906E-26  8.750298E-27  2.770564E-26  1.103334E-26
    410  2.305971902523E-01  1.000000E-30  9.915240E-30  6.886560E-28  6.190547E-27  5.987459E-26  1.065027E-26  3.397514E-26  1.329497E-26
    411  2.319348711247E-01  1.000000E-30  1.267582E-29  8.266402E-28  7.413411E-27  7.205684E-26  1.276290E-26  4.099796E-26  1.583095E-26
    412  2.335360820165E-01  1.000000E-30  1.664542E-29  1.024714E-27  9.187853E-27  8.982822E-26  1.582198E-26  5.124680E-26  1.953520E-26
    413  2.351317971316E-01  1.000000E-30  2.178538E-29  1.266301E-27  1.136382E-26  1.117448E-25  1.956300E-26  6.388676E-26  2.410665E-26
    414  2.376293164755E-01  1.000000E-30  3.214759E-29  1.751145E-27  1.580061E-26  1.567616E-25  2.716066E-26  8.984360E-26  3.349293E-26
    415  2.399259738388E-01  1.000000E-30  4.593504E-29  2.348364E-27  2.131663E-26  2.131953E-25  3.655775E-26  1.223608E-25  4.523106E-26
    416  2.420046682363E-01  1.000000E-30  6.247964E-29  3.046479E-27  2.785413E-26  2.805864E-25  4.763926E-26  1.611614E-25  5.919711E-26
    417  2.451201276448E-01  1.000000E-30  9.660294E-29  4.456738E-27  4.130141E-26  4.204792E-25  7.028710E-26  2.416201E-25  8.801784E-26
    418  2.467564269033E-01  1.000000E-30  1.212065E-28  5.423006E-27  5.061377E-26  5.181262E-25  8.587972E-26  2.977273E-25  1.080144E-25
    419  2.483354027874E-01  1.000000E-30  1.494693E-28  6.532079E-27  6.143371E-26  6.322068E-25  1.039228E-25  3.632393E-25  1.312737E-25
    420  2.499258654919E-01  1.000000E-30  1.838049E-28  7.857326E-27  7.448619E-26  7.705723E-25  1.256002E-25  4.426549E-25  1.593571E-25
    421  2.515152656983E-01  1.000000E-30  2.250775E-28  9.424914E-27  9.007119E-26  9.366796E-25  1.513772E-25  5.379488E-25  1.929171E-25
    422  2.542060864984E-01  1.000000E-30  3.144459E-28  1.274670E-26  1.235137E-25  1.295758E-24  2.063776E-25  7.438464E-25  2.650119E-25
    423  2.556901221114E-01  1.000000E-30  3.768541E-28  1.500942E-26  1.465374E-25  1.544672E-24  2.440425E-25  8.865288E-25  3.147009E-25
    424  2.570805114381E-01  1.000000E-30  4.450876E-28  1.745499E-26  1.716258E-25  1.817215E-24  2.849327E-25  1.042737E-24  3.688929E-25
    425  2.598984391343E-01  1.000000E-30  6.191546E-28  2.355792E-26  2.349323E-25  2.509889E-24  3.875386E-25  1.439739E-24  5.058366E-25
    426  2.622653138568E-01  1.000000E-30  8.114515E-28  3.011742E-26  3.038276E-25  3.270147E-24  4.984636E-25  1.875568E-24  6.551658E-25
    427  2.644885215151E-01  1.000000E-30  1.040293E-27  3.774192E-26  3.847651E-25  4.169997E-24  6.280131E-25  2.391641E-24  8.309538E-25
    428  2.667229470066E-01  1.000000E-30  1.328622E-27  4.712796E-26  4.853756E-25  5.296644E-24  7.881382E-25  3.038191E-24  1.049957E-24
    429  2.687894382327E-01  1.000000E-30  1.659058E-27  5.764672E-26  5.991232E-25  6.579118E-24  9.681910E-25  3.774748E-24  1.298144E-24
    430  2.709436570286E-01  1.000000E-30  2.083358E-27  7.085722E-26  7.431344E-25  8.213565E-24  1.194944E-24  4.714358E-24  1.613163E-24
    431  2.728595154549E-01  1.000000E-30  2.543571E-27  8.488586E-26  8.971720E-25  9.972715E-24  1.436265E-24  5.726752E-24  1.951000E-24
    432  2.763050324764E-01  1.000000E-30  3.620373E-27  1.167826E-25  1.250510E-24  1.404118E-23  1.986113E-24  8.072199E-24  2.728927E-24
    433  2.797281875476E-01  1.197858E-30  5.108720E-27  1.593418E-25  1.726635E-24  1.957835E-23  2.720929E-24  1.127236E-23  3.782656E-24
    434  2.831107064370E-01  1.396563E-30  7.144764E-27  2.155814E-25  2.361082E-24  2.702724E-23  3.692234E-24  1.558972E-23  5.194617E-24
    435  2.863632962154E-01  1.542735E-30  9.829007E-27  2.873000E-25  3.175715E-24  3.667739E-23  4.929805E-24  2.120044E-23  7.018113E-24
    436  2.894106333807E-01  1.505207E-30  1.321824E-26  3.750818E-25  4.178213E-24  4.865043E-23  6.441821E-24  2.818443E-23  9.275201E-24
    437  2.941185503109E-01  2.499129E-30  2.080918E-26  5.642145E-25  6.349559E-24  7.484175E-23  9.687432E-24  4.353118E-23  1.420202E-23
    438  2.983685787405E-01  2.625789E-30  3.124090E-26  8.133178E-25  9.221413E-24  1.098536E-22  1.393761E-23  6.415974E-23  2.077847E-23
    439  3.021949729112E-01  2.594310E-30  4.494070E-26  1.128435E-24  1.286218E-23  1.546481E-22  1.927821E-23  9.069439E-23  2.918871E-23
    440  3.059150641439E-01  2.826286E-30  6.389174E-26  1.549634E-24  1.773199E-23  2.150587E-22  2.636321E-23  1.266721E-22  4.053423E-23
    441  3.094680949786E-01  2.894665E-30  8.929950E-26  2.096441E-24  2.405108E-23  2.940442E-22  3.548512E-23  1.739685E-22  5.538153E-23
    442  3.127856926026E-01  2.140120E-30  1.219716E-25  2.779097E-24  3.192885E-23  3.931893E-22  4.677433E-23  2.336548E-22  7.404378E-23
    443  3.178598433803E-01  3.787878E-30  1.963030E-25  4.277477E-24  4.916605E-23  6.119053E-22  7.125378E-23  3.662481E-22  1.153126E-22
    444  3.224504526026E-01  3.928751E-30  3.018448E-25  6.324891E-24  7.260210E-23  9.118481E-22  1.042069E-22  5.495633E-22  1.721051E-22
    445  3.266870398371E-01  3.809478E-30  4.491527E-25  9.088691E-24  1.040525E-22  1.317349E-21  1.480342E-22  7.992943E-22  2.491821E-22
    446  3.305577136787E-01  3.320779E-30  6.463146E-25  1.268148E-23  1.446743E-22  1.844463E-21  2.041842E-22  1.126263E-21  3.497842E-22
    447  3.362681054783E-01  4.827592E-30  1.107961E-24  2.081686E-23  2.358322E-22  3.036010E-21  3.289653E-22  1.872003E-21  5.784683E-22
    448  3.414589872690E-01  4.247942E-30  1.814008E-24  3.283950E-23  3.690370E-22  4.790250E-21  5.093784E-22  2.980907E-21  9.174360E-22
    449  3.462773530350E-01  4.099385E-30  2.875456E-24  5.039748E-23  5.613655E-22  7.339342E-21  7.673695E-22  4.607220E-21  1.413323E-21
    450  3.508856189623E-01  3.885808E-30  4.480905E-24  7.629625E-23  8.418004E-22  1.107710E-20  1.140169E-21  7.012847E-21  2.145361E-21
    451  3.552628710565E-01  3.836089E-30  6.848935E-24  1.136745E-22  1.241866E-21  1.643608E-20  1.667479E-21  1.049066E-20  3.201946E-21
    452  3.595141079779E-01  3.653706E-30  1.036989E-23  1.682112E-22  1.818844E-21  2.419971E-20  2.421775E-21  1.556913E-20  4.742776E-21
    453  3.636744849418E-01  3.549056E-30  1.560358E-23  2.479549E-22  2.652722E-21  3.546644E-20  3.503284E-21  2.299560E-20  6.993567E-21
    454  3.676260234901E-01  3.441012E-30  2.305753E-23  3.599578E-22  3.810590E-21  5.116908E-20  4.993549E-21  3.342111E-20  1.015057E-20
    455  3.714655117309E-01  4.036055E-30  3.377167E-23  5.190974E-22  5.437487E-21  7.330709E-20  7.072133E-21  4.821974E-20  1.462878E-20
    456  3.752653942304E-01  3.266874E-30  4.937428E-23  7.486423E-22  7.758308E-21  1.049864E-19  1.001592E-20  6.953502E-20  2.107554E-20
    457  3.809506426681E-01  5.848404E-30  8.748188E-23  1.303974E-21  1.329502E-20  1.808450E-19  1.697388E-20  1.209888E-19  3.662951E-20
    458  3.865190953769E-01  7.333755E-30  1.538606E-22  2.264402E-21  2.271663E-20  3.104433E-19  2.868751E-20  2.096720E-19  6.342710E-20
    459  3.928522091207E-01  1.532183E-29  2.938862E-22  4.284555E-21  4.220167E-20  5.795130E-19  5.263307E-20  3.954231E-19  1.195433E-19
    460  3.991093841216E-01  3.644076E-29  5.598672E-22  8.131215E-21  7.867206E-20  1.085002E-18  9.690719E-20  7.473246E-19  2.258478E-19
    461  4.054183851758E-01  9.747922E-29  1.077619E-21  1.568116E-20  1.490935E-19  2.064368E-18  1.813452E-19  1.434220E-18  4.333613E-19
    462  4.147392755742E-01  4.449045E-28  2.862954E-21  4.225235E-20  3.918736E-19  5.454370E-18  4.677063E-19  3.831406E-18  1.157724E-18
    463  4.232199499949E-01  1.874259E-27  7.024853E-21  1.062877E-19  9.661351E-19  1.350421E-17  1.133134E-18  9.561586E-18  2.889614E-18
    464  4.316976825025E-01  8.046785E-27  1.738845E-20  2.730215E-19  2.437380E-18  3.419930E-17  2.808509E-18  2.435474E-17  7.361313E-18
    465  4.393401554526E-01  3.074762E-26  3.969882E-20  6.519129E-19  5.730454E-18  8.066472E-17  6.497654E-18  5.763417E-17  1.742193E-17
    466  4.465935084243E-01  1.121330E-25  8.745225E-20  1.513205E-18  1.313935E-17  1.854978E-16  1.467224E-17  1.327158E-16  4.011568E-17
    467  4.537106765818E-01  4.086187E-25  1.911133E-19  3.517257E-18  3.019343E-17  4.274657E-16  3.321620E-17  3.057399E-16  9.239582E-17
    468  4.602314649238E-01  1.363655E-24  3.934118E-19  7.730267E-18  6.572170E-17  9.328659E-16  7.133160E-17  6.661016E-16  2.012239E-16
    469  4.709552966107E-01  1.033257E-23  1.305040E-18  2.911180E-17  2.438429E-16  3.476209E-15  2.590221E-16  2.468522E-15  7.449484E-16
    470  4.769745726746E-01  3.306620E-23  2.574055E-18  6.234669E-17  5.176621E-16  7.398775E-15  5.436036E-16  5.230559E-15  1.577127E-15
    471  4.828178172001E-01  1.039666E-22  4.998684E-18  1.321172E-16  1.087029E-15  1.557680E-14  1.129421E-15  1.095505E-14  3.299822E-15
    472  4.927188450138E-01  7.519621E-22  1.552843E-17  4.838466E-16  3.910465E-15  5.629408E-14  3.996124E-15  3.917997E-14  1.177608E-14
    473  5.000000000000E-01  3.326166E-21  3.597438E-17  1.282027E-15  1.018635E-14  1.471893E-13  1.029890E-14  1.015481E-13  3.045973E-14
