 *                                      
 * expansion:  temp0=  1.000E+10 den0=  3.000E+06 temp_stop=  1.000E+07
 *          time                os214         os215         os216         os217         os218         os219         os220         os221
      1  0.000000000000E+00  1.000000E-30  1.000000E-30  1.000000E-30  1.000000E-30  1.000000E-30  1.000000E-30  1.000000E-30  1.000000E-30
      2  1.000000000000E-16  1.000000E-30  1.000012E-30  1.000000E-30  1.000011E-30  1.000001E-30  1.000011E-30  1.000002E-30  1.000009E-30
      3  6.264265632874E-16  1.000000E-30  1.000078E-30  1.000000E-30  1.000067E-30  1.000008E-30  1.000071E-30  1.000013E-30  1.000058E-30
      4  2.206990590178E-15  1.000000E-30  1.000275E-30  1.000000E-30  1.000237E-30  1.000030E-30  1.000249E-30  1.000047E-30  1.000204E-30
      5  6.425069294186E-15  1.000000E-30  1.000798E-30  1.000002E-30  1.000690E-30  1.000090E-30  1.000724E-30  1.000141E-30  1.000594E-30
      6  1.724777641531E-14  1.000000E-30  1.002134E-30  1.000034E-30  1.001851E-30  1.000270E-30  1.001945E-30  1.000409E-30  1.001583E-30
      7  4.527785414179E-14  1.000044E-30  1.005545E-30  1.000299E-30  1.004858E-30  1.000892E-30  1.005108E-30  1.001268E-30  1.004081E-30
      8  1.231582592127E-13  1.001368E-30  1.014693E-30  1.002293E-30  1.013208E-30  1.003675E-30  1.013889E-30  1.004766E-30  1.010566E-30
      9  4.001734798240E-13  1.017359E-30  1.044445E-30  1.020377E-30  1.042891E-30  1.022302E-30  1.044185E-30  1.026171E-30  1.028996E-30
     10  1.150918682670E-12  1.095044E-30  1.113274E-30  1.099645E-30  1.118512E-30  1.090518E-30  1.109792E-30  1.099528E-30  1.055579E-30
     11  2.802808442389E-12  1.217954E-30  1.208504E-30  1.216966E-30  1.218135E-30  1.172981E-30  1.172353E-30  1.181875E-30  1.069838E-30
     12  6.912921996243E-12  1.263979E-30  1.250090E-30  1.255048E-30  1.254350E-30  1.194750E-30  1.188823E-30  1.201138E-30  1.071801E-30
     13  1.659368270033E-11  1.284402E-30  1.231747E-30  1.301428E-30  1.232703E-30  1.168241E-30  1.166193E-30  1.178701E-30  1.076269E-30
     14  1.134012897413E-10  1.343160E-30  1.361099E-30  1.331826E-30  1.337021E-30  1.119675E-30  1.152364E-30  1.089915E-30  1.000000E-30
     15  1.081477360150E-09  1.000000E-30  1.000000E-30  1.000000E-30  1.000000E-30  1.000000E-30  1.000000E-30  1.000000E-30  1.000000E-30
     16  1.076223806424E-08  1.000000E-30  1.000000E-30  1.000000E-30  1.000000E-30  1.000000E-30  1.000000E-30  1.000000E-30  1.000000E-30
     17  6.834096797002E-08  1.000000E-30  1.000000E-30  1.000000E-30  1.000000E-30  1.000000E-30  1.000000E-30  1.000000E-30  1.000000E-30
     18  2.542122411654E-07  1.000000E-30  1.000000E-30  1.000000E-30  1.000000E-30  1.000000E-30  1.000000E-30  1.000000E-30  1.000000E-30
     19  7.007518887657E-07  1.000000E-30  1.000000E-30  1.000000E-30  1.000000E-30  1.000000E-30  1.000000E-30  1.000000E-30  1.000000E-30
     20  1.724661805125E-06  1.000000E-30  1.000000E-30  1.000000E-30  1.000000E-30  1.000000E-30  1.000000E-30  1.000000E-30  1.000000E-30
     21  4.267664185819E-06  1.000000E-30  1.000000E-30  1.000000E-30  1.000000E-30  1.000000E-30  1.000000E-30  1.000000E-30  1.000000E-30
     22  1.786211798807E-05  1.000000E-30  1.000000E-30  1.000000E-30  1.000000E-30  1.000000E-30  1.000000E-30  1.000000E-30  1.000000E-30
     23  6.929007850093E-05  1.000000E-30  1.000000E-30  1.000000E-30  1.000000E-30  1.000000E-30  1.000000E-30  1.000000E-30  1.000000E-30
     24  5.835696836295E-04  1.000000E-30  1.000000E-30  1.000000E-30  1.000000E-30  1.000000E-30  1.000000E-30  1.000000E-30  1.000000E-30
     25  1.496090518789E-03  1.000000E-30  1.000000E-30  1.000000E-30  1.000000E-30  1.000000E-30  1.000000E-30  1.000000E-30  1.000000E-30
     26  2.379765156362E-03  1.000000E-30  1.000000E-30  1.000000E-30  1.000000E-30  1.000000E-30  1.000000E-30  1.000000E-30  1.000000E-30
     27  3.772948503579E-03  1.000000E-30  1.000000E-30  1.000000E-30  1.000000E-30  1.000000E-30  1.000000E-30  1.000000E-30  1.000000E-30
     28  4.957278025650E-03  1.000000E-30  1.000000E-30  1.000000E-30  1.000000E-30  1.000000E-30  1.000000E-30  1.000000E-30  1.000000E-30
     29  5.758110286319E-03  1.000000E-30  1.000000E-30  1.000000E-30  1.000000E-30  1.000000E-30  1.000000E-30  1.000000E-30  1.000000E-30
     30  6.636115041812E-03  1.000000E-30  1.000000E-30  1.000000E-30  1.000000E-30  1.000000E-30  1.000000E-30  1.000000E-30  1.000000E-30
     31  7.490864585256E-03  1.000000E-30  1.000000E-30  1.000000E-30  1.000000E-30  1.000000E-30  1.000000E-30  1.000000E-30  1.000000E-30
     32  8.026631019591E-03  1.000000E-30  1.000000E-30  1.000000E-30  1.000000E-30  1.000000E-30  1.000000E-30  1.000000E-30  1.000000E-30
     33  8.451616658664E-03  1.000000E-30  1.000000E-30  1.000000E-30  1.000000E-30  1.000000E-30  1.000000E-30  1.000000E-30  1.000000E-30
     34  9.803471762980E-03  1.000000E-30  1.000000E-30  1.000000E-30  1.000000E-30  1.000000E-30  1.000000E-30  1.000000E-30  1.000000E-30
     35  1.116687552369E-02  1.000000E-30  1.000000E-30  1.000000E-30  1.000000E-30  1.000000E-30  1.000000E-30  1.000000E-30  1.000000E-30
     36  1.219012310682E-02  1.000000E-30  1.000000E-30  1.000000E-30  1.000000E-30  1.000000E-30  1.000000E-30  1.000000E-30  1.000000E-30
     37  1.314647137106E-02  1.000000E-30  1.000000E-30  1.000000E-30  1.000000E-30  1.000000E-30  1.000000E-30  1.000000E-30  1.000000E-30
     38  1.431720408173E-02  1.000000E-30  1.000000E-30  1.000000E-30  1.000000E-30  1.000000E-30  1.000000E-30  1.000000E-30  1.000000E-30
     39  1.545287753035E-02  1.000000E-30  1.000000E-30  1.000000E-30  1.000000E-30  1.000000E-30  1.000000E-30  1.000000E-30  1.000000E-30
     40  1.716820108076E-02  1.000000E-30  1.000000E-30  1.000000E-30  1.000000E-30  1.000000E-30  1.000000E-30  1.000000E-30  1.000000E-30
     41  1.871872199221E-02  1.000000E-30  1.000000E-30  1.000000E-30  1.000000E-30  1.000000E-30  1.000000E-30  1.000000E-30  1.000000E-30
     42  2.131412024987E-02  1.000000E-30  1.000000E-30  1.000000E-30  1.000000E-30  1.000000E-30  1.000000E-30  1.000000E-30  1.000000E-30
     43  2.288535686070E-02  1.000000E-30  1.000000E-30  1.000000E-30  1.000000E-30  1.000000E-30  1.000000E-30  1.000000E-30  1.000000E-30
     44  2.437102778700E-02  1.000000E-30  1.000000E-30  1.000000E-30  1.000000E-30  1.000000E-30  1.000000E-30  1.000000E-30  1.000000E-30
     45  2.666254430666E-02  1.000000E-30  1.000000E-30  1.000000E-30  1.000000E-30  1.000000E-30  1.000000E-30  1.000000E-30  1.000000E-30
     46  2.807329513827E-02  1.000000E-30  1.000000E-30  1.000000E-30  1.000000E-30  1.000000E-30  1.000000E-30  1.000000E-30  1.000000E-30
     47  2.946719119355E-02  1.000000E-30  1.000000E-30  1.000000E-30  1.000000E-30  1.000000E-30  1.000000E-30  1.000000E-30  1.000000E-30
     48  2.982466835475E-02  1.000000E-30  1.000000E-30  1.000000E-30  1.000000E-30  1.000000E-30  1.000000E-30  1.000000E-30  1.000000E-30
     49  3.017238950627E-02  1.000000E-30  1.000000E-30  1.000000E-30  1.000000E-30  1.000000E-30  1.000000E-30  1.000000E-30  1.000000E-30
     50  3.052509122072E-02  1.000000E-30  1.000000E-30  1.000000E-30  1.000000E-30  1.000000E-30  1.000000E-30  1.000000E-30  1.000000E-30
     51  3.066477686677E-02  1.000000E-30  1.000000E-30  1.000000E-30  1.000000E-30  1.000000E-30  1.000000E-30  1.000000E-30  1.000000E-30
     52  3.080037159611E-02  1.000000E-30  1.000000E-30  1.000000E-30  1.000000E-30  1.000000E-30  1.000000E-30  1.000000E-30  1.000000E-30
     53  3.111325257314E-02  1.000000E-30  1.000000E-30  1.000000E-30  1.000000E-30  1.000000E-30  1.000000E-30  1.000000E-30  1.000000E-30
     54  3.147800645819E-02  1.000000E-30  1.000000E-30  1.000000E-30  1.000000E-30  1.000000E-30  1.000000E-30  1.000000E-30  1.000000E-30
     55  3.181357346897E-02  1.000000E-30  1.000000E-30  1.000000E-30  1.000000E-30  1.000000E-30  1.000000E-30  1.000000E-30  1.000000E-30
     56  3.217197145871E-02  1.000000E-30  1.000000E-30  1.000000E-30  1.000000E-30  1.000000E-30  1.000000E-30  1.000000E-30  1.000000E-30
     57  3.249951277145E-02  1.000000E-30  1.000000E-30  1.000000E-30  1.000000E-30  1.000000E-30  1.000000E-30  1.000000E-30  1.000000E-30
     58  3.262595809504E-02  1.000000E-30  1.000000E-30  1.000000E-30  1.000000E-30  1.000000E-30  1.000000E-30  1.000000E-30  1.000000E-30
     59  3.272641576722E-02  1.000000E-30  1.000000E-30  1.000000E-30  1.000000E-30  1.000000E-30  1.000000E-30  1.000000E-30  1.000000E-30
     60  3.304841700500E-02  1.000000E-30  1.000000E-30  1.000000E-30  1.000000E-30  1.000000E-30  1.000000E-30  1.000000E-30  1.000000E-30
     61  3.362823507679E-02  1.000000E-30  1.000000E-30  1.000000E-30  1.000000E-30  1.000000E-30  1.000000E-30  1.000000E-30  1.000000E-30
     62  3.417743618412E-02  1.000000E-30  1.000000E-30  1.000000E-30  1.000000E-30  1.000000E-30  1.000000E-30  1.000000E-30  1.000000E-30
     63  3.448472684867E-02  1.000000E-30  1.000000E-30  1.000000E-30  1.000000E-30  1.000000E-30  1.000000E-30  1.000000E-30  1.000000E-30
     64  3.459225947862E-02  1.000000E-30  1.000000E-30  1.000000E-30  1.000000E-30  1.000000E-30  1.000000E-30  1.000000E-30  1.000000E-30
     65  3.468161085917E-02  1.000000E-30  1.000000E-30  1.000000E-30  1.000000E-30  1.000000E-30  1.000000E-30  1.000000E-30  1.000000E-30
     66  3.501586344154E-02  1.000000E-30  1.000000E-30  1.000000E-30  1.000000E-30  1.000000E-30  1.000000E-30  1.000000E-30  1.000000E-30
     67  3.563385967804E-02  1.000000E-30  1.000000E-30  1.000000E-30  1.000000E-30  1.000000E-30  1.000000E-30  1.000000E-30  1.000000E-30
     68  3.619390900501E-02  1.000000E-30  1.000000E-30  1.000000E-30  1.000000E-30  1.000000E-30  1.000000E-30  1.000000E-30  1.000000E-30
     69  3.661379630041E-02  1.000000E-30  1.000000E-30  1.000000E-30  1.000000E-30  1.000000E-30  1.000000E-30  1.000000E-30  1.000000E-30
     70  3.704099468238E-02  1.000000E-30  1.000000E-30  1.000000E-30  1.000000E-30  1.000000E-30  1.000000E-30  1.000000E-30  1.000000E-30
     71  3.731378163516E-02  1.000000E-30  1.000000E-30  1.000000E-30  1.000000E-30  1.000000E-30  1.000000E-30  1.000000E-30  1.000000E-30
     72  3.757630769329E-02  1.000000E-30  1.000000E-30  1.000000E-30  1.000000E-30  1.000000E-30  1.000000E-30  1.000000E-30  1.000000E-30
     73  3.788075418501E-02  1.000000E-30  1.000000E-30  1.000000E-30  1.000000E-30  1.000000E-30  1.000000E-30  1.000000E-30  1.000000E-30
     74  3.819794660071E-02  1.000000E-30  1.000000E-30  1.000000E-30  1.000000E-30  1.000000E-30  1.000000E-30  1.000000E-30  1.000000E-30
     75  3.838080203158E-02  1.000000E-30  1.000000E-30  1.000000E-30  1.000000E-30  1.000000E-30  1.000000E-30  1.000000E-30  1.000000E-30
     76  3.859219912978E-02  1.000000E-30  1.000000E-30  1.000000E-30  1.000000E-30  1.000000E-30  1.000000E-30  1.000000E-30  1.000000E-30
     77  3.884096228080E-02  1.000000E-30  1.000000E-30  1.000000E-30  1.000000E-30  1.000000E-30  1.000000E-30  1.000000E-30  1.000000E-30
     78  3.907668434759E-02  1.000000E-30  1.000000E-30  1.000000E-30  1.000000E-30  1.000000E-30  1.000000E-30  1.000000E-30  1.000000E-30
     79  3.934936577490E-02  1.000000E-30  1.000000E-30  1.000000E-30  1.000000E-30  1.000000E-30  1.000000E-30  1.000000E-30  1.000000E-30
     80  3.961640452516E-02  1.000000E-30  1.000000E-30  1.000000E-30  1.000000E-30  1.000000E-30  1.000000E-30  1.000000E-30  1.000000E-30
     81  3.991996766101E-02  1.000000E-30  1.000000E-30  1.000000E-30  1.000000E-30  1.000000E-30  1.000000E-30  1.000000E-30  1.000000E-30
     82  4.019473378510E-02  1.000000E-30  1.000000E-30  1.000000E-30  1.000000E-30  1.000000E-30  1.000000E-30  1.000000E-30  1.000000E-30
     83  4.046928694587E-02  1.000000E-30  1.000000E-30  1.000000E-30  1.000000E-30  1.000000E-30  1.000000E-30  1.000000E-30  1.000000E-30
     84  4.074955599116E-02  1.000000E-30  1.000000E-30  1.000000E-30  1.000000E-30  1.000000E-30  1.000000E-30  1.000000E-30  1.000000E-30
     85  4.099011663524E-02  1.000000E-30  1.000000E-30  1.000000E-30  1.000000E-30  1.000000E-30  1.000000E-30  1.000000E-30  1.000000E-30
     86  4.118445936105E-02  1.000000E-30  1.000000E-30  1.000000E-30  1.000000E-30  1.000000E-30  1.000000E-30  1.000000E-30  1.000000E-30
     87  4.137235583218E-02  1.000000E-30  1.000000E-30  1.000000E-30  1.000000E-30  1.000000E-30  1.000000E-30  1.000000E-30  1.000000E-30
     88  4.152714488067E-02  1.000000E-30  1.000000E-30  1.000000E-30  1.000000E-30  1.000000E-30  1.000000E-30  1.000000E-30  1.000000E-30
     89  4.165981986900E-02  1.000000E-30  1.000000E-30  1.000000E-30  1.000000E-30  1.000000E-30  1.000000E-30  1.000000E-30  1.000000E-30
     90  4.188596337322E-02  1.000000E-30  1.000000E-30  1.000000E-30  1.000000E-30  1.000000E-30  1.000000E-30  1.000000E-30  1.000000E-30
     91  4.208159634323E-02  1.000000E-30  1.000000E-30  1.000000E-30  1.000000E-30  1.000000E-30  1.000000E-30  1.000000E-30  1.000000E-30
     92  4.230932596557E-02  1.000000E-30  1.000000E-30  1.000000E-30  1.000000E-30  1.000000E-30  1.000000E-30  1.000000E-30  1.000000E-30
     93  4.251598135750E-02  1.000000E-30  1.000000E-30  1.000000E-30  1.000000E-30  1.000000E-30  1.000000E-30  1.000000E-30  1.000000E-30
     94  4.274368410830E-02  1.000000E-30  1.000000E-30  1.000000E-30  1.000000E-30  1.000000E-30  1.000000E-30  1.000000E-30  1.000000E-30
     95  4.294191711445E-02  1.000000E-30  1.000000E-30  1.000000E-30  1.000000E-30  1.000000E-30  1.000000E-30  1.000000E-30  1.000000E-30
     96  4.316569238790E-02  1.000000E-30  1.000000E-30  1.000000E-30  1.000000E-30  1.000000E-30  1.000000E-30  1.000000E-30  1.000000E-30
     97  4.339365876136E-02  1.000000E-30  1.000000E-30  1.000000E-30  1.000000E-30  1.000000E-30  1.000000E-30  1.000000E-30  1.000000E-30
     98  4.362382833621E-02  1.000000E-30  1.000000E-30  1.000000E-30  1.000000E-30  1.000000E-30  1.000000E-30  1.000000E-30  1.000000E-30
     99  4.384703699487E-02  1.000000E-30  1.000000E-30  1.000000E-30  1.000000E-30  1.000000E-30  1.000000E-30  1.000000E-30  1.000000E-30
    100  4.408801045744E-02  1.000000E-30  1.000000E-30  1.000000E-30  1.000000E-30  1.000000E-30  1.000000E-30  1.000000E-30  1.000000E-30
    101  4.430336182063E-02  1.000000E-30  1.000000E-30  1.000000E-30  1.000000E-30  1.000000E-30  1.000000E-30  1.000000E-30  1.000000E-30
    102  4.453208602613E-02  1.000000E-30  1.000000E-30  1.000000E-30  1.000000E-30  1.000000E-30  1.000000E-30  1.000000E-30  1.000000E-30
    103  4.474836808964E-02  1.000000E-30  1.000000E-30  1.000000E-30  1.000000E-30  1.000000E-30  1.000000E-30  1.000000E-30  1.000000E-30
    104  4.497736119052E-02  1.000000E-30  1.000000E-30  1.000000E-30  1.000000E-30  1.000000E-30  1.000000E-30  1.000000E-30  1.000000E-30
    105  4.517199675598E-02  1.000000E-30  1.000000E-30  1.000000E-30  1.000000E-30  1.000000E-30  1.000000E-30  1.000000E-30  1.000000E-30
    106  4.536038532241E-02  1.000000E-30  1.000000E-30  1.000000E-30  1.000000E-30  1.000000E-30  1.000000E-30  1.000000E-30  1.000000E-30
    107  4.552484255766E-02  1.000000E-30  1.000000E-30  1.000000E-30  1.000000E-30  1.000000E-30  1.000000E-30  1.000000E-30  1.000000E-30
    108  4.581275722245E-02  1.000000E-30  1.000000E-30  1.000000E-30  1.000000E-30  1.000000E-30  1.000000E-30  1.000000E-30  1.000000E-30
    109  4.603616864208E-02  1.000000E-30  1.000000E-30  1.000000E-30  1.000000E-30  1.000000E-30  1.000000E-30  1.000000E-30  1.000000E-30
    110  4.624194314299E-02  1.000000E-30  1.000000E-30  1.000000E-30  1.000000E-30  1.000000E-30  1.000000E-30  1.000000E-30  1.000000E-30
    111  4.641297951594E-02  1.000000E-30  1.000000E-30  1.000000E-30  1.000000E-30  1.000000E-30  1.000000E-30  1.000000E-30  1.000000E-30
    112  4.656990459822E-02  1.000000E-30  1.000000E-30  1.000000E-30  1.000000E-30  1.000000E-30  1.000000E-30  1.000000E-30  1.000000E-30
    113  4.671253119976E-02  1.000000E-30  1.000000E-30  1.000000E-30  1.000000E-30  1.000000E-30  1.000000E-30  1.000000E-30  1.000000E-30
    114  4.684580987606E-02  1.000000E-30  1.000000E-30  1.000000E-30  1.000000E-30  1.000000E-30  1.000000E-30  1.000000E-30  1.000000E-30
    115  4.697520204195E-02  1.000000E-30  1.000000E-30  1.000000E-30  1.000000E-30  1.000000E-30  1.000000E-30  1.000000E-30  1.000000E-30
    116  4.709649788536E-02  1.000000E-30  1.000000E-30  1.000000E-30  1.000000E-30  1.000000E-30  1.000000E-30  1.000000E-30  1.000000E-30
    117  4.721637454993E-02  1.000000E-30  1.000000E-30  1.000000E-30  1.000000E-30  1.000000E-30  1.000000E-30  1.000000E-30  1.000000E-30
    118  4.732862910872E-02  1.000000E-30  1.000000E-30  1.000000E-30  1.000000E-30  1.000000E-30  1.000000E-30  1.000000E-30  1.000000E-30
    119  4.750539400184E-02  1.000000E-30  1.000000E-30  1.000000E-30  1.000000E-30  1.000000E-30  1.000000E-30  1.000000E-30  1.000000E-30
    120  4.767210524850E-02  1.000000E-30  1.000000E-30  1.000000E-30  1.000000E-30  1.000000E-30  1.000000E-30  1.000000E-30  1.000000E-30
    121  4.783406579930E-02  1.000000E-30  1.000000E-30  1.000000E-30  1.000000E-30  1.000000E-30  1.000000E-30  1.000000E-30  1.000000E-30
    122  4.799263518131E-02  1.000000E-30  1.000000E-30  1.000000E-30  1.000000E-30  1.000000E-30  1.000000E-30  1.000000E-30  1.000000E-30
    123  4.815339657435E-02  1.000000E-30  1.000000E-30  1.000000E-30  1.000000E-30  1.000000E-30  1.000000E-30  1.000000E-30  1.000000E-30
    124  4.832264594384E-02  1.000000E-30  1.000000E-30  1.000000E-30  1.000000E-30  1.000000E-30  1.000000E-30  1.000000E-30  1.000000E-30
    125  4.849826454798E-02  1.000000E-30  1.000000E-30  1.000000E-30  1.000000E-30  1.000000E-30  1.000000E-30  1.000000E-30  1.000000E-30
    126  4.867786870736E-02  1.000000E-30  1.000000E-30  1.000000E-30  1.000000E-30  1.000000E-30  1.000000E-30  1.000000E-30  1.000000E-30
    127  4.885872256535E-02  1.000000E-30  1.000000E-30  1.000000E-30  1.000000E-30  1.000000E-30  1.000000E-30  1.000000E-30  1.000000E-30
    128  4.903755607841E-02  1.000000E-30  1.000000E-30  1.000000E-30  1.000000E-30  1.000000E-30  1.000000E-30  1.000000E-30  1.000000E-30
    129  4.921259737621E-02  1.000000E-30  1.000000E-30  1.000000E-30  1.000000E-30  1.000000E-30  1.000000E-30  1.000000E-30  1.000000E-30
    130  4.938368810460E-02  1.000000E-30  1.000000E-30  1.000000E-30  1.000000E-30  1.000000E-30  1.000000E-30  1.000000E-30  1.000000E-30
    131  4.955132280349E-02  1.000000E-30  1.000000E-30  1.000000E-30  1.000000E-30  1.000000E-30  1.000000E-30  1.000000E-30  1.000000E-30
    132  4.971624312404E-02  1.000000E-30  1.000000E-30  1.000000E-30  1.000000E-30  1.000000E-30  1.000000E-30  1.000000E-30  1.000000E-30
    133  4.987811857735E-02  1.000000E-30  1.000000E-30  1.000000E-30  1.000000E-30  1.000000E-30  1.000000E-30  1.000000E-30  1.000000E-30
    134  5.003799836445E-02  1.000000E-30  1.000000E-30  1.000000E-30  1.000000E-30  1.000000E-30  1.000000E-30  1.000000E-30  1.000000E-30
    135  5.019682549602E-02  1.000000E-30  1.000000E-30  1.000000E-30  1.000000E-30  1.000000E-30  1.000000E-30  1.000000E-30  1.000000E-30
    136  5.035511419132E-02  1.000000E-30  1.000000E-30  1.000000E-30  1.000000E-30  1.000000E-30  1.000000E-30  1.000000E-30  1.000000E-30
    137  5.051299755300E-02  1.000000E-30  1.000000E-30  1.000000E-30  1.000000E-30  1.000000E-30  1.000000E-30  1.000000E-30  1.000000E-30
    138  5.067010535678E-02  1.000000E-30  1.000000E-30  1.000000E-30  1.000000E-30  1.000000E-30  1.000000E-30  1.000000E-30  1.000000E-30
    139  5.082726902819E-02  1.000000E-30  1.000000E-30  1.000000E-30  1.000000E-30  1.000000E-30  1.000000E-30  1.000000E-30  1.000000E-30
    140  5.098506829486E-02  1.000000E-30  1.000000E-30  1.000000E-30  1.000000E-30  1.000000E-30  1.000000E-30  1.000000E-30  1.000000E-30
    141  5.114361869269E-02  1.000000E-30  1.000000E-30  1.000000E-30  1.000000E-30  1.000000E-30  1.000000E-30  1.000000E-30  1.000000E-30
    142  5.130328078870E-02  1.000000E-30  1.000000E-30  1.000000E-30  1.000000E-30  1.000000E-30  1.000000E-30  1.000000E-30  1.000000E-30
    143  5.146205644840E-02  1.000000E-30  1.000000E-30  1.000000E-30  1.000000E-30  1.000000E-30  1.000000E-30  1.000000E-30  1.000000E-30
    144  5.162089365231E-02  1.000000E-30  1.000000E-30  1.000000E-30  1.000000E-30  1.000000E-30  1.000000E-30  1.000000E-30  1.000000E-30
    145  5.177902725711E-02  1.000000E-30  1.000000E-30  1.000000E-30  1.000000E-30  1.000000E-30  1.000000E-30  1.000000E-30  1.000000E-30
    146  5.193558292952E-02  1.000000E-30  1.000000E-30  1.000000E-30  1.000000E-30  1.000000E-30  1.000000E-30  1.000000E-30  1.000000E-30
    147  5.207655208218E-02  1.000000E-30  1.000000E-30  1.000000E-30  1.000000E-30  1.000000E-30  1.000000E-30  1.000000E-30  1.000000E-30
    148  5.220437120847E-02  1.000000E-30  1.000000E-30  1.000000E-30  1.000000E-30  1.000000E-30  1.000000E-30  1.000000E-30  1.000000E-30
    149  5.240275279905E-02  1.000000E-30  1.000000E-30  1.000000E-30  1.000000E-30  1.000000E-30  1.000000E-30  1.000000E-30  1.000000E-30
    150  5.258707116153E-02  1.000000E-30  1.000000E-30  1.000000E-30  1.000000E-30  1.000000E-30  1.000000E-30  1.000000E-30  1.000000E-30
    151  5.276353482958E-02  1.000000E-30  1.000000E-30  1.000000E-30  1.000000E-30  1.000000E-30  1.000000E-30  1.000000E-30  1.000000E-30
    152  5.293536770993E-02  1.000000E-30  1.000000E-30  1.000000E-30  1.000000E-30  1.000000E-30  1.000000E-30  1.000000E-30  1.000000E-30
    153  5.310288915571E-02  1.000000E-30  1.000000E-30  1.000000E-30  1.000000E-30  1.000000E-30  1.000000E-30  1.000000E-30  1.000000E-30
    154  5.325369291828E-02  1.000000E-30  1.000000E-30  1.000000E-30  1.000000E-30  1.000000E-30  1.000000E-30  1.000000E-30  1.000000E-30
    155  5.339308966526E-02  1.000000E-30  1.000000E-30  1.000000E-30  1.000000E-30  1.000000E-30  1.000000E-30  1.000000E-30  1.000000E-30
    156  5.362726198018E-02  1.000000E-30  1.000000E-30  1.000000E-30  1.000000E-30  1.000000E-30  1.000000E-30  1.000000E-30  1.000000E-30
    157  5.383816121000E-02  1.000000E-30  1.000000E-30  1.000000E-30  1.000000E-30  1.000000E-30  1.000000E-30  1.000000E-30  1.000000E-30
    158  5.403768730975E-02  1.000000E-30  1.000000E-30  1.000000E-30  1.000000E-30  1.000000E-30  1.000000E-30  1.000000E-30  1.000000E-30
    159  5.422986619970E-02  1.000000E-30  1.000000E-30  1.000000E-30  1.000000E-30  1.000000E-30  1.000000E-30  1.000000E-30  1.000000E-30
    160  5.440569294967E-02  1.000000E-30  1.000000E-30  1.000000E-30  1.000000E-30  1.000000E-30  1.000000E-30  1.000000E-30  1.000000E-30
    161  5.456994612052E-02  1.000000E-30  1.000000E-30  1.000000E-30  1.000000E-30  1.000000E-30  1.000000E-30  1.000000E-30  1.000000E-30
    162  5.485681963417E-02  1.000000E-30  1.000000E-30  1.000000E-30  1.000000E-30  1.000000E-30  1.000000E-30  1.000000E-30  1.000000E-30
    163  5.511708850657E-02  1.000000E-30  1.000000E-30  1.000000E-30  1.000000E-30  1.000000E-30  1.000000E-30  1.000000E-30  1.000000E-30
    164  5.536560227933E-02  1.000000E-30  1.000000E-30  1.000000E-30  1.000000E-30  1.000000E-30  1.000000E-30  1.000000E-30  1.000000E-30
    165  5.559867087093E-02  1.000000E-30  1.000000E-30  1.000000E-30  1.000000E-30  1.000000E-30  1.000000E-30  1.000000E-30  1.000000E-30
    166  5.582344501454E-02  1.000000E-30  1.000000E-30  1.000000E-30  1.000000E-30  1.000000E-30  1.000000E-30  1.000000E-30  1.000000E-30
    167  5.608267729631E-02  1.000000E-30  1.000000E-30  1.000000E-30  1.000000E-30  1.000000E-30  1.000000E-30  1.000000E-30  1.000000E-30
    168  5.632179590432E-02  1.000000E-30  1.000000E-30  1.000000E-30  1.000000E-30  1.000000E-30  1.000000E-30  1.000000E-30  1.000000E-30
    169  5.658568452696E-02  1.000000E-30  1.000000E-30  1.000000E-30  1.000000E-30  1.000000E-30  1.000000E-30  1.000000E-30  1.000000E-30
    170  5.682194908758E-02  1.000000E-30  1.000000E-30  1.000000E-30  1.000000E-30  1.000000E-30  1.000000E-30  1.000000E-30  1.000000E-30
    171  5.707748662895E-02  1.000000E-30  1.000000E-30  1.000000E-30  1.000000E-30  1.000000E-30  1.000000E-30  1.000000E-30  1.000000E-30
    172  5.730159219632E-02  1.000000E-30  1.000000E-30  1.000000E-30  1.000000E-30  1.000000E-30  1.000000E-30  1.000000E-30  1.000000E-30
    173  5.769211250520E-02  1.000000E-30  1.000000E-30  1.000000E-30  1.000000E-30  1.000000E-30  1.000000E-30  1.000000E-30  1.000000E-30
    174  5.804755660481E-02  1.000000E-30  1.000000E-30  1.000000E-30  1.000000E-30  1.000000E-30  1.000000E-30  1.000000E-30  1.000000E-30
    175  5.837706807704E-02  1.000000E-30  1.000000E-30  1.000000E-30  1.000000E-30  1.000000E-30  1.000000E-30  1.000000E-30  1.000000E-30
    176  5.868213309337E-02  1.000000E-30  1.000000E-30  1.000000E-30  1.000000E-30  1.000000E-30  1.000000E-30  1.000000E-30  1.000000E-30
    177  5.897372529375E-02  1.000000E-30  1.000000E-30  1.000000E-30  1.000000E-30  1.000000E-30  1.000000E-30  1.000000E-30  1.000000E-30
    178  5.927019313219E-02  1.000000E-30  1.000000E-30  1.000000E-30  1.000000E-30  1.000000E-30  1.000000E-30  1.000000E-30  1.000000E-30
    179  5.955970264735E-02  1.000000E-30  1.000000E-30  1.000000E-30  1.000000E-30  1.000000E-30  1.000000E-30  1.000000E-30  1.000000E-30
    180  5.987296131417E-02  1.000000E-30  1.000000E-30  1.000000E-30  1.000000E-30  1.000000E-30  1.000000E-30  1.000000E-30  1.000000E-30
    181  6.018239261751E-02  1.000000E-30  1.000000E-30  1.000000E-30  1.000000E-30  1.000000E-30  1.000000E-30  1.000000E-30  1.000000E-30
    182  6.051941164510E-02  1.000000E-30  1.000000E-30  1.000000E-30  1.000000E-30  1.000000E-30  1.000000E-30  1.000000E-30  1.000000E-30
    183  6.081686890997E-02  1.000000E-30  1.000000E-30  1.000000E-30  1.000000E-30  1.000000E-30  1.000000E-30  1.000000E-30  1.000000E-30
    184  6.107970107709E-02  1.000000E-30  1.000000E-30  1.000000E-30  1.000000E-30  1.000000E-30  1.000000E-30  1.000000E-30  1.000000E-30
    185  6.149099227918E-02  1.000000E-30  1.000000E-30  1.000000E-30  1.000000E-30  1.000000E-30  1.000000E-30  1.000000E-30  1.000000E-30
    186  6.184187848266E-02  1.000000E-30  1.000000E-30  1.000000E-30  1.000000E-30  1.000000E-30  1.000000E-30  1.000000E-30  1.000000E-30
    187  6.212841772032E-02  1.000000E-30  1.000000E-30  1.000000E-30  1.000000E-30  1.000000E-30  1.000000E-30  1.000000E-30  1.000000E-30
    188  6.241083345826E-02  1.000000E-30  1.000000E-30  1.000000E-30  1.000000E-30  1.000000E-30  1.000000E-30  1.000000E-30  1.000000E-30
    189  6.286334795077E-02  1.000000E-30  1.000000E-30  1.000000E-30  1.000000E-30  1.000000E-30  1.000000E-30  1.000000E-30  1.000000E-30
    190  6.324448148531E-02  1.000000E-30  1.000000E-30  1.000000E-30  1.000000E-30  1.000000E-30  1.000000E-30  1.000000E-30  1.000000E-30
    191  6.354755735680E-02  1.000000E-30  1.000000E-30  1.000000E-30  1.000000E-30  1.000000E-30  1.000000E-30  1.000000E-30  1.000000E-30
    192  6.382753282149E-02  1.000000E-30  1.000000E-30  1.000000E-30  1.000000E-30  1.000000E-30  1.000000E-30  1.000000E-30  1.000000E-30
    193  6.429792763326E-02  1.000000E-30  1.000000E-30  1.000000E-30  1.000000E-30  1.000000E-30  1.000000E-30  1.000000E-30  1.000000E-30
    194  6.470641913937E-02  1.000000E-30  1.000000E-30  1.000000E-30  1.000000E-30  1.000000E-30  1.000000E-30  1.000000E-30  1.000000E-30
    195  6.514351188605E-02  1.000000E-30  1.000000E-30  1.000000E-30  1.000000E-30  1.000000E-30  1.000000E-30  1.000000E-30  1.000000E-30
    196  6.551961572666E-02  1.000000E-30  1.000000E-30  1.000000E-30  1.000000E-30  1.000000E-30  1.000000E-30  1.000000E-30  1.000000E-30
    197  6.614173306661E-02  1.000000E-30  1.000000E-30  1.000000E-30  1.000000E-30  1.000000E-30  1.000000E-30  1.000000E-30  1.000000E-30
    198  6.666431851744E-02  1.000000E-30  1.000000E-30  1.000000E-30  1.000000E-30  1.000000E-30  1.000000E-30  1.000000E-30  1.000000E-30
    199  6.714973898932E-02  1.000000E-30  1.000000E-30  1.000000E-30  1.000000E-30  1.000000E-30  1.000000E-30  1.000000E-30  1.000000E-30
    200  6.763365269933E-02  1.000000E-30  1.000000E-30  1.000000E-30  1.000000E-30  1.000000E-30  1.000000E-30  1.000000E-30  1.000000E-30
    201  6.810748363549E-02  1.000000E-30  1.000000E-30  1.000000E-30  1.000000E-30  1.000000E-30  1.000000E-30  1.000000E-30  1.000000E-30
    202  6.886988901479E-02  1.000000E-30  1.000000E-30  1.000000E-30  1.000000E-30  1.000000E-30  1.000000E-30  1.000000E-30  1.000000E-30
    203  6.932442343830E-02  1.000000E-30  1.000000E-30  1.000000E-30  1.000000E-30  1.000000E-30  1.000000E-30  1.000000E-30  1.000000E-30
    204  6.977291475786E-02  1.000000E-30  1.000000E-30  1.000000E-30  1.000000E-30  1.000000E-30  1.000000E-30  1.000000E-30  1.000000E-30
    205  7.051837306122E-02  1.000000E-30  1.000000E-30  1.000000E-30  1.000000E-30  1.000000E-30  1.000000E-30  1.000000E-30  1.000000E-30
    206  7.120724846930E-02  1.000000E-30  1.000000E-30  1.000000E-30  1.000000E-30  1.000000E-30  1.000000E-30  1.000000E-30  1.000000E-30
    207  7.185571854523E-02  1.000000E-30  1.000000E-30  1.000000E-30  1.000000E-30  1.000000E-30  1.000000E-30  1.000000E-30  1.000000E-30
    208  7.250556240022E-02  1.000000E-30  1.000000E-30  1.000000E-30  1.000000E-30  1.000000E-30  1.000000E-30  1.000000E-30  1.000000E-30
    209  7.308358088908E-02  1.000000E-30  1.000000E-30  1.000000E-30  1.000000E-30  1.000000E-30  1.000000E-30  1.000000E-30  1.000000E-30
    210  7.365083251161E-02  1.000000E-30  1.000000E-30  1.000000E-30  1.000000E-30  1.000000E-30  1.000000E-30  1.000000E-30  1.000000E-30
    211  7.420607479025E-02  1.000000E-30  1.000000E-30  1.000000E-30  1.000000E-30  1.000000E-30  1.000000E-30  1.000000E-30  1.000000E-30
    212  7.477269193766E-02  1.000000E-30  1.000000E-30  1.000000E-30  1.000000E-30  1.000000E-30  1.000000E-30  1.000000E-30  1.000000E-30
    213  7.532671922740E-02  1.000000E-30  1.000000E-30  1.000000E-30  1.000000E-30  1.000000E-30  1.000000E-30  1.000000E-30  1.000000E-30
    214  7.590819975934E-02  1.000000E-30  1.000000E-30  1.000000E-30  1.000000E-30  1.000000E-30  1.000000E-30  1.000000E-30  1.000000E-30
    215  7.648106882397E-02  1.000000E-30  1.000000E-30  1.000000E-30  1.000000E-30  1.000000E-30  1.000000E-30  1.000000E-30  1.000000E-30
    216  7.706864365518E-02  1.000000E-30  1.000000E-30  1.000000E-30  1.000000E-30  1.000000E-30  1.000000E-30  1.000000E-30  1.000000E-30
    217  7.765097184480E-02  1.000000E-30  1.000000E-30  1.000000E-30  1.000000E-30  1.000000E-30  1.000000E-30  1.000000E-30  1.000000E-30
    218  7.824188421090E-02  1.000000E-30  1.000000E-30  1.000000E-30  1.000000E-30  1.000000E-30  1.000000E-30  1.000000E-30  1.000000E-30
    219  7.883216312169E-02  1.000000E-30  1.000000E-30  1.000000E-30  1.000000E-30  1.000000E-30  1.000000E-30  1.000000E-30  1.000000E-30
    220  7.934760137230E-02  1.000000E-30  1.000000E-30  1.000000E-30  1.000000E-30  1.000000E-30  1.000000E-30  1.000000E-30  1.000000E-30
    221  7.991019390762E-02  1.000000E-30  1.000000E-30  1.000000E-30  1.000000E-30  1.000000E-30  1.000000E-30  1.000000E-30  1.000000E-30
    222  8.044081450283E-02  1.000000E-30  1.000000E-30  1.000000E-30  1.000000E-30  1.000000E-30  1.000000E-30  1.000000E-30  1.000000E-30
    223  8.103419684334E-02  1.000000E-30  1.000000E-30  1.000000E-30  1.000000E-30  1.000000E-30  1.000000E-30  1.000000E-30  1.000000E-30
    224  8.158988408622E-02  1.000000E-30  1.000000E-30  1.000000E-30  1.000000E-30  1.000000E-30  1.000000E-30  1.000000E-30  1.000000E-30
    225  8.219791245697E-02  1.000000E-30  1.000000E-30  1.000000E-30  1.000000E-30  1.000000E-30  1.000000E-30  1.000000E-30  1.000000E-30
    226  8.273529679330E-02  1.000000E-30  1.000000E-30  1.000000E-30  1.000000E-30  1.000000E-30  1.000000E-30  1.000000E-30  1.000000E-30
    227  8.327310875316E-02  1.000000E-30  1.000000E-30  1.000000E-30  1.000000E-30  1.000000E-30  1.000000E-30  1.000000E-30  1.000000E-30
    228  8.381967664174E-02  1.000000E-30  1.000000E-30  1.000000E-30  1.000000E-30  1.000000E-30  1.000000E-30  1.000000E-30  1.000000E-30
    229  8.442137901789E-02  1.000000E-30  1.000000E-30  1.000000E-30  1.000000E-30  1.000000E-30  1.000000E-30  1.000000E-30  1.000000E-30
    230  8.496109010092E-02  1.000000E-30  1.000000E-30  1.000000E-30  1.000000E-30  1.000000E-30  1.000000E-30  1.000000E-30  1.000000E-30
    231  8.556251684447E-02  1.000000E-30  1.000000E-30  1.000000E-30  1.000000E-30  1.000000E-30  1.000000E-30  1.000000E-30  1.000000E-30
    232  8.609514523980E-02  1.000000E-30  1.000000E-30  1.000000E-30  1.000000E-30  1.000000E-30  1.000000E-30  1.000000E-30  1.000000E-30
    233  8.668730402486E-02  1.000000E-30  1.000000E-30  1.000000E-30  1.000000E-30  1.000000E-30  1.000000E-30  1.000000E-30  1.000000E-30
    234  8.725638446658E-02  1.000000E-30  1.000000E-30  1.000000E-30  1.000000E-30  1.000000E-30  1.000000E-30  1.000000E-30  1.000000E-30
    235  8.784892152766E-02  1.000000E-30  1.000000E-30  1.000000E-30  1.000000E-30  1.000000E-30  1.000000E-30  1.000000E-30  1.000000E-30
    236  8.837914431516E-02  1.000000E-30  1.000000E-30  1.000000E-30  1.000000E-30  1.000000E-30  1.000000E-30  1.000000E-30  1.000000E-30
    237  8.927467123273E-02  1.000000E-30  1.000000E-30  1.000000E-30  1.000000E-30  1.000000E-30  1.000000E-30  1.000000E-30  1.000000E-30
    238  9.009385267910E-02  1.000000E-30  1.000000E-30  1.000000E-30  1.000000E-30  1.000000E-30  1.000000E-30  1.000000E-30  1.000000E-30
    239  9.088007009323E-02  1.000000E-30  1.000000E-30  1.000000E-30  1.000000E-30  1.000000E-30  1.000000E-30  1.000000E-30  1.000000E-30
    240  9.160938796651E-02  1.000000E-30  1.000000E-30  1.000000E-30  1.000000E-30  1.000000E-30  1.000000E-30  1.000000E-30  1.000000E-30
    241  9.231864750676E-02  1.000000E-30  1.000000E-30  1.000000E-30  1.000000E-30  1.000000E-30  1.000000E-30  1.000000E-30  1.000000E-30
    242  9.335415502949E-02  1.000000E-30  1.000000E-30  1.000000E-30  1.000000E-30  1.000000E-30  1.000000E-30  1.000000E-30  1.000000E-30
    243  9.429165011748E-02  1.000000E-30  1.000000E-30  1.000000E-30  1.000000E-30  1.000000E-30  1.000000E-30  1.000000E-30  1.000000E-30
    244  9.514750284226E-02  1.000000E-30  1.000000E-30  1.000000E-30  1.000000E-30  1.000000E-30  1.000000E-30  1.000000E-30  1.000000E-30
    245  9.592869681963E-02  1.000000E-30  1.000000E-30  1.000000E-30  1.000000E-30  1.000000E-30  1.000000E-30  1.000000E-30  1.000000E-30
    246  9.638259128200E-02  1.000000E-30  1.000000E-30  1.000000E-30  1.000000E-30  1.000000E-30  1.000000E-30  1.000000E-30  1.000000E-30
    247  9.686466198075E-02  1.000000E-30  1.000000E-30  1.000000E-30  1.000000E-30  1.000000E-30  1.000000E-30  1.000000E-30  1.000000E-30
    248  9.745016881397E-02  1.000000E-30  1.000000E-30  1.000000E-30  1.000000E-30  1.000000E-30  1.000000E-30  1.000000E-30  1.000000E-30
    249  9.798964068785E-02  1.000000E-30  1.000000E-30  1.000000E-30  1.000000E-30  1.000000E-30  1.000000E-30  1.000000E-30  1.000000E-30
    250  9.892639389759E-02  1.000000E-30  1.000000E-30  1.000000E-30  1.000000E-30  1.000000E-30  1.000000E-30  1.000000E-30  1.000000E-30
    251  9.977784733458E-02  1.000000E-30  1.000000E-30  1.000000E-30  1.000000E-30  1.000000E-30  1.000000E-30  1.000000E-30  1.000000E-30
    252  1.005622893962E-01  1.000000E-30  1.000000E-30  1.000000E-30  1.000000E-30  1.000000E-30  1.000000E-30  1.000000E-30  1.000000E-30
    253  1.013070552067E-01  1.000000E-30  1.000000E-30  1.000000E-30  1.000000E-30  1.000000E-30  1.000000E-30  1.000000E-30  1.000000E-30
    254  1.019791947326E-01  1.000000E-30  1.000000E-30  1.000000E-30  1.000000E-30  1.000000E-30  1.000000E-30  1.000000E-30  1.000000E-30
    255  1.025982572428E-01  1.000000E-30  1.000000E-30  1.000000E-30  1.000000E-30  1.000000E-30  1.000000E-30  1.000000E-30  1.000000E-30
    256  1.032644197032E-01  1.000000E-30  1.000000E-30  1.000000E-30  1.000000E-30  1.000000E-30  1.000000E-30  1.000000E-30  1.000000E-30
    257  1.039121745974E-01  1.000000E-30  1.000000E-30  1.000000E-30  1.000000E-30  1.000000E-30  1.000000E-30  1.000000E-30  1.000000E-30
    258  1.045193471709E-01  1.000000E-30  1.000000E-30  1.000000E-30  1.000000E-30  1.000000E-30  1.000000E-30  1.000000E-30  1.000000E-30
    259  1.051181778144E-01  1.000000E-30  1.000000E-30  1.000000E-30  1.000000E-30  1.000000E-30  1.000000E-30  1.000000E-30  1.000000E-30
    260  1.056826419982E-01  1.000000E-30  1.000000E-30  1.000000E-30  1.000000E-30  1.000000E-30  1.000000E-30  1.000000E-30  1.000000E-30
    261  1.062431336111E-01  1.000000E-30  1.000000E-30  1.000000E-30  1.000000E-30  1.000000E-30  1.000000E-30  1.000000E-30  1.000000E-30
    262  1.068146627648E-01  1.000000E-30  1.000000E-30  1.000000E-30  1.000000E-30  1.000000E-30  1.000000E-30  1.000000E-30  1.000000E-30
    263  1.073656177930E-01  1.000000E-30  1.000000E-30  1.000000E-30  1.000000E-30  1.000000E-30  1.000000E-30  1.000000E-30  1.000000E-30
    264  1.079139362418E-01  1.000000E-30  1.000000E-30  1.000000E-30  1.000000E-30  1.000000E-30  1.000000E-30  1.000000E-30  1.000000E-30
    265  1.084202130578E-01  1.000000E-30  1.000000E-30  1.000000E-30  1.000000E-30  1.000000E-30  1.000000E-30  1.000000E-30  1.000000E-30
    266  1.089957947327E-01  1.000000E-30  1.000000E-30  1.000000E-30  1.000000E-30  1.000000E-30  1.000000E-30  1.000000E-30  1.000000E-30
    267  1.095139929398E-01  1.000000E-30  1.000000E-30  1.000000E-30  1.000000E-30  1.000000E-30  1.000000E-30  1.000000E-30  1.000000E-30
    268  1.100036617482E-01  1.000000E-30  1.000000E-30  1.000000E-30  1.000000E-30  1.000000E-30  1.000000E-30  1.000000E-30  1.000000E-30
    269  1.105581599754E-01  1.000000E-30  1.000000E-30  1.000000E-30  1.000000E-30  1.000000E-30  1.000000E-30  1.000000E-30  1.000000E-30
    270  1.111738162549E-01  1.000000E-30  1.000000E-30  1.000000E-30  1.000000E-30  1.000000E-30  1.000000E-30  1.000000E-30  1.000000E-30
    271  1.117276452796E-01  1.000000E-30  1.000000E-30  1.000000E-30  1.000000E-30  1.000000E-30  1.000000E-30  1.000000E-30  1.000000E-30
    272  1.122547306619E-01  1.000000E-30  1.000000E-30  1.000000E-30  1.000000E-30  1.000000E-30  1.000000E-30  1.000000E-30  1.000000E-30
    273  1.128196390807E-01  1.000000E-30  1.000000E-30  1.000000E-30  1.000000E-30  1.000000E-30  1.000000E-30  1.000000E-30  1.000000E-30
    274  1.134172103791E-01  1.000000E-30  1.000000E-30  1.000000E-30  1.000000E-30  1.000000E-30  1.000000E-30  1.000000E-30  1.000000E-30
    275  1.139661173569E-01  1.000000E-30  1.000000E-30  1.000000E-30  1.000000E-30  1.000000E-30  1.000000E-30  1.000000E-30  1.000000E-30
    276  1.145721141816E-01  1.000000E-30  1.000000E-30  1.000000E-30  1.000000E-30  1.000000E-30  1.000000E-30  1.000000E-30  1.000000E-30
    277  1.151138636995E-01  1.000000E-30  1.000000E-30  1.000000E-30  1.000000E-30  1.000000E-30  1.000000E-30  1.000000E-30  1.000000E-30
    278  1.160623872824E-01  1.000000E-30  1.000000E-30  1.000000E-30  1.000000E-30  1.000000E-30  1.000000E-30  1.000000E-30  1.000000E-30
    279  1.166131253687E-01  1.000000E-30  1.000000E-30  1.000000E-30  1.000000E-30  1.000000E-30  1.000000E-30  1.000000E-30  1.000000E-30
    280  1.171578902390E-01  1.000000E-30  1.000000E-30  1.000000E-30  1.000000E-30  1.000000E-30  1.000000E-30  1.000000E-30  1.000000E-30
    281  1.179966344325E-01  1.000000E-30  1.000000E-30  1.000000E-30  1.000000E-30  1.000000E-30  1.000000E-30  1.000000E-30  1.000000E-30
    282  1.184626561866E-01  1.000000E-30  1.000000E-30  1.000000E-30  1.000000E-30  1.000000E-30  1.000000E-30  1.000000E-30  1.000000E-30
    283  1.189221956404E-01  1.000000E-30  1.000000E-30  1.000000E-30  1.000000E-30  1.000000E-30  1.000000E-30  1.000000E-30  1.000000E-30
    284  1.197605220964E-01  1.000000E-30  1.000000E-30  1.000000E-30  1.000000E-30  1.000000E-30  1.000000E-30  1.000000E-30  1.000000E-30
    285  1.205341475296E-01  1.000000E-30  1.000000E-30  1.000000E-30  1.000000E-30  1.000000E-30  1.000000E-30  1.000000E-30  1.000000E-30
    286  1.212540834288E-01  1.000000E-30  1.000000E-30  1.000000E-30  1.000000E-30  1.000000E-30  1.000000E-30  1.000000E-30  1.000000E-30
    287  1.219299358624E-01  1.000000E-30  1.000000E-30  1.000000E-30  1.000000E-30  1.000000E-30  1.000000E-30  1.000000E-30  1.000000E-30
    288  1.225766858039E-01  1.000000E-30  1.000000E-30  1.000000E-30  1.000000E-30  1.000000E-30  1.000000E-30  1.000000E-30  1.000000E-30
    289  1.231854533608E-01  1.000000E-30  1.000000E-30  1.000000E-30  1.000000E-30  1.000000E-30  1.000000E-30  1.000000E-30  1.000000E-30
    290  1.237219182154E-01  1.000000E-30  1.000000E-30  1.000000E-30  1.000000E-30  1.000000E-30  1.000000E-30  1.000000E-30  1.000000E-30
    291  1.242404039059E-01  1.000000E-30  1.000000E-30  1.000000E-30  1.000000E-30  1.000000E-30  1.000000E-30  1.000000E-30  1.000000E-30
    292  1.248086455930E-01  1.000000E-30  1.000000E-30  1.000000E-30  1.000000E-30  1.000000E-30  1.000000E-30  1.000000E-30  1.000000E-30
    293  1.253177247642E-01  1.000000E-30  1.000000E-30  1.000000E-30  1.000000E-30  1.000000E-30  1.000000E-30  1.000000E-30  1.000000E-30
    294  1.258810647447E-01  1.000000E-30  1.000000E-30  1.000000E-30  1.000000E-30  1.000000E-30  1.000000E-30  1.000000E-30  1.000000E-30
    295  1.264205598797E-01  1.000000E-30  1.000000E-30  1.000000E-30  1.000000E-30  1.000000E-30  1.000000E-30  1.000000E-30  1.000000E-30
    296  1.270317883483E-01  1.000000E-30  1.000000E-30  1.000000E-30  1.000000E-30  1.000000E-30  1.000000E-30  1.000000E-30  1.000000E-30
    297  1.275757308169E-01  1.000000E-30  1.000000E-30  1.000000E-30  1.000000E-30  1.000000E-30  1.000000E-30  1.000000E-30  1.000000E-30
    298  1.286048671531E-01  2.061573E-30  1.000000E-30  1.000000E-30  1.000000E-30  1.000000E-30  1.000000E-30  1.000000E-30  1.000000E-30
    299  1.290949488661E-01  3.360019E-30  1.000000E-30  1.000000E-30  1.000000E-30  1.000000E-30  1.000000E-30  1.000000E-30  1.000000E-30
    300  1.295345101683E-01  5.474259E-30  1.000000E-30  1.000000E-30  1.000000E-30  1.000000E-30  1.000000E-30  1.000000E-30  1.000000E-30
    301  1.303954523490E-01  1.421741E-29  1.000000E-30  1.000000E-30  1.000000E-30  1.000000E-30  1.000000E-30  1.000000E-30  1.000000E-30
    302  1.308549873199E-01  2.370988E-29  1.336658E-30  1.000000E-30  1.000000E-30  1.000000E-30  1.000000E-30  1.000000E-30  1.000000E-30
    303  1.312776310019E-01  3.793808E-29  2.180446E-30  1.000000E-30  1.000000E-30  1.000000E-30  1.000000E-30  1.000000E-30  1.000000E-30
    304  1.320787884157E-01  9.236295E-29  5.671248E-30  2.634852E-30  1.000000E-30  1.000000E-30  1.000000E-30  1.000000E-30  1.000000E-30
    305  1.327308179063E-01  1.908147E-28  1.236810E-29  6.202374E-30  1.000000E-30  1.000000E-30  1.000000E-30  1.000000E-30  1.000000E-30
    306  1.333821207310E-01  3.942894E-28  2.698322E-29  1.481834E-29  1.000000E-30  1.000000E-30  1.000000E-30  1.000000E-30  1.000000E-30
    307  1.339749669338E-01  7.636028E-28  5.492688E-29  3.283397E-29  1.394077E-30  1.000000E-30  1.000000E-30  1.000000E-30  1.000000E-30
    308  1.345530840576E-01  1.455683E-27  1.099499E-28  7.143766E-29  3.222217E-30  1.102993E-30  1.000000E-30  1.000000E-30  1.000000E-30
    309  1.351098094661E-01  2.712599E-27  2.148213E-28  1.513297E-28  7.130051E-30  2.647700E-30  1.000000E-30  1.000000E-30  1.000000E-30
    310  1.359304916944E-01  6.780631E-27  5.760215E-28  4.575464E-28  2.300389E-29  9.587014E-30  1.000000E-30  1.000000E-30  1.000000E-30
    311  1.363572082699E-01  1.093484E-26  9.637636E-28  8.152737E-28  4.240445E-29  1.876436E-29  1.000000E-30  1.000000E-30  1.000000E-30
    312  1.367788244083E-01  1.753905E-26  1.603295E-27  1.443853E-27  7.767713E-29  3.650073E-29  1.027516E-30  1.000000E-30  1.000000E-30
    313  1.375777712339E-01  4.283701E-26  4.197467E-27  4.258406E-27  2.443094E-28  1.287714E-28  3.851294E-30  1.314602E-30  1.000000E-30
    314  1.380438267916E-01  7.214787E-26  7.364505E-27  8.014004E-27  4.774706E-28  2.691644E-28  8.334936E-30  3.123856E-30  1.000000E-30
    315  1.384690951451E-01  1.160872E-25  1.230160E-26  1.427642E-26  8.805876E-28  5.281254E-28  1.688710E-29  6.723904E-30  1.000000E-30
    316  1.391087445178E-01  2.369479E-25  2.656902E-26  3.398197E-26  2.208606E-27  1.454355E-27  4.881096E-29  2.130660E-29  1.000000E-30
    317  1.397002518981E-01  4.572932E-25  5.404775E-26  7.568527E-26  5.164942E-27  3.711080E-27  1.303122E-28  6.198768E-29  1.000000E-30
    318  1.402705851668E-01  8.598165E-25  1.069464E-25  1.635394E-25  1.170127E-26  9.150292E-27  3.357138E-28  1.735849E-28  2.648562E-30
    319  1.408634912375E-01  1.652082E-24  2.167604E-25  3.634563E-25  2.732437E-26  2.334531E-26  8.966602E-28  5.058220E-28  8.034326E-30
    320  1.414089642241E-01  2.997025E-24  4.131308E-25  7.543977E-25  5.937318E-26  5.506306E-26  2.206647E-27  1.349649E-27  2.226061E-29
    321  1.419220762512E-01  5.216196E-24  7.534137E-25  1.491383E-24  1.225745E-25  1.228526E-25  5.125343E-27  3.384378E-27  5.785163E-29
    322  1.422771704232E-01  7.627553E-24  1.138035E-24  2.382816E-24  2.018240E-25  2.134980E-25  9.159200E-27  6.378580E-27  1.117726E-28
    323  1.426029315631E-01  1.076979E-23  1.655582E-24  3.650455E-24  3.178814E-25  3.534054E-25  1.555610E-26  1.137741E-26  2.039727E-28
    324  1.430135230101E-01  1.652422E-23  2.638021E-24  6.210165E-24  5.600864E-25  6.631168E-25  3.015453E-26  2.346563E-26  4.330357E-28
    325  1.434683796643E-01  2.626119E-23  4.372498E-24  1.107097E-23  1.038215E-24  1.318339E-24  6.216130E-26  5.182842E-26  9.877437E-28
    326  1.440315208021E-01  4.563958E-23  8.007021E-24  2.219725E-23  2.185179E-24  3.027282E-24  1.493171E-25  1.356478E-25  2.690762E-27
    327  1.445490332405E-01  7.383886E-23  1.359584E-23  4.099278E-23  4.220852E-24  6.339146E-24  3.259917E-25  3.206898E-25  6.602031E-27
    328  1.451370980342E-01  1.219511E-22  2.372896E-23  7.874791E-23  8.535039E-24  1.405625E-23  7.581117E-25  8.167003E-25  1.754161E-26
    329  1.457052374241E-01  1.863703E-22  3.826077E-23  1.393740E-22  1.587767E-23  2.859786E-23  1.615467E-24  1.900810E-24  4.254451E-26
    330  1.463107957421E-01  2.696545E-22  5.863301E-23  2.360631E-22  2.836795E-23  5.624896E-23  3.339097E-24  4.319035E-24  1.010382E-25
    331  1.468752132891E-01  3.477642E-22  7.980828E-23  3.529988E-22  4.460282E-23  9.679884E-23  6.020463E-24  8.511432E-24  2.075546E-25
    332  1.475510939381E-01  4.191507E-22  1.026426E-22  5.083752E-22  6.823302E-23  1.650803E-22  1.086017E-23  1.708855E-23  4.381049E-25
    333  1.481899111058E-01  4.489692E-22  1.169507E-22  6.452742E-22  9.173850E-23  2.462074E-22  1.708799E-23  2.977843E-23  8.007475E-25
    334  1.491767377555E-01  4.147015E-22  1.195144E-22  7.873248E-22  1.229364E-22  3.896686E-22  2.944313E-23  6.021034E-23  1.744115E-24
    335  1.497116139607E-01  3.880261E-22  1.178194E-22  8.470420E-22  1.385110E-22  4.774119E-22  3.768607E-23  8.388675E-23  2.529318E-24
    336  1.502421520731E-01  3.453489E-22  1.100755E-22  8.637070E-22  1.480954E-22  5.571355E-22  4.603101E-23  1.118674E-22  3.514821E-24
    337  1.509052103900E-01  2.838770E-22  9.660600E-23  8.507478E-22  1.551292E-22  6.521623E-22  5.705973E-23  1.546712E-22  5.114635E-24
    338  1.515352476696E-01  2.275165E-22  8.246558E-23  8.110821E-22  1.568578E-22  7.332310E-22  6.776553E-23  2.039045E-22  7.081111E-24
    339  1.521327102765E-01  1.793104E-22  6.902726E-23  7.546427E-22  1.543732E-22  7.986787E-22  7.777812E-23  2.585982E-22  9.410507E-24
    340  1.526678407657E-01  1.418139E-22  5.763634E-23  6.930990E-22  1.491428E-22  8.454811E-22  8.631142E-23  3.139771E-22  1.191814E-23
    341  1.532481602429E-01  1.076083E-22  4.639992E-23  6.190463E-22  1.407692E-22  8.816485E-22  9.475694E-23  3.802116E-22  1.511270E-23
    342  1.535863948111E-01  9.071985E-23  4.049696E-23  5.741913E-22  1.348614E-22  8.954371E-22  9.918522E-23  4.215097E-22  1.721272E-23
    343  1.538995751697E-01  7.693995E-23  3.546977E-23  5.322488E-22  1.288252E-22  9.031615E-22  1.028845E-22  4.612529E-22  1.931442E-23
    344  1.546020187628E-01  5.198425E-23  2.576987E-23  4.394142E-22  1.138164E-22  9.020045E-22  1.094593E-22  5.536077E-22  2.453267E-23
    345  1.552062305672E-01  3.624506E-23  1.913331E-23  3.643985E-22  1.000945E-22  8.820383E-22  1.130645E-22  6.347287E-22  2.954325E-23
    346  1.557875935888E-01  2.509540E-23  1.407911E-23  2.985031E-22  8.679276E-23  8.476937E-22  1.145849E-22  7.117400E-22  3.474232E-23
    347  1.566447447202E-01  1.407594E-23  8.644098E-24  2.149634E-22  6.801508E-23  7.740788E-22  1.132225E-22  8.173898E-22  4.282523E-23
    348  1.574294426159E-01  8.000525E-24  5.340834E-24  1.538678E-22  5.263541E-23  6.898262E-22  1.085275E-22  9.000841E-22  5.034569E-23
    349  1.581710514975E-01  4.543121E-24  3.283813E-24  1.088902E-22  4.012558E-23  6.017584E-22  1.014827E-22  9.608855E-22  5.720617E-23
    350  1.588328903187E-01  2.675721E-24  2.077297E-24  7.815273E-23  3.079023E-23  5.211744E-22  9.355873E-23  9.977730E-22  6.283174E-23
    351  1.594606073659E-01  1.585370E-24  1.317695E-24  5.592819E-23  2.348703E-23  4.462744E-22  8.503917E-23  1.016023E-21  6.750627E-23
    352  1.600565792087E-01  9.457370E-25  8.390016E-25  3.997179E-23  1.784240E-23  3.787111E-22  7.640084E-23  1.017709E-21  7.117651E-23
    353  1.607059625219E-01  5.277507E-25  5.028666E-25  2.718930E-23  1.297651E-23  3.109430E-22  6.677967E-23  1.002114E-21  7.414328E-23
    354  1.613957576202E-01  2.773799E-25  2.852902E-25  1.766111E-23  9.054481E-24  2.470145E-22  5.672315E-23  9.668949E-22  7.597945E-23
    355  1.620398820205E-01  1.487090E-25  1.643431E-25  1.155872E-23  6.338567E-24  1.954105E-22  4.778971E-23  9.185596E-22  7.639092E-23
    356  1.627691861850E-01  7.162312E-26  8.590855E-26  6.986998E-24  4.137163E-24  1.465932E-22  3.852047E-23  8.488763E-22  7.531278E-23
    357  1.634667099868E-01  3.471467E-26  4.505570E-26  4.215640E-24  2.687793E-24  1.089233E-22  3.067375E-23  7.712409E-22  7.282874E-23
    358  1.645369737572E-01  1.087275E-26  1.594856E-26  1.854167E-24  1.325607E-24  6.614952E-23  2.073778E-23  6.396381E-22  6.653274E-23
    359  1.651200899964E-01  5.640786E-27  8.848306E-27  1.159196E-24  8.826554E-25  4.937475E-23  1.641892E-23  5.665313E-22  6.214797E-23
    360  1.656939516385E-01  2.901663E-27  4.866101E-27  7.177979E-25  5.817377E-25  3.645388E-23  1.285167E-23  4.957177E-22  5.732288E-23
    361  1.664404283242E-01  1.191146E-27  2.181908E-27  3.758967E-25  3.305761E-25  2.403011E-23  9.145681E-24  4.081108E-22  5.056809E-23
    362  1.671401020014E-01  5.034823E-28  1.003146E-27  2.001096E-25  1.901028E-25  1.589773E-23  6.504391E-24  3.330472E-22  4.405203E-23
    363  1.682228463170E-01  1.237368E-28  2.859183E-28  7.189972E-26  7.704355E-26  8.022565E-24  3.675174E-24  2.334058E-22  3.419209E-23
    364  1.688914277275E-01  5.079565E-29  1.282583E-28  3.721826E-26  4.300084E-26  5.132668E-24  2.522940E-24  1.831655E-22  2.859650E-23
    365  1.695862681704E-01  1.850490E-29  5.410066E-29  1.835148E-26  2.293962E-26  3.160358E-24  1.672459E-24  1.397680E-22  2.332708E-23
    366  1.708796298676E-01  1.000000E-30  9.543621E-30  4.686967E-27  6.795861E-27  1.224724E-24  7.446035E-25  8.103052E-23  1.533485E-23
    367  1.720689125062E-01  1.000000E-30  1.316464E-30  1.273071E-27  2.122166E-27  4.921324E-25  3.405608E-25  4.741133E-23  1.008758E-23
    368  1.730357271347E-01  1.000000E-30  1.000000E-30  4.339157E-28  8.112058E-28  2.311346E-25  1.779202E-25  3.032485E-23  7.105295E-24
    369  1.739185931198E-01  1.000000E-30  1.000000E-30  1.597069E-28  3.338835E-28  1.152423E-25  9.786756E-26  2.010925E-23  5.150396E-24
    370  1.748109107026E-01  1.000000E-30  1.000000E-30  5.748418E-29  1.357976E-28  5.700794E-26  5.351743E-26  1.329977E-23  3.730323E-24
    371  1.757092013639E-01  1.000000E-30  1.000000E-30  1.947292E-29  5.429219E-29  2.797054E-26  2.907373E-26  8.770607E-24  2.698185E-24
    372  1.765567714958E-01  1.000000E-30  1.000000E-30  6.287289E-30  2.256952E-29  1.424408E-26  1.631572E-26  5.914820E-24  1.987099E-24
    373  1.775373762473E-01  1.000000E-30  1.000000E-30  1.000000E-30  7.644120E-30  6.432817E-27  8.253729E-27  3.711524E-24  1.382074E-24
    374  1.784803688374E-01  1.000000E-30  1.000000E-30  1.000000E-30  2.376117E-30  2.946912E-27  4.222774E-27  2.338207E-24  9.622931E-25
    375  1.795112536071E-01  1.000000E-30  1.000000E-30  1.000000E-30  1.000000E-30  1.216781E-27  1.971012E-27  1.374172E-24  6.316732E-25
    376  1.804824008025E-01  1.000000E-30  1.000000E-30  1.000000E-30  1.000000E-30  5.129878E-28  9.349526E-28  8.104188E-25  4.139132E-25
    377  1.815169070317E-01  1.000000E-30  1.000000E-30  1.000000E-30  1.000000E-30  1.953913E-28  4.060661E-28  4.450541E-25  2.546449E-25
    378  1.825428215499E-01  1.000000E-30  1.000000E-30  1.000000E-30  1.000000E-30  7.151290E-29  1.710912E-28  2.368752E-25  1.519070E-25
    379  1.841355644659E-01  1.000000E-30  1.000000E-30  1.000000E-30  1.000000E-30  1.174985E-29  4.095105E-29  8.251800E-26  6.327412E-26
    380  1.856860183354E-01  1.000000E-30  1.000000E-30  1.000000E-30  1.000000E-30  1.000000E-30  8.406463E-30  2.711629E-26  2.490015E-26
    381  1.870847965371E-01  1.000000E-30  1.000000E-30  1.000000E-30  1.000000E-30  1.000000E-30  1.485866E-30  9.364337E-27  1.008394E-26
    382  1.883699545972E-01  1.000000E-30  1.000000E-30  1.000000E-30  1.000000E-30  1.000000E-30  1.000000E-30  3.334788E-27  4.202765E-27
    383  1.895671856375E-01  1.000000E-30  1.000000E-30  1.000000E-30  1.000000E-30  1.000000E-30  1.000000E-30  1.241118E-27  1.805485E-27
    384  1.907324824205E-01  1.000000E-30  1.000000E-30  1.000000E-30  1.000000E-30  1.000000E-30  1.000000E-30  4.633628E-28  7.811056E-28
    385  1.917913284253E-01  1.000000E-30  1.000000E-30  1.000000E-30  1.000000E-30  1.000000E-30  1.000000E-30  1.893690E-28  3.665699E-28
    386  1.928179034582E-01  1.000000E-30  1.000000E-30  1.000000E-30  1.000000E-30  1.000000E-30  1.000000E-30  7.923844E-29  1.782517E-28
    387  1.939781308337E-01  1.000000E-30  1.000000E-30  1.000000E-30  1.000000E-30  1.000000E-30  1.000000E-30  2.959981E-29  8.192537E-29
    388  1.950365569225E-01  1.000000E-30  1.000000E-30  1.000000E-30  1.000000E-30  1.000000E-30  1.000000E-30  1.164182E-29  4.180287E-29
    389  1.963061656501E-01  1.000000E-30  1.000000E-30  1.000000E-30  1.000000E-30  1.000000E-30  1.000000E-30  2.413631E-30  1.934751E-29
    390  1.975160386553E-01  1.000000E-30  1.000000E-30  1.000000E-30  1.000000E-30  1.000000E-30  1.000000E-30  1.000000E-30  9.525272E-30
    391  1.988970783448E-01  1.000000E-30  1.000000E-30  1.000000E-30  1.000000E-30  1.000000E-30  1.000000E-30  1.000000E-30  4.057484E-30
    392  2.001908516564E-01  1.000000E-30  1.000000E-30  1.000000E-30  1.000000E-30  1.000000E-30  1.000000E-30  1.000000E-30  1.701191E-30
    393  2.023233395230E-01  1.000000E-30  1.000000E-30  1.000000E-30  1.000000E-30  1.000000E-30  1.000000E-30  1.000000E-30  1.000000E-30
    394  2.035207364909E-01  1.000000E-30  1.000000E-30  1.000000E-30  1.000000E-30  1.000000E-30  1.000000E-30  1.000000E-30  1.000000E-30
    395  2.047171141817E-01  1.000000E-30  1.000000E-30  1.000000E-30  1.000000E-30  1.000000E-30  1.000000E-30  1.000000E-30  1.000000E-30
    396  2.061861175315E-01  1.000000E-30  1.000000E-30  1.000000E-30  1.000000E-30  1.000000E-30  1.000000E-30  1.000000E-30  1.000000E-30
    397  2.075162532616E-01  1.000000E-30  1.000000E-30  1.000000E-30  1.000000E-30  1.000000E-30  1.000000E-30  1.000000E-30  1.000000E-30
    398  2.088103947538E-01  1.000000E-30  1.000000E-30  1.000000E-30  1.000000E-30  1.000000E-30  1.000000E-30  1.000000E-30  1.000000E-30
    399  2.102374295066E-01  1.000000E-30  1.000000E-30  1.000000E-30  1.000000E-30  1.000000E-30  1.000000E-30  1.000000E-30  1.000000E-30
    400  2.116254943500E-01  1.000000E-30  1.000000E-30  1.000000E-30  1.000000E-30  1.000000E-30  1.000000E-30  1.000000E-30  1.000000E-30
    401  2.137594200207E-01  1.000000E-30  1.000000E-30  1.000000E-30  1.000000E-30  1.000000E-30  1.000000E-30  1.000000E-30  1.000000E-30
    402  2.149968302441E-01  1.000000E-30  1.000000E-30  1.000000E-30  1.000000E-30  1.000000E-30  1.000000E-30  1.000000E-30  1.000000E-30
    403  2.163578604848E-01  1.000000E-30  1.000000E-30  1.000000E-30  1.000000E-30  1.000000E-30  1.000000E-30  1.000000E-30  1.000000E-30
    404  2.188327022992E-01  1.000000E-30  1.000000E-30  1.000000E-30  1.000000E-30  1.000000E-30  1.000000E-30  1.000000E-30  1.000000E-30
    405  2.210861741802E-01  1.000000E-30  1.000000E-30  1.000000E-30  1.000000E-30  1.000000E-30  1.000000E-30  1.000000E-30  1.000000E-30
    406  2.231360986547E-01  1.000000E-30  1.000000E-30  1.000000E-30  1.000000E-30  1.000000E-30  1.000000E-30  1.000000E-30  1.000000E-30
    407  2.249661932162E-01  1.000000E-30  1.000000E-30  1.000000E-30  1.000000E-30  1.000000E-30  1.000000E-30  1.000000E-30  1.000000E-30
    408  2.266023391923E-01  1.000000E-30  1.000000E-30  1.000000E-30  1.000000E-30  1.000000E-30  1.000000E-30  1.000000E-30  1.000000E-30
    409  2.291569547831E-01  1.000000E-30  1.000000E-30  1.000000E-30  1.000000E-30  1.000000E-30  1.000000E-30  1.000000E-30  1.000000E-30
    410  2.305971902523E-01  1.000000E-30  1.000000E-30  1.000000E-30  1.000000E-30  1.000000E-30  1.000000E-30  1.000000E-30  1.000000E-30
    411  2.319348711247E-01  1.000000E-30  1.000000E-30  1.000000E-30  1.000000E-30  1.000000E-30  1.000000E-30  1.000000E-30  1.000000E-30
    412  2.335360820165E-01  1.000000E-30  1.000000E-30  1.000000E-30  1.000000E-30  1.000000E-30  1.000000E-30  1.000000E-30  1.000000E-30
    413  2.351317971316E-01  1.000000E-30  1.000000E-30  1.000000E-30  1.000000E-30  1.000000E-30  1.000000E-30  1.000000E-30  1.000000E-30
    414  2.376293164755E-01  1.000000E-30  1.000000E-30  1.000000E-30  1.000000E-30  1.000000E-30  1.000000E-30  1.000000E-30  1.000000E-30
    415  2.399259738388E-01  1.000000E-30  1.000000E-30  1.000000E-30  1.000000E-30  1.000000E-30  1.000000E-30  1.000000E-30  1.000000E-30
    416  2.420046682363E-01  1.000000E-30  1.000000E-30  1.000000E-30  1.000000E-30  1.000000E-30  1.000000E-30  1.000000E-30  1.000000E-30
    417  2.451201276448E-01  1.000000E-30  1.000000E-30  1.000000E-30  1.000000E-30  1.000000E-30  1.000000E-30  1.000000E-30  1.000000E-30
    418  2.467564269033E-01  1.000000E-30  1.000000E-30  1.000000E-30  1.000000E-30  1.000000E-30  1.000000E-30  1.000000E-30  1.069278E-30
    419  2.483354027874E-01  1.000000E-30  1.000000E-30  1.000000E-30  1.000000E-30  1.000000E-30  1.000000E-30  1.000000E-30  1.199939E-30
    420  2.499258654919E-01  1.000000E-30  1.000000E-30  1.000000E-30  1.000000E-30  1.000000E-30  1.000000E-30  1.000000E-30  1.308478E-30
    421  2.515152656983E-01  1.000000E-30  1.000000E-30  1.000000E-30  1.000000E-30  1.000000E-30  1.000000E-30  1.000000E-30  1.286064E-30
    422  2.542060864984E-01  1.000000E-30  1.000000E-30  1.000000E-30  1.000000E-30  1.000000E-30  1.000000E-30  1.000000E-30  1.622325E-30
    423  2.556901221114E-01  1.000000E-30  1.000000E-30  1.000000E-30  1.000000E-30  1.000000E-30  1.000000E-30  1.863209E-30  1.875182E-30
    424  2.570805114381E-01  1.000000E-30  1.000000E-30  1.000000E-30  1.000000E-30  1.000000E-30  1.000000E-30  1.000000E-30  1.857422E-30
    425  2.598984391343E-01  1.000000E-30  1.000000E-30  1.000000E-30  1.000000E-30  1.000000E-30  1.000000E-30  1.000000E-30  2.354907E-30
    426  2.622653138568E-01  1.000000E-30  1.000000E-30  1.000000E-30  1.000000E-30  1.000000E-30  1.000000E-30  2.490597E-30  3.237479E-30
    427  2.644885215151E-01  1.000000E-30  1.000000E-30  1.000000E-30  1.000000E-30  1.000000E-30  1.000000E-30  4.491387E-30  4.456714E-30
    428  2.667229470066E-01  1.000000E-30  1.000000E-30  1.000000E-30  1.000000E-30  1.000000E-30  1.000000E-30  6.778574E-30  6.393358E-30
    429  2.687894382327E-01  1.000000E-30  1.000000E-30  1.000000E-30  1.000000E-30  1.000000E-30  1.000000E-30  9.332301E-30  9.146070E-30
    430  2.709436570286E-01  1.000000E-30  1.000000E-30  1.000000E-30  1.000000E-30  1.000000E-30  1.000000E-30  1.498395E-29  1.387742E-29
    431  2.728595154549E-01  1.000000E-30  1.000000E-30  1.000000E-30  1.000000E-30  1.000000E-30  1.000000E-30  2.336698E-29  2.045396E-29
    432  2.763050324764E-01  1.000000E-30  1.000000E-30  1.000000E-30  1.000000E-30  1.000000E-30  1.000000E-30  5.086088E-29  4.174644E-29
    433  2.797281875476E-01  1.000000E-30  1.000000E-30  1.000000E-30  1.000000E-30  1.000000E-30  1.000000E-30  1.078570E-28  8.470409E-29
    434  2.831107064370E-01  1.052170E-30  1.000000E-30  1.113720E-30  1.000000E-30  1.171330E-30  1.000000E-30  2.237579E-28  1.689763E-28
    435  2.863632962154E-01  1.382301E-30  1.000000E-30  1.443935E-30  1.000000E-30  1.499871E-30  1.000000E-30  4.451531E-28  3.238909E-28
    436  2.894106333807E-01  1.000000E-30  1.000000E-30  1.000000E-30  1.000000E-30  1.000000E-30  1.000000E-30  8.339930E-28  5.874055E-28
    437  2.941185503109E-01  1.000000E-30  1.000000E-30  1.063473E-30  1.000000E-30  1.165646E-30  1.000000E-30  2.149256E-27  1.434484E-27
    438  2.983685787405E-01  1.532065E-30  1.000000E-30  1.647077E-30  1.000000E-30  1.780690E-30  1.000000E-30  4.913920E-27  3.122560E-27
    439  3.021949729112E-01  1.956180E-30  1.000000E-30  2.093760E-30  1.000000E-30  2.297383E-30  1.000000E-30  1.011597E-26  6.156496E-27
    440  3.059150641439E-01  2.401430E-30  1.000000E-30  2.565642E-30  1.000000E-30  2.907369E-30  1.000000E-30  2.002966E-26  1.169883E-26
    441  3.094680949786E-01  3.117469E-30  1.000000E-30  3.313416E-30  1.000000E-30  4.379145E-30  1.172728E-30  3.785129E-26  2.127341E-26
    442  3.127856926026E-01  1.622476E-30  1.000000E-30  1.791479E-30  1.000000E-30  3.332218E-30  1.756235E-30  6.769262E-26  3.673252E-26
    443  3.178598433803E-01  2.498316E-30  1.000000E-30  2.746530E-30  1.000000E-30  6.413744E-30  4.447031E-30  1.612103E-25  8.303297E-26
    444  3.224504526026E-01  4.528658E-30  1.000000E-30  4.604021E-30  1.000000E-30  1.261528E-29  1.031731E-29  3.467798E-25  1.706812E-25
    445  3.266870398371E-01  5.678147E-30  1.000000E-30  6.476565E-30  1.000000E-30  2.453732E-29  2.223785E-29  6.938800E-25  3.280550E-25
    446  3.305577136787E-01  2.797413E-30  1.000000E-30  3.159393E-30  1.000000E-30  4.153202E-29  4.429650E-29  1.295470E-24  5.912757E-25
    447  3.362681054783E-01  5.651307E-30  1.000000E-30  6.517967E-30  1.000000E-30  1.102525E-28  1.239222E-28  3.206826E-24  1.393562E-24
    448  3.414589872690E-01  7.623589E-30  1.000000E-30  9.182563E-30  1.670871E-30  2.788399E-28  3.109776E-28  7.198306E-24  3.001082E-24
    449  3.462773530350E-01  9.394159E-30  1.000000E-30  1.092233E-29  3.394664E-30  6.472433E-28  7.183891E-28  1.502009E-23  6.043439E-24
    450  3.508856189623E-01  1.115194E-29  1.000000E-30  1.393789E-29  6.666626E-30  1.426369E-27  1.573301E-27  2.988793E-23  1.165644E-23
    451  3.552628710565E-01  1.387852E-29  1.000000E-30  1.658532E-29  1.275770E-29  2.978712E-27  3.260798E-27  5.659030E-23  2.148413E-23
    452  3.595141079779E-01  1.580214E-29  1.042192E-30  1.999857E-29  2.410271E-29  6.000765E-27  6.522558E-27  1.036622E-22  3.844007E-23
    453  3.636744849418E-01  1.789510E-29  1.170138E-30  2.335238E-29  4.506668E-29  1.174852E-26  1.268822E-26  1.848403E-22  6.715980E-23
    454  3.676260234901E-01  2.157890E-29  1.343620E-30  2.540301E-29  8.173705E-29  2.197977E-26  2.360947E-26  3.161924E-22  1.129659E-22
    455  3.714655117309E-01  2.350067E-29  1.508226E-30  3.071310E-29  1.453139E-28  3.997918E-26  4.276189E-26  5.268375E-22  1.856177E-22
    456  3.752653942304E-01  1.381245E-29  1.000000E-30  1.731877E-29  2.549841E-28  7.158850E-26  7.635072E-26  8.643963E-22  3.011089E-22
    457  3.809506426681E-01  2.277975E-29  1.423539E-30  3.000722E-29  5.929151E-28  1.686014E-25  1.793383E-25  1.781821E-21  6.131134E-22
    458  3.865190953769E-01  2.515390E-29  1.699038E-30  3.817358E-29  1.344873E-27  3.840558E-25  4.085480E-25  3.553365E-21  1.214933E-21
    459  3.928522091207E-01  2.663218E-29  1.979787E-30  4.906170E-29  3.391362E-27  9.638539E-25  1.028871E-24  7.641079E-21  2.612223E-21
    460  3.991093841216E-01  3.323524E-29  2.591662E-30  7.759664E-29  8.428870E-27  2.359612E-24  2.536330E-24  1.599730E-20  5.510598E-21
    461  4.054183851758E-01  2.357447E-29  4.502777E-30  1.581869E-28  2.108313E-26  5.755587E-24  6.252568E-24  3.319127E-20  1.161420E-20
    462  4.147392755742E-01  5.682087E-29  1.818544E-29  6.335646E-28  8.215730E-26  2.120195E-23  2.355272E-23  9.539948E-20  3.469365E-20
    463  4.232199499949E-01  1.136042E-28  7.124453E-29  2.540393E-27  2.858761E-25  6.882087E-23  7.855340E-23  2.447987E-19  9.370135E-20
    464  4.316976825025E-01  3.337436E-28  3.010034E-28  1.046561E-26  1.009238E-24  2.227968E-22  2.629533E-22  6.204171E-19  2.538967E-19
    465  4.393401554526E-01  1.283015E-27  1.167271E-27  3.883939E-26  3.208161E-24  6.442320E-22  7.879560E-22  1.425717E-18  6.284788E-19
    466  4.465935084243E-01  4.467310E-27  4.271778E-27  1.366145E-25  9.760010E-24  1.770018E-21  2.249418E-21  3.127655E-18  1.496731E-18
    467  4.537106765818E-01  1.629433E-26  1.562588E-26  4.785068E-25  2.961032E-23  4.795631E-21  6.354696E-21  6.747839E-18  3.540689E-18
    468  4.602314649238E-01  5.464994E-26  5.208564E-26  1.531069E-24  8.303553E-23  1.200576E-20  1.658696E-20  1.363538E-17  7.858461E-18
    469  4.709552966107E-01  4.177858E-25  3.892179E-25  1.068092E-23  4.657901E-22  5.484722E-20  8.169698E-20  4.331607E-17  2.967186E-17
    470  4.769745726746E-01  1.346708E-24  1.230455E-24  3.241208E-23  1.249480E-21  1.293624E-19  2.016762E-19  8.280637E-17  6.314994E-17
    471  4.828178172001E-01  4.249856E-24  3.795404E-24  9.614068E-23  3.286004E-21  2.987120E-19  4.877084E-19  1.553733E-16  1.322323E-16
    472  4.927188450138E-01  3.085102E-23  2.625502E-23  6.223183E-22  1.726576E-20  1.243253E-18  2.203577E-18  4.514545E-16  4.680067E-16
    473  5.000000000000E-01  1.365765E-22  1.112661E-22  2.508103E-21  5.965553E-20  3.569112E-18  6.734742E-18  9.896404E-16  1.196028E-15
