 *                                      
 * expansion:  temp0=  1.000E+10 den0=  3.000E+06 temp_stop=  1.000E+07
 *          time                k48           k49           k50           k51           k52           k53           k54           k55  
      1  0.000000000000E+00  1.000000E-30  1.000000E-30  1.000000E-30  1.000000E-30  1.000000E-30  1.000000E-30  1.000000E-30  1.000000E-30
      2  1.000000000000E-16  1.000000E-30  1.003143E-30  1.000000E-30  1.000759E-30  1.002276E-30  1.000000E-30  1.003067E-30  1.000000E-30
      3  6.264265632874E-16  1.000000E-30  1.019449E-30  1.000000E-30  1.004937E-30  1.014027E-30  1.000000E-30  1.018981E-30  1.000000E-30
      4  2.206990590178E-15  1.000000E-30  1.066079E-30  1.000000E-30  1.019135E-30  1.047070E-30  1.000000E-30  1.064481E-30  1.000000E-30
      5  6.425069294186E-15  1.000000E-30  1.174871E-30  1.000000E-30  1.065785E-30  1.120796E-30  1.000000E-30  1.170698E-30  1.000000E-30
      6  1.724777641531E-14  1.033888E-30  1.371782E-30  1.000000E-30  1.204275E-30  1.240833E-30  1.000000E-30  1.364333E-30  1.000000E-30
      7  4.527785414179E-14  1.227423E-30  1.581616E-30  1.000000E-30  1.455039E-30  1.343254E-30  1.000000E-30  1.579446E-30  1.000000E-30
      8  1.231582592127E-13  1.367896E-30  1.646731E-30  1.000000E-30  1.573785E-30  1.364518E-30  1.000000E-30  1.657116E-30  1.000000E-30
      9  4.001734798240E-13  1.404619E-30  1.646596E-30  1.000000E-30  1.579007E-30  1.364679E-30  1.000095E-30  1.659058E-30  1.000000E-30
     10  1.150918682670E-12  1.489503E-30  1.643849E-30  1.012934E-30  1.571673E-30  1.371058E-30  1.000859E-30  1.659053E-30  1.002799E-30
     11  2.802808442389E-12  1.465331E-30  1.653137E-30  1.000000E-30  1.551101E-30  1.370333E-30  1.000000E-30  1.664758E-30  1.000000E-30
     12  6.912921996243E-12  1.410384E-30  1.597974E-30  1.000000E-30  1.552199E-30  1.370296E-30  1.000000E-30  1.915950E-30  1.045496E-30
     13  1.659368270033E-11  1.000000E-30  1.000000E-30  1.000000E-30  1.000000E-30  1.000000E-30  1.000000E-30  1.000000E-30  1.000000E-30
     14  1.134012897413E-10  1.000000E-30  1.000000E-30  1.000000E-30  1.000000E-30  1.000000E-30  1.000000E-30  1.000000E-30  1.000000E-30
     15  1.081477360150E-09  1.000000E-30  1.000000E-30  1.000000E-30  1.000000E-30  1.000000E-30  1.000000E-30  1.000000E-30  1.000000E-30
     16  1.076223806424E-08  1.000000E-30  1.000000E-30  1.000000E-30  1.000000E-30  1.000000E-30  1.000000E-30  1.000000E-30  1.000000E-30
     17  6.834096797002E-08  1.000000E-30  1.000000E-30  1.000000E-30  1.000000E-30  1.000000E-30  1.000000E-30  1.000000E-30  1.000000E-30
     18  2.542122411654E-07  1.000000E-30  1.000000E-30  1.000000E-30  1.000000E-30  1.000000E-30  1.000000E-30  1.000000E-30  1.000000E-30
     19  7.007518887657E-07  1.000000E-30  1.000000E-30  1.000000E-30  1.000000E-30  1.000000E-30  1.000000E-30  1.000000E-30  1.000000E-30
     20  1.724661805125E-06  1.000000E-30  1.000000E-30  1.000000E-30  1.000000E-30  1.000000E-30  1.000000E-30  1.000000E-30  1.000000E-30
     21  4.267664185819E-06  1.000000E-30  1.000000E-30  1.000000E-30  1.000000E-30  1.000000E-30  1.000000E-30  1.000000E-30  1.000000E-30
     22  1.786211798807E-05  1.000000E-30  1.000000E-30  1.000000E-30  1.000000E-30  1.000000E-30  1.000000E-30  1.000000E-30  1.000000E-30
     23  6.929007850093E-05  1.000000E-30  1.000000E-30  1.000000E-30  1.000000E-30  1.000000E-30  1.000000E-30  1.000000E-30  1.000000E-30
     24  5.835696836295E-04  1.000000E-30  1.000000E-30  1.000000E-30  1.000000E-30  1.000000E-30  1.000000E-30  1.000000E-30  1.000000E-30
     25  1.496090518789E-03  1.000000E-30  1.000000E-30  1.000000E-30  1.000000E-30  1.000000E-30  1.000000E-30  1.000000E-30  1.000000E-30
     26  2.379765156362E-03  1.000000E-30  1.000000E-30  1.000000E-30  1.000000E-30  1.000000E-30  1.000000E-30  1.000000E-30  1.000000E-30
     27  3.772948503579E-03  1.000000E-30  1.000000E-30  1.000000E-30  1.000000E-30  1.000000E-30  1.000000E-30  1.000000E-30  1.000000E-30
     28  4.957278025650E-03  1.000000E-30  1.000000E-30  1.000000E-30  1.000000E-30  1.000000E-30  1.000000E-30  1.000000E-30  1.000000E-30
     29  5.758110286319E-03  1.000000E-30  1.000000E-30  1.000000E-30  1.000000E-30  1.000000E-30  1.000000E-30  1.000000E-30  1.000000E-30
     30  6.636115041812E-03  1.000000E-30  1.000000E-30  1.000000E-30  1.000000E-30  1.000000E-30  1.000000E-30  1.000000E-30  1.000000E-30
     31  7.490864585256E-03  1.000000E-30  1.000000E-30  1.000000E-30  1.000000E-30  1.000000E-30  1.000000E-30  1.000000E-30  1.000000E-30
     32  8.026631019591E-03  1.000000E-30  1.000000E-30  1.000000E-30  1.000000E-30  1.000000E-30  1.000000E-30  1.000000E-30  1.000000E-30
     33  8.451616658664E-03  1.000000E-30  1.000000E-30  1.000000E-30  1.000000E-30  1.000000E-30  1.000000E-30  1.000000E-30  1.000000E-30
     34  9.803471762980E-03  1.000000E-30  1.000000E-30  1.000000E-30  1.000000E-30  1.000000E-30  1.000000E-30  1.000000E-30  1.000000E-30
     35  1.116687552369E-02  1.000000E-30  1.000000E-30  1.000000E-30  1.000000E-30  1.000000E-30  1.000000E-30  1.000000E-30  1.000000E-30
     36  1.219012310682E-02  1.000000E-30  1.000000E-30  1.000000E-30  1.000000E-30  1.000000E-30  1.000000E-30  1.000000E-30  1.000000E-30
     37  1.314647137106E-02  1.000000E-30  1.000000E-30  1.000000E-30  1.000000E-30  1.000000E-30  1.000000E-30  1.000000E-30  1.000000E-30
     38  1.431720408173E-02  1.000000E-30  1.000000E-30  1.000000E-30  1.000000E-30  1.000000E-30  1.000000E-30  1.000000E-30  1.000000E-30
     39  1.545287753035E-02  1.000000E-30  1.000000E-30  1.000000E-30  1.000000E-30  1.000000E-30  1.000000E-30  1.000000E-30  1.000000E-30
     40  1.716820108076E-02  1.000000E-30  1.000000E-30  1.000000E-30  1.000000E-30  1.000000E-30  1.000000E-30  1.000000E-30  1.000000E-30
     41  1.871872199221E-02  1.000000E-30  1.000000E-30  1.000000E-30  1.000000E-30  1.000000E-30  1.000000E-30  1.000000E-30  1.000000E-30
     42  2.131412024987E-02  1.000000E-30  1.000000E-30  1.000000E-30  1.000000E-30  1.000000E-30  1.000000E-30  1.000000E-30  1.000000E-30
     43  2.288535686070E-02  1.865954E-30  1.000000E-30  1.000000E-30  1.000000E-30  1.000000E-30  1.000000E-30  1.000000E-30  1.000000E-30
     44  2.437102778700E-02  9.512968E-28  1.208668E-29  1.000000E-30  1.000000E-30  1.000000E-30  1.000000E-30  1.000000E-30  1.000000E-30
     45  2.666254430666E-02  1.193593E-25  1.920869E-27  1.000000E-30  1.000000E-30  1.000000E-30  1.000000E-30  1.000000E-30  1.000000E-30
     46  2.807329513827E-02  2.010117E-24  2.556029E-26  1.245101E-29  1.000000E-30  1.000000E-30  1.000000E-30  1.000000E-30  1.000000E-30
     47  2.946719119355E-02  4.182094E-23  5.016573E-25  2.339459E-28  1.000000E-30  1.000000E-30  1.000000E-30  1.000000E-30  1.000000E-30
     48  2.982466835475E-02  1.810480E-22  3.239686E-24  1.783060E-27  3.348513E-30  1.000000E-30  1.000000E-30  1.000000E-30  1.000000E-30
     49  3.017238950627E-02  3.999311E-22  7.408444E-24  4.123617E-27  7.955120E-30  1.000000E-30  1.000000E-30  1.000000E-30  1.000000E-30
     50  3.052509122072E-02  8.893744E-22  1.697571E-23  9.537957E-27  1.872788E-29  1.000000E-30  1.000000E-30  1.000000E-30  1.000000E-30
     51  3.066477686677E-02  1.214835E-21  2.346446E-23  1.323296E-26  2.616661E-29  1.000000E-30  1.000000E-30  1.000000E-30  1.000000E-30
     52  3.080037159611E-02  1.645281E-21  3.214886E-23  1.819678E-26  3.623038E-29  1.000000E-30  1.000000E-30  1.000000E-30  1.000000E-30
     53  3.111325257314E-02  3.292843E-21  6.609159E-23  3.772606E-26  7.632039E-29  1.000000E-30  1.000000E-30  1.000000E-30  1.000000E-30
     54  3.147800645819E-02  7.271863E-21  1.506075E-22  8.682344E-26  1.789542E-28  1.000000E-30  1.000000E-30  1.000000E-30  1.000000E-30
     55  3.181357346897E-02  1.482102E-20  3.159862E-22  1.838372E-25  3.855144E-28  1.000000E-30  1.000000E-30  1.000000E-30  1.000000E-30
     56  3.217197145871E-02  3.115814E-20  6.852575E-22  4.026097E-25  8.600873E-28  1.000000E-30  1.000000E-30  1.000000E-30  1.000000E-30
     57  3.249951277145E-02  6.053471E-20  1.369876E-21  8.121470E-25  1.764827E-27  1.000000E-30  1.000000E-30  1.000000E-30  1.000000E-30
     58  3.262595809504E-02  7.793212E-20  1.783049E-21  1.060784E-24  2.320316E-27  1.000000E-30  1.000000E-30  1.000000E-30  1.000000E-30
     59  3.272641576722E-02  9.532645E-20  2.200270E-21  1.312647E-24  2.886360E-27  1.000000E-30  1.000000E-30  1.000000E-30  1.000000E-30
     60  3.304841700500E-02  1.806247E-19  4.288579E-21  2.581506E-24  5.773284E-27  1.038315E-30  1.000000E-30  1.000000E-30  1.000000E-30
     61  3.362823507679E-02  5.561294E-19  1.389763E-20  8.502713E-24  1.961010E-26  3.565143E-30  1.000000E-30  1.000000E-30  1.000000E-30
     62  3.417743618412E-02  1.579413E-18  4.142258E-20  2.573374E-23  6.109220E-26  1.121449E-29  1.000000E-30  1.000000E-30  1.000000E-30
     63  3.448472684867E-02  2.816075E-18  7.594672E-20  4.760235E-23  1.149266E-25  2.121606E-29  1.000000E-30  1.000000E-30  1.000000E-30
     64  3.459225947862E-02  3.443661E-18  9.376500E-20  5.894952E-23  1.431447E-25  2.647639E-29  1.000000E-30  1.000000E-30  1.000000E-30
     65  3.468161085917E-02  4.072786E-18  1.117874E-19  7.045932E-23  1.719217E-25  3.185061E-29  1.000000E-30  1.000000E-30  1.000000E-30
     66  3.501586344154E-02  7.615880E-18  2.154236E-19  1.370858E-22  3.406158E-25  6.348864E-29  1.000000E-30  1.000000E-30  1.000000E-30
     67  3.563385967804E-02  2.397439E-17  7.173450E-19  4.647327E-22  1.194774E-24  2.252695E-28  1.000000E-30  1.000000E-30  1.000000E-30
     68  3.619390900501E-02  6.737141E-17  2.120058E-18  1.395646E-21  3.698559E-24  7.044915E-28  1.000000E-30  1.000000E-30  1.000000E-30
     69  3.661379630041E-02  1.458815E-16  4.771826E-18  3.180279E-21  8.628016E-24  1.656485E-27  1.686048E-30  1.000000E-30  1.000000E-30
     70  3.704099468238E-02  3.197978E-16  1.088192E-17  7.344245E-21  2.040771E-23  3.949844E-27  4.111962E-30  1.000000E-30  1.000000E-30
     71  3.731378163516E-02  5.266038E-16  1.838308E-17  1.250833E-20  3.530144E-23  6.868405E-27  7.252297E-30  1.000000E-30  1.000000E-30
     72  3.757630769329E-02  8.477447E-16  3.032815E-17  2.079798E-20  5.957838E-23  1.165038E-26  1.246990E-29  1.000000E-30  1.000000E-30
     73  3.788075418501E-02  1.465364E-15  5.393834E-17  3.732653E-20  1.087953E-22  2.139963E-26  2.326908E-29  1.000000E-30  1.000000E-30
     74  3.819794660071E-02  2.574486E-15  9.762958E-17  6.820703E-20  2.024415E-22  4.006463E-26  4.428924E-29  1.000000E-30  1.000000E-30
     75  3.838080203158E-02  3.549489E-15  1.369368E-16  9.619433E-20  2.885140E-22  5.730179E-26  6.394949E-29  1.000000E-30  1.000000E-30
     76  3.859219912978E-02  5.140325E-15  2.023143E-16  1.430296E-19  4.342429E-22  8.660156E-26  9.772329E-29  1.000000E-30  1.000000E-30
     77  3.884096228080E-02  7.906622E-15  3.186211E-16  2.269572E-19  6.990337E-22  1.400904E-25  1.601583E-28  1.000000E-30  1.000000E-30
     78  3.907668434759E-02  1.182230E-14  4.872151E-16  3.495409E-19  1.091417E-21  2.197428E-25  2.543551E-28  1.000000E-30  1.000000E-30
     79  3.934936577490E-02  1.869169E-14  7.906345E-16  5.719582E-19  1.814512E-21  3.673043E-25  4.313258E-28  1.000000E-30  1.000000E-30
     80  3.961640452516E-02  2.903359E-14  1.259898E-15  9.189087E-19  2.961099E-21  6.025914E-25  7.177018E-28  1.000000E-30  1.000000E-30
     81  3.991996766101E-02  4.740646E-14  2.118141E-15  1.559355E-18  5.115386E-21  1.047327E-24  1.267695E-27  1.000000E-30  1.000000E-30
     82  4.019473378510E-02  7.313224E-14  3.355362E-15  2.491210E-18  8.305903E-21  1.709958E-24  2.100301E-27  1.000000E-30  1.000000E-30
     83  4.046928694587E-02  1.117442E-13  5.264989E-15  3.942380E-18  1.335967E-20  2.765644E-24  3.447192E-27  1.000000E-30  1.000000E-30
     84  4.074955599116E-02  1.703833E-13  8.249889E-15  6.231589E-18  2.147291E-20  4.470551E-24  5.656864E-27  1.000000E-30  1.000000E-30
     85  4.099011663524E-02  2.421815E-13  1.200493E-14  9.136351E-18  3.193833E-20  6.682059E-24  8.565580E-27  1.000000E-30  1.000000E-30
     86  4.118445936105E-02  3.193074E-13  1.613184E-14  1.235206E-17  4.368566E-20  9.176166E-24  1.188681E-26  1.000000E-30  1.000000E-30
     87  4.137235583218E-02  4.143088E-13  2.132096E-14  1.642200E-17  5.874022E-20  1.238602E-23  1.620901E-26  1.000000E-30  1.000000E-30
     88  4.152714488067E-02  5.107211E-13  2.668550E-14  2.065433E-17  7.457178E-20  1.577442E-23  2.081737E-26  1.000000E-30  1.000000E-30
     89  4.165981986900E-02  6.086089E-13  3.221859E-14  2.504152E-17  9.113962E-20  1.933190E-23  2.569685E-26  1.057717E-30  1.000000E-30
     90  4.188596337322E-02  8.134811E-13  4.403721E-14  3.447335E-17  1.272001E-19  2.710742E-23  3.647953E-26  1.503382E-30  1.000000E-30
     91  4.208159634323E-02  1.036186E-12  5.719022E-14  4.504866E-17  1.682101E-19  3.599291E-23  4.895756E-26  2.019328E-30  1.000000E-30
     92  4.230932596557E-02  1.359225E-12  7.673630E-14  6.088512E-17  2.305247E-19  4.956153E-23  6.826024E-26  2.818313E-30  1.000000E-30
     93  4.251598135750E-02  1.722429E-12  9.926378E-14  7.928076E-17  3.039953E-19  6.564047E-23  9.143744E-26  3.778724E-30  1.000000E-30
     94  4.274368410830E-02  2.212326E-12  1.304304E-13  1.049363E-16  4.080356E-19  8.852788E-23  1.248762E-25  5.165921E-30  1.000000E-30
     95  4.294191711445E-02  2.727121E-12  1.640053E-13  1.327921E-16  5.226944E-19  1.138792E-22  1.624044E-25  6.724508E-30  1.000000E-30
     96  4.316569238790E-02  3.421987E-12  2.104715E-13  1.716494E-16  6.850531E-19  1.499606E-22  2.165266E-25  8.974814E-30  1.000000E-30
     97  4.339365876136E-02  4.272298E-12  2.688743E-13  2.209034E-16  8.941774E-19  1.966889E-22  2.876147E-25  1.193416E-29  1.000000E-30
     98  4.362382833621E-02  5.299064E-12  3.413377E-13  2.825421E-16  1.160175E-18  2.564551E-22  3.798461E-25  1.577853E-29  1.000000E-30
     99  4.384703699487E-02  6.481288E-12  4.270367E-13  3.560594E-16  1.482564E-18  3.292884E-22  4.938372E-25  2.053586E-29  1.000000E-30
    100  4.408801045744E-02  7.997057E-12  5.399652E-13  4.537794E-16  1.918186E-18  4.282555E-22  6.509818E-25  2.710271E-29  1.000000E-30
    101  4.430336182063E-02  9.598643E-12  6.624848E-13  5.606896E-16  2.402393E-18  5.388571E-22  8.290644E-25  3.455399E-29  1.000000E-30
    102  4.453208602613E-02  1.159701E-11  8.193412E-13  6.986834E-16  3.037129E-18  6.846104E-22  1.066960E-24  4.452043E-29  1.000000E-30
    103  4.474836808964E-02  1.381246E-11  9.977368E-13  8.569052E-16  3.776200E-18  8.552177E-22  1.349215E-24  5.636020E-29  1.000000E-30
    104  4.497736119052E-02  1.655966E-11  1.224663E-12  1.059809E-15  4.738701E-18  1.078575E-21  1.723779E-24  7.209212E-29  1.000000E-30
    105  4.517199675598E-02  1.926660E-11  1.453706E-12  1.266178E-15  5.731964E-18  1.310220E-21  2.117231E-24  8.863736E-29  1.000000E-30
    106  4.536038532241E-02  2.225349E-11  1.712057E-12  1.500588E-15  6.875292E-18  1.578077E-21  2.577528E-24  1.080153E-28  1.000000E-30
    107  4.552484255766E-02  2.518418E-11  1.970779E-12  1.736863E-15  8.041994E-18  1.852564E-21  3.054336E-24  1.281091E-28  1.000000E-30
    108  4.581275722245E-02  3.110658E-11  2.508094E-12  2.231830E-15  1.052663E-17  2.440414E-21  4.090274E-24  1.718273E-28  1.000000E-30
    109  4.603616864208E-02  3.643704E-11  3.006978E-12  2.695924E-15  1.289993E-17  3.005484E-21  5.102275E-24  2.146031E-28  1.000000E-30
    110  4.624194314299E-02  4.193346E-11  3.535728E-12  3.192039E-15  1.547835E-17  3.622780E-21  6.223384E-24  2.620559E-28  1.000000E-30
    111  4.641297951594E-02  4.693421E-11  4.028842E-12  3.658298E-15  1.793702E-17  4.214310E-21  7.311206E-24  3.081570E-28  1.000000E-30
    112  4.656990459822E-02  5.186107E-11  4.525623E-12  4.131285E-15  2.046374E-17  4.824891E-21  8.446628E-24  3.563290E-28  1.000000E-30
    113  4.671253119976E-02  5.661205E-11  5.014783E-12  4.600032E-15  2.299825E-17  5.439862E-21  9.602078E-24  4.054015E-28  1.000000E-30
    114  4.684580987606E-02  6.127899E-11  5.504840E-12  5.072493E-15  2.558191E-17  6.069158E-21  1.079589E-23  4.561525E-28  1.000000E-30
    115  4.697520204195E-02  6.601263E-11  6.011483E-12  5.563812E-15  2.829818E-17  6.733196E-21  1.206733E-23  5.102549E-28  1.000000E-30
    116  4.709649788536E-02  7.062490E-11  6.514352E-12  6.054237E-15  3.103820E-17  7.405417E-21  1.336597E-23  5.655642E-28  1.000000E-30
    117  4.721637454993E-02  7.534361E-11  7.038196E-12  6.567938E-15  3.393773E-17  8.119226E-21  1.475690E-23  6.248570E-28  1.000000E-30
    118  4.732862910872E-02  7.990173E-11  7.553173E-12  7.075646E-15  3.683195E-17  8.834099E-21  1.616157E-23  6.847869E-28  1.000000E-30
    119  4.750539400184E-02  8.734360E-11  8.412830E-12  7.928896E-15  4.175698E-17  1.005570E-20  1.858725E-23  7.883902E-28  1.000000E-30
    120  4.767210524850E-02  9.464323E-11  9.278739E-12  8.795275E-15  4.683250E-17  1.132092E-20  2.113100E-23  8.971768E-28  1.000000E-30
    121  4.783406579930E-02  1.019860E-10  1.017239E-11  9.696345E-15  5.218698E-17  1.266207E-20  2.385976E-23  1.014021E-27  1.000000E-30
    122  4.799263518131E-02  1.094039E-10  1.109829E-11  1.063703E-14  5.785534E-17  1.408849E-20  2.679602E-23  1.139905E-27  1.000000E-30
    123  4.815339657435E-02  1.171415E-10  1.208911E-11  1.165134E-14  6.405336E-17  1.565551E-20  3.005947E-23  1.279988E-27  1.000000E-30
    124  4.832264594384E-02  1.255235E-10  1.319099E-11  1.278823E-14  7.110095E-17  1.744594E-20  3.383310E-23  1.442177E-27  1.000000E-30
    125  4.849826454798E-02  1.344663E-10  1.439946E-11  1.404537E-14  7.901219E-17  1.946594E-20  3.814421E-23  1.627715E-27  1.000000E-30
    126  4.867786870736E-02  1.438585E-10  1.570548E-11  1.541555E-14  8.776970E-17  2.171368E-20  4.300356E-23  1.837140E-27  1.000000E-30
    127  4.885872256535E-02  1.535535E-10  1.709359E-11  1.688450E-14  9.730788E-17  2.417476E-20  4.839419E-23  2.069790E-27  1.000000E-30
    128  4.903755607841E-02  1.633570E-10  1.853920E-11  1.842763E-14  1.074875E-16  2.681527E-20  5.425391E-23  2.323048E-27  1.000000E-30
    129  4.921259737621E-02  1.731405E-10  2.002488E-11  2.002724E-14  1.182060E-16  2.961018E-20  6.053678E-23  2.594979E-27  1.000000E-30
    130  4.938368810460E-02  1.828584E-10  2.154437E-11  2.167723E-14  1.294341E-16  3.255307E-20  6.723671E-23  2.885368E-27  1.062263E-30
    131  4.955132280349E-02  1.924997E-10  2.309665E-11  2.337712E-14  1.411798E-16  3.564733E-20  7.436984E-23  3.194962E-27  1.184627E-30
    132  4.971624312404E-02  2.020668E-10  2.468309E-11  2.512918E-14  1.534716E-16  3.890184E-20  8.196590E-23  3.525104E-27  1.315390E-30
    133  4.987811857735E-02  2.114964E-10  2.629441E-11  2.692390E-14  1.662556E-16  4.230383E-20  9.000463E-23  3.874968E-27  1.455042E-30
    134  5.003799836445E-02  2.207880E-10  2.793292E-11  2.876481E-14  1.795725E-16  4.586569E-20  9.852601E-23  4.246353E-27  1.604429E-30
    135  5.019682549602E-02  2.299575E-10  2.960278E-11  3.065756E-14  1.934796E-16  4.960452E-20  1.075826E-22  4.641618E-27  1.764652E-30
    136  5.035511419132E-02  2.389745E-10  3.130171E-11  3.260097E-14  2.079895E-16  5.352592E-20  1.172025E-22  5.062063E-27  1.936419E-30
    137  5.051299755300E-02  2.477755E-10  3.302176E-11  3.458751E-14  2.230703E-16  5.762366E-20  1.273861E-22  5.507805E-27  2.119980E-30
    138  5.067010535678E-02  2.562589E-10  3.474737E-11  3.660085E-14  2.386228E-16  6.187335E-20  1.380896E-22  5.977005E-27  2.314788E-30
    139  5.082726902819E-02  2.643761E-10  3.647385E-11  3.863736E-14  2.546469E-16  6.627767E-20  1.493377E-22  6.470857E-27  2.521567E-30
    140  5.098506829486E-02  2.720449E-10  3.819087E-11  4.068718E-14  2.710990E-16  7.082793E-20  1.611299E-22  6.989452E-27  2.740626E-30
    141  5.114361869269E-02  2.791393E-10  3.987936E-11  4.273029E-14  2.878580E-16  7.549440E-20  1.734136E-22  7.530611E-27  2.971350E-30
    142  5.130328078870E-02  2.855224E-10  4.151854E-11  4.474480E-14  3.047902E-16  8.024408E-20  1.861297E-22  8.091874E-27  3.213030E-30
    143  5.146205644840E-02  2.909574E-10  4.306021E-11  4.667467E-14  3.214690E-16  8.496137E-20  1.989952E-22  8.660897E-27  3.460680E-30
    144  5.162089365231E-02  2.953172E-10  4.448323E-11  4.849675E-14  3.377397E-16  8.960652E-20  2.119280E-22  9.234192E-27  3.713107E-30
    145  5.177902725711E-02  2.984139E-10  4.574738E-11  5.016356E-14  3.532305E-16  9.407787E-20  2.246741E-22  9.800642E-27  3.965764E-30
    146  5.193558292952E-02  3.000587E-10  4.680971E-11  5.162318E-14  3.675175E-16  9.825767E-20  2.369274E-22  1.034680E-26  4.212993E-30
    147  5.207655208218E-02  3.002035E-10  4.757549E-11  5.273939E-14  3.791966E-16  1.017302E-19  2.474401E-22  1.081691E-26  4.429299E-30
    148  5.220437120847E-02  2.991479E-10  4.809084E-11  5.356141E-14  3.885828E-16  1.045752E-19  2.563741E-22  1.121789E-26  4.617057E-30
    149  5.240275279905E-02  2.951039E-10  4.850733E-11  5.442113E-14  4.003773E-16  1.082756E-19  2.687207E-22  1.177519E-26  4.885162E-30
    150  5.258707116153E-02  2.885529E-10  4.842233E-11  5.469648E-14  4.076768E-16  1.107514E-19  2.780224E-22  1.219933E-26  5.098808E-30
    151  5.276353482958E-02  2.796910E-10  4.787618E-11  5.443369E-14  4.108189E-16  1.120924E-19  2.844884E-22  1.249939E-26  5.261536E-30
    152  5.293536770993E-02  2.686532E-10  4.688594E-11  5.364853E-14  4.098604E-16  1.123076E-19  2.880975E-22  1.267419E-26  5.372308E-30
    153  5.310288915571E-02  2.557273E-10  4.548228E-11  5.236748E-14  4.048697E-16  1.114024E-19  2.887755E-22  1.271999E-26  5.428454E-30
    154  5.325369291828E-02  2.424365E-10  4.385983E-11  5.078379E-14  3.968671E-16  1.096108E-19  2.868183E-22  1.264815E-26  5.430939E-30
    155  5.339308966526E-02  2.289542E-10  4.207971E-11  4.897676E-14  3.865736E-16  1.071394E-19  2.828057E-22  1.248438E-26  5.391099E-30
    156  5.362726198018E-02  2.043318E-10  3.856539E-11  4.528133E-14  3.634432E-16  1.013196E-19  2.713931E-22  1.200197E-26  5.232454E-30
    157  5.383816121000E-02  1.808415E-10  3.496072E-11  4.137511E-14  3.371565E-16  9.448986E-20  2.564755E-22  1.136065E-26  4.995788E-30
    158  5.403768730975E-02  1.583347E-10  3.131427E-11  3.733893E-14  3.086670E-16  8.694054E-20  2.389675E-22  1.060147E-26  4.700244E-30
    159  5.422986619970E-02  1.371373E-10  2.772456E-11  3.329926E-14  2.791175E-16  7.899949E-20  2.197910E-22  9.765330E-27  4.363894E-30
    160  5.440569294967E-02  1.186516E-10  2.447516E-11  2.959262E-14  2.512212E-16  7.142056E-20  2.009256E-22  8.939432E-27  4.023863E-30
    161  5.456994612052E-02  1.024894E-10  2.154335E-11  2.621054E-14  2.251741E-16  6.428248E-20  1.827354E-22  8.140651E-27  3.689250E-30
    162  5.485681963417E-02  7.740452E-11  1.681535E-11  2.068236E-14  1.814173E-16  5.216899E-20  1.510187E-22  6.742985E-27  3.092253E-30
    163  5.511708850657E-02  5.847329E-11  1.308984E-11  1.626097E-14  1.453697E-16  4.208179E-20  1.238561E-22  5.541716E-27  2.569037E-30
    164  5.536560227933E-02  4.378876E-11  1.008855E-11  1.265267E-14  1.151916E-16  3.355916E-20  1.003560E-22  4.499290E-27  2.107577E-30
    165  5.559867087093E-02  3.280577E-11  7.765016E-12  9.826248E-15  9.100299E-17  2.667153E-20  8.095870E-23  3.636537E-27  1.720140E-30
    166  5.582344501454E-02  2.445710E-11  5.942197E-12  7.585076E-15  7.141969E-17  2.105375E-20  6.483613E-23  2.917713E-27  1.393215E-30
    167  5.608267729631E-02  1.715640E-11  4.296269E-12  5.539415E-15  5.316657E-17  1.577848E-20  4.940875E-23  2.228233E-27  1.075668E-30
    168  5.632179590432E-02  1.221569E-11  3.145664E-12  4.093728E-15  3.999332E-17  1.194296E-20  3.798015E-23  1.716245E-27  1.000000E-30
    169  5.658568452696E-02  8.309528E-12  2.206903E-12  2.901736E-15  2.890970E-17  8.692742E-21  2.812040E-23  1.273526E-27  1.000000E-30
    170  5.682194908758E-02  5.850097E-12  1.597328E-12  2.119730E-15  2.149376E-17  6.502940E-21  2.136160E-23  9.693696E-28  1.000000E-30
    171  5.707748662895E-02  3.996884E-12  1.124578E-12  1.507421E-15  1.558007E-17  4.745515E-21  1.585024E-23  7.208426E-28  1.000000E-30
    172  5.730159219632E-02  2.872628E-12  8.298155E-13  1.122167E-15  1.179477E-17  3.613830E-21  1.224816E-23  5.581019E-28  1.000000E-30
    173  5.769211250520E-02  1.658698E-12  5.015789E-13  6.887936E-16  7.454397E-18  2.307548E-21  8.021791E-24  3.667559E-28  1.000000E-30
    174  5.804755660481E-02  1.065422E-12  3.359884E-13  4.679829E-16  5.203282E-18  1.626080E-21  5.787073E-24  2.654176E-28  1.000000E-30
    175  5.837706807704E-02  7.640691E-13  2.505113E-13  3.535600E-16  4.031123E-18  1.270975E-21  4.623340E-24  2.126711E-28  1.000000E-30
    176  5.868213309337E-02  6.092898E-13  2.070877E-13  2.958732E-16  3.452863E-18  1.097624E-21  4.074334E-24  1.879324E-28  1.000000E-30
    177  5.897372529375E-02  5.279015E-13  1.857336E-13  2.685008E-16  3.204205E-18  1.026633E-21  3.885450E-24  1.796952E-28  1.000000E-30
    178  5.927019313219E-02  4.853242E-13  1.768940E-13  2.588102E-16  3.159779E-18  1.020576E-21  3.939709E-24  1.827006E-28  1.000000E-30
    179  5.955970264735E-02  4.673440E-13  1.763577E-13  2.610823E-16  3.259551E-18  1.061141E-21  4.176491E-24  1.942007E-28  1.000000E-30
    180  5.987296131417E-02  4.635415E-13  1.816631E-13  2.724015E-16  3.484430E-18  1.144119E-21  4.598874E-24  2.144675E-28  1.000000E-30
    181  6.018239261751E-02  4.692187E-13  1.909217E-13  2.899456E-16  3.799221E-18  1.258144E-21  5.163857E-24  2.415192E-28  1.000000E-30
    182  6.051941164510E-02  4.815300E-13  2.041436E-13  3.143666E-16  4.229098E-18  1.413606E-21  5.935795E-24  2.785161E-28  1.000000E-30
    183  6.081686890997E-02  4.954802E-13  2.178397E-13  3.396195E-16  4.676651E-18  1.576166E-21  6.753481E-24  3.177908E-28  1.000000E-30
    184  6.107970107709E-02  5.092600E-13  2.312346E-13  3.644684E-16  5.123721E-18  1.739542E-21  7.588195E-24  3.579803E-28  1.000000E-30
    185  6.149099227918E-02  5.324874E-13  2.543460E-13  4.078548E-16  5.923137E-18  2.034262E-21  9.127078E-24  4.323171E-28  1.000000E-30
    186  6.184187848266E-02  5.533120E-13  2.760241E-13  4.491978E-16  6.707878E-18  2.326663E-21  1.069367E-23  5.082847E-28  1.000000E-30
    187  6.212841772032E-02  5.707299E-13  2.950272E-13  4.859728E-16  7.424752E-18  2.596290E-21  1.217101E-23  5.801648E-28  1.000000E-30
    188  6.241083345826E-02  5.881430E-13  3.149131E-13  5.249845E-16  8.204111E-18  2.891943E-21  1.382446E-23  6.608605E-28  1.000000E-30
    189  6.286334795077E-02  6.163809E-13  3.492417E-13  5.935663E-16  9.619562E-18  3.435043E-21  1.694511E-23  8.137852E-28  1.000000E-30
    190  6.324448148531E-02  6.403489E-13  3.805995E-13  6.575337E-16  1.098953E-17  3.967498E-21  2.009930E-23  9.690683E-28  1.000000E-30
    191  6.354755735680E-02  6.595046E-13  4.072536E-13  7.128442E-16  1.221062E-17  4.447133E-21  2.301265E-23  1.113043E-27  1.000000E-30
    192  6.382753282149E-02  6.772154E-13  4.332690E-13  7.676394E-16  1.345257E-17  4.939446E-21  2.606836E-23  1.264552E-27  1.000000E-30
    193  6.429792763326E-02  7.068676E-13  4.800805E-13  8.681966E-16  1.581199E-17  5.886061E-21  3.211334E-23  1.565593E-27  1.087101E-30
    194  6.470641913937E-02  7.323797E-13  5.240073E-13  9.647702E-16  1.817148E-17  6.846091E-21  3.844966E-23  1.882757E-27  1.336406E-30
    195  6.514351188605E-02  7.592970E-13  5.745437E-13  1.078425E-15  2.106004E-17  8.037593E-21  4.657058E-23  2.291292E-27  1.660375E-30
    196  6.551961572666E-02  7.820850E-13  6.211444E-13  1.185533E-15  2.388709E-17  9.219134E-21  5.487531E-23  2.711094E-27  2.000149E-30
    197  6.614173306661E-02  8.186833E-13  7.047348E-13  1.383042E-15  2.935522E-17  1.154278E-20  7.185524E-23  3.574725E-27  2.717248E-30
    198  6.666431851744E-02  8.480412E-13  7.813960E-13  1.570092E-15  3.482583E-17  1.391204E-20  8.995056E-23  4.501574E-27  3.509428E-30
    199  6.714973898932E-02  8.739474E-13  8.580538E-13  1.762608E-15  4.073860E-17  1.651654E-20  1.106399E-22  5.567994E-27  4.444692E-30
    200  6.763365269933E-02  8.983634E-13  9.400528E-13  1.974333E-15  4.755530E-17  1.956870E-20  1.358228E-22  6.874020E-27  5.618989E-30
    201  6.810748363549E-02  9.206444E-13  1.025690E-12  2.201803E-15  5.523510E-17  2.306424E-20  1.657791E-22  8.437222E-27  7.059940E-30
    202  6.886988901479E-02  9.527021E-13  1.174689E-12  2.612737E-15  7.000687E-17  2.993563E-20  2.276993E-22  1.169520E-26  1.016425E-29
    203  6.932442343830E-02  9.694449E-13  1.270468E-12  2.886841E-15  8.047909E-17  3.491024E-20  2.747312E-22  1.418949E-26  1.261653E-29
    204  6.977291475786E-02  9.840944E-13  1.369997E-12  3.179768E-15  9.219787E-17  4.056633E-20  3.301968E-22  1.714903E-26  1.559711E-29
    205  7.051837306122E-02  1.004042E-12  1.546258E-12  3.718831E-15  1.151545E-16  5.188876E-20  4.468680E-22  2.342655E-26  2.212938E-29
    206  7.120724846930E-02  1.017415E-12  1.721360E-12  4.279917E-15  1.409092E-16  6.492355E-20  5.893095E-22  3.116723E-26  3.050096E-29
    207  7.185571854523E-02  1.025470E-12  1.896947E-12  4.867996E-15  1.698779E-16  7.994602E-20  7.627990E-22  4.068457E-26  4.117489E-29
    208  7.250556240022E-02  1.029053E-12  2.082834E-12  5.518833E-15  2.042563E-16  9.820742E-20  9.854750E-22  5.301520E-26  5.550777E-29
    209  7.308358088908E-02  1.028535E-12  2.256399E-12  6.152920E-15  2.400447E-16  1.176562E-19  1.235155E-21  6.696526E-26  7.228222E-29
    210  7.365083251161E-02  1.024779E-12  2.434451E-12  6.829844E-15  2.806939E-16  1.402236E-19  1.539178E-21  8.409560E-26  9.354682E-29
    211  7.420607479025E-02  1.018105E-12  2.615673E-12  7.547052E-15  3.264973E-16  1.661976E-19  1.906182E-21  1.049491E-25  1.202610E-28
    212  7.477269193766E-02  1.008461E-12  2.807655E-12  8.338245E-15  3.802448E-16  1.973334E-19  2.367691E-21  1.313963E-25  1.552310E-28
    213  7.532671922740E-02  9.965473E-13  3.003008E-12  9.175880E-15  4.407267E-16  2.331195E-19  2.924006E-21  1.635489E-25  1.991098E-28
    214  7.590819975934E-02  9.816934E-13  3.215996E-12  1.012716E-14  5.138270E-16  2.773182E-19  3.645327E-21  2.056046E-25  2.583881E-28
    215  7.648106882397E-02  9.650671E-13  3.434186E-12  1.114272E-14  5.969420E-16  3.286901E-19  4.526173E-21  2.574227E-25  3.338701E-28
    216  7.706864365518E-02  9.463797E-13  3.667970E-12  1.227531E-14  6.955945E-16  3.910184E-19  5.649102E-21  3.240806E-25  4.342365E-28
    217  7.765097184480E-02  9.266427E-13  3.910939E-12  1.349950E-14  8.090450E-16  4.642914E-19  7.036553E-21  4.071953E-25  5.636307E-28
    218  7.824188421090E-02  9.058271E-13  4.170233E-12  1.485717E-14  9.428557E-16  5.526414E-19  8.795140E-21  5.135167E-25  7.348151E-28
    219  7.883216312169E-02  8.847129E-13  4.444656E-12  1.634732E-14  1.098857E-15  6.579243E-19  1.099787E-20  6.479266E-25  9.586496E-28
    220  7.934760137230E-02  8.663836E-13  4.699934E-12  1.777739E-14  1.256953E-15  7.667854E-19  1.338280E-20  7.947068E-25  1.210859E-27
    221  7.991019390762E-02  8.468800E-13  4.997670E-12  1.949480E-14  1.457043E-15  9.072917E-19  1.660296E-20  9.945726E-25  1.565040E-27
    222  8.044081450283E-02  8.293188E-13  5.300339E-12  2.128916E-14  1.677161E-15  1.064917E-18  2.038255E-20  1.231165E-24  1.997527E-27
    223  8.103419684334E-02  8.110559E-13  5.670728E-12  2.353977E-14  1.967626E-15  1.277061E-18  2.570910E-20  1.567515E-24  2.632295E-27
    224  8.158988408622E-02  7.956389E-13  6.054050E-12  2.592457E-14  2.291390E-15  1.518289E-18  3.205551E-20  1.971848E-24  3.420528E-27
    225  8.219791245697E-02  7.810312E-13  6.522102E-12  2.890269E-14  2.716532E-15  1.841491E-18  4.096985E-20  2.544966E-24  4.575322E-27
    226  8.273529679330E-02  7.703613E-13  6.987555E-12  3.192504E-14  3.169152E-15  2.192342E-18  5.110063E-20  3.202091E-24  5.942635E-27
    227  8.327310875316E-02  7.619695E-13  7.511978E-12  3.539373E-14  3.712298E-15  2.621124E-18  6.402769E-20  4.047680E-24  7.756376E-27
    228  8.381967664174E-02  7.558409E-13  8.113230E-12  3.945064E-14  4.377370E-15  3.156091E-18  8.088160E-20  5.159689E-24  1.021664E-26
    229  8.442137901789E-02  7.518223E-13  8.866335E-12  4.464748E-14  5.272706E-15  3.890964E-18  1.051520E-19  6.776012E-24  1.391343E-26
    230  8.496109010092E-02  7.504648E-13  9.636753E-12  5.008701E-14  6.257814E-15  4.715937E-18  1.337071E-19  8.695405E-24  1.845037E-26
    231  8.556251684447E-02  7.510341E-13  1.060899E-11  5.713613E-14  7.604035E-15  5.867302E-18  1.755420E-19  1.153466E-23  2.539338E-26
    232  8.609514523980E-02  7.528961E-13  1.157700E-11  6.436103E-14  9.061694E-15  7.140942E-18  2.241383E-19  1.486498E-23  3.381859E-26
    233  8.668730402486E-02  7.558031E-13  1.277979E-11  7.362232E-14  1.103986E-14  8.907704E-18  2.949972E-19  1.976939E-23  4.666221E-26
    234  8.725638446658E-02  7.586561E-13  1.406323E-11  8.386036E-14  1.336600E-14  1.103433E-17  3.848965E-19  2.605707E-23  6.373535E-26
    235  8.784892152766E-02  7.607624E-13  1.552587E-11  9.599788E-14  1.631035E-14  1.379252E-17  5.079997E-19  3.476059E-23  8.826262E-26
    236  8.837914431516E-02  7.611060E-13  1.693660E-11  1.081993E-13  1.947248E-14  1.682727E-17  6.508851E-19  4.497061E-23  1.180998E-25
    237  8.927467123273E-02  7.563661E-13  1.950599E-11  1.317574E-13  2.615371E-14  2.345163E-17  9.860215E-19  6.926363E-23  1.926502E-25
    238  9.009385267910E-02  7.440926E-13  2.198236E-11  1.563517E-13  3.397590E-14  3.152578E-17  1.431599E-18  1.021239E-22  2.995290E-25
    239  9.088007009323E-02  7.236914E-13  2.439132E-11  1.824005E-13  4.326952E-14  4.150384E-17  2.030637E-18  1.470450E-22  4.540374E-25
    240  9.160938796651E-02  6.968993E-13  2.656430E-11  2.082044E-13  5.361276E-14  5.304911E-17  2.782999E-18  2.043879E-22  6.622148E-25
    241  9.231864750676E-02  6.639936E-13  2.855145E-11  2.343465E-13  6.539640E-14  6.671468E-17  3.747489E-18  2.790708E-22  9.478806E-25
    242  9.335415502949E-02  6.059508E-13  3.112476E-11  2.734929E-13  8.593303E-14  9.171264E-17  5.699380E-18  4.332871E-22  1.578330E-24
    243  9.429165011748E-02  5.468296E-13  3.304100E-11  3.090835E-13  1.082451E-13  1.204042E-16  8.205200E-18  6.357477E-22  2.468418E-24
    244  9.514750284226E-02  4.907246E-13  3.444587E-11  3.414230E-13  1.321576E-13  1.527311E-16  1.133208E-17  8.936347E-22  3.680223E-24
    245  9.592869681963E-02  4.403284E-13  3.546910E-11  3.708618E-13  1.574126E-13  1.884531E-16  1.512196E-17  1.212148E-21  5.270601E-24
    246  9.638259128200E-02  4.119650E-13  3.597655E-11  3.881389E-13  1.738826E-13  2.125221E-16  1.785337E-17  1.444903E-21  6.485523E-24
    247  9.686466198075E-02  3.830605E-13  3.646212E-11  4.067766E-13  1.930418E-13  2.412161E-16  2.128138E-17  1.740177E-21  8.081162E-24
    248  9.745016881397E-02  3.500032E-13  3.700517E-11  4.301089E-13  2.189993E-13  2.811602E-16  2.633535E-17  2.180844E-21  1.055765E-23
    249  9.798964068785E-02  3.217569E-13  3.749492E-11  4.527152E-13  2.460571E-13  3.239425E-16  3.207448E-17  2.687592E-21  1.352295E-23
    250  9.892639389759E-02  2.781299E-13  3.844502E-11  4.962756E-13  3.024294E-13  4.161355E-16  4.541624E-17  3.885499E-21  2.092202E-23
    251  9.977784733458E-02  2.450766E-13  3.960222E-11  5.436643E-13  3.679723E-13  5.273186E-16  6.292281E-17  5.487643E-21  3.144457E-23
    252  1.005622893962E-01  2.202198E-13  4.116669E-11  5.985199E-13  4.466771E-13  6.648191E-16  8.620115E-17  7.654230E-21  4.647452E-23
    253  1.013070552067E-01  2.019381E-13  4.338122E-11  6.664196E-13  5.460877E-13  8.428600E-16  1.183281E-16  1.069049E-20  6.861362E-23
    254  1.019791947326E-01  1.900268E-13  4.632545E-11  7.482928E-13  6.676407E-13  1.065199E-15  1.607675E-16  1.475679E-20  9.962459E-23
    255  1.025982572428E-01  1.831079E-13  5.020564E-11  8.497201E-13  8.204544E-13  1.349966E-15  2.179072E-16  2.029940E-20  1.436340E-22
    256  1.032644197032E-01  1.804312E-13  5.616970E-11  1.000074E-12  1.051893E-12  1.789643E-15  3.106969E-16  2.941288E-20  2.189991E-22
    257  1.039121745974E-01  1.829840E-13  6.450968E-11  1.207130E-12  1.380718E-12  2.427472E-15  4.525918E-16  4.352956E-20  3.407089E-22
    258  1.045193471709E-01  1.905152E-13  7.554700E-11  1.481740E-12  1.834470E-12  3.326880E-15  6.635095E-16  6.478043E-20  5.315449E-22
    259  1.051181778144E-01  2.034810E-13  9.064992E-11  1.863085E-12  2.495130E-12  4.666808E-15  9.951041E-16  9.861941E-20  8.480452E-22
    260  1.056826419982E-01  2.213665E-13  1.101191E-10  2.366068E-12  3.413982E-12  6.575374E-15  1.493916E-15  1.501785E-19  1.350205E-21
    261  1.062431336111E-01  2.452149E-13  1.362472E-10  3.060580E-12  4.757802E-12  9.436261E-15  2.284274E-15  2.329322E-19  2.189515E-21
    262  1.068146627648E-01  2.766512E-13  1.721312E-10  4.047398E-12  6.791628E-12  1.388192E-14  3.586345E-15  3.711202E-19  3.651523E-21
    263  1.073656177930E-01  3.146183E-13  2.183818E-10  5.367831E-12  9.700020E-12  2.041502E-14  5.617559E-15  5.896798E-19  6.064960E-21
    264  1.079139362418E-01  3.606830E-13  2.794588E-10  7.181552E-12  1.397789E-11  3.029344E-14  8.879636E-15  9.455682E-19  1.016702E-20
    265  1.084202130578E-01  4.113878E-13  3.529804E-10  9.453859E-12  1.971383E-11  4.390435E-14  1.364699E-14  1.472757E-18  1.650241E-20
    266  1.089957947327E-01  4.795877E-13  4.622391E-10  1.298025E-11  2.928596E-11  6.728786E-14  2.236650E-14  2.450964E-18  2.879052E-20
    267  1.095139929398E-01  5.514466E-13  5.904545E-10  1.730796E-11  4.193811E-11  9.912034E-14  3.501149E-14  3.890298E-18  4.769452E-20
    268  1.100036617482E-01  6.290556E-13  7.446596E-10  2.273817E-11  5.896433E-11  1.431591E-13  5.357395E-14  6.032160E-18  7.702220E-20
    269  1.105581599754E-01  7.292015E-13  9.674195E-10  3.094851E-11  8.670052E-11  2.170530E-13  8.674949E-14  9.916349E-18  1.326223E-19
    270  1.111738162549E-01  8.564918E-13  1.289963E-09  4.347506E-11  1.327667E-10  3.439830E-13  1.479639E-13  1.720312E-17  2.423126E-19
    271  1.117276452796E-01  9.855925E-13  1.665796E-09  5.886061E-11  1.943765E-10  5.195314E-13  2.388691E-13  2.820400E-17  4.163689E-19
    272  1.122547306619E-01  1.121384E-12  2.116328E-09  7.824991E-11  2.785039E-10  7.669498E-13  3.758569E-13  4.504166E-17  6.955569E-19
    273  1.128196390807E-01  1.280574E-12  2.720686E-09  1.056454E-10  4.076173E-10  1.159298E-12  6.085873E-13  7.411203E-17  1.201448E-18
    274  1.134172103791E-01  1.462824E-12  3.525138E-09  1.442228E-10  6.064102E-10  1.785039E-12  1.008303E-12  1.249143E-16  2.132610E-18
    275  1.139661173569E-01  1.640363E-12  4.442839E-09  1.907772E-10  8.685695E-10  2.639469E-12  1.595493E-12  2.008318E-16  3.596963E-18
    276  1.145721141816E-01  1.844973E-12  5.686279E-09  2.576712E-10  1.281447E-09  4.034619E-12  2.629528E-12  3.369206E-16  6.364454E-18
    277  1.151138636995E-01  2.032047E-12  7.030446E-09  3.344057E-10  1.800478E-09  5.852671E-12  4.081627E-12  5.314278E-16  1.053166E-17
    278  1.160623872824E-01  2.352870E-12  9.992859E-09  5.178820E-10  3.208622E-09  1.103582E-11  8.674536E-12  1.161968E-15  2.506244E-17
    279  1.166131253687E-01  2.528002E-12  1.209574E-08  6.591953E-10  4.433655E-09  1.576265E-11  1.328924E-11  1.810121E-15  4.103153E-17
    280  1.171578902390E-01  2.686156E-12  1.446377E-08  8.287545E-10  6.048553E-09  2.222531E-11  2.009031E-11  2.782507E-15  6.626967E-17
    281  1.179966344325E-01  2.885181E-12  1.866704E-08  1.156248E-09  9.580712E-09  3.705628E-11  3.732560E-11  5.305586E-15  1.364411E-16
    282  1.184626561866E-01  2.968490E-12  2.126658E-08  1.376036E-09  1.224026E-08  4.872291E-11  5.214061E-11  7.520333E-15  2.018952E-16
    283  1.189221956404E-01  3.028781E-12  2.398720E-08  1.620750E-09  1.546657E-08  6.334576E-11  7.198007E-11  1.053332E-14  2.950970E-16
    284  1.197605220964E-01  3.072072E-12  2.926386E-08  2.141344E-09  2.325660E-08  1.003808E-10  1.273721E-10  1.914362E-14  5.800452E-16
    285  1.205341475296E-01  3.039187E-12  3.430117E-08  2.703577E-09  3.311632E-08  1.501032E-10  2.110662E-10  3.252436E-14  1.060148E-15
    286  1.212540834288E-01  2.946626E-12  3.893290E-08  3.290626E-09  4.512438E-08  2.141500E-10  3.315956E-10  5.231213E-14  1.826176E-15
    287  1.219299358624E-01  2.811327E-12  4.305609E-08  3.888055E-09  5.932927E-08  2.940894E-10  4.988692E-10  8.047476E-14  2.997724E-15
    288  1.225766858039E-01  2.648768E-12  4.664132E-08  4.489426E-09  7.592600E-08  3.925004E-10  7.269446E-10  1.198194E-13  4.751574E-15
    289  1.231854533608E-01  2.471143E-12  4.958293E-08  5.070635E-09  9.454278E-08  5.086053E-10  1.023829E-09  1.722415E-13  7.248107E-15
    290  1.237219182154E-01  2.301679E-12  5.175817E-08  5.585541E-09  1.135569E-07  6.328807E-10  1.371713E-09  2.349992E-13  1.042359E-14
    291  1.242404039059E-01  2.132932E-12  5.344122E-08  6.076860E-09  1.343735E-07  7.751023E-10  1.804997E-09  3.147498E-13  1.469418E-14
    292  1.248086455930E-01  1.946796E-12  5.477883E-08  6.599001E-09  1.600686E-07  9.590270E-10  2.417162E-09  4.298169E-13  2.123128E-14
    293  1.253177247642E-01  1.780382E-12  5.551314E-08  7.045022E-09  1.857852E-07  1.151859E-09  3.118027E-09  5.643136E-13  2.933046E-14
    294  1.258810647447E-01  1.603302E-12  5.581488E-08  7.506389E-09  2.172309E-07  1.399156E-09  4.100519E-09  7.568772E-13  4.163273E-14
    295  1.264205598797E-01  1.443409E-12  5.561409E-08  7.909605E-09  2.503089E-07  1.672574E-09  5.291296E-09  9.954031E-13  5.782596E-14
    296  1.270317883483E-01  1.273993E-12  5.483372E-08  8.312850E-09  2.913397E-07  2.030154E-09  7.008076E-09  1.347297E-12  8.330022E-14
    297  1.275757308169E-01  1.135773E-12  5.369323E-08  8.619608E-09  3.310203E-07  2.395074E-09  8.940006E-09  1.752530E-12  1.145762E-13
    298  1.286048671531E-01  9.102220E-13  5.056268E-08  9.055239E-09  4.139274E-07  3.218153E-09  1.394275E-08  2.837142E-12  2.063430E-13
    299  1.290949488661E-01  8.175241E-13  4.869831E-08  9.192752E-09  4.569727E-07  3.677788E-09  1.711863E-08  3.546588E-12  2.715102E-13
    300  1.295345101683E-01  7.427772E-13  4.687611E-08  9.279079E-09  4.974544E-07  4.130445E-09  2.050861E-08  4.318482E-12  3.462391E-13
    301  1.303954523490E-01  6.174132E-13  4.300571E-08  9.349501E-09  5.816046E-07  5.136006E-09  2.896383E-08  6.297994E-12  5.531507E-13
    302  1.308549873199E-01  5.599748E-13  4.082072E-08  9.334048E-09  6.290844E-07  5.742602E-09  3.468261E-08  7.673245E-12  7.078413E-13
    303  1.312776310019E-01  5.125560E-13  3.877688E-08  9.290547E-09  6.742828E-07  6.346905E-09  4.083973E-08  9.181472E-12  8.862840E-13
    304  1.320787884157E-01  4.353775E-13  3.488371E-08  9.137165E-09  7.636174E-07  7.621444E-09  5.533720E-08  1.282811E-11  1.350297E-12
    305  1.327308179063E-01  3.825296E-13  3.174721E-08  8.947477E-09  8.395373E-07  8.792168E-09  7.048970E-08  1.675798E-11  1.893892E-12
    306  1.333821207310E-01  3.369831E-13  2.869557E-08  8.706636E-09  9.179452E-07  1.009052E-08  8.938913E-08  2.179823E-11  2.646244E-12
    307  1.339749669338E-01  3.009467E-13  2.602584E-08  8.449181E-09  9.910212E-07  1.138879E-08  1.105402E-07  2.759273E-11  3.576681E-12
    308  1.345530840576E-01  2.697515E-13  2.353283E-08  8.164712E-09  1.063309E-06  1.276463E-08  1.355178E-07  3.461293E-11  4.785029E-12
    309  1.351098094661E-01  2.427365E-13  2.124620E-08  7.862276E-09  1.133417E-06  1.419449E-08  1.643962E-07  4.293469E-11  6.317820E-12
    310  1.359304916944E-01  2.076544E-13  1.811279E-08  7.376543E-09  1.236155E-06  1.648634E-08  2.172383E-07  5.864765E-11  9.468317E-12
    311  1.363572082699E-01  1.912500E-13  1.659597E-08  7.106646E-09  1.288505E-06  1.776030E-08  2.503740E-07  6.877871E-11  1.165632E-11
    312  1.367788244083E-01  1.760537E-13  1.516987E-08  6.828238E-09  1.339011E-06  1.907065E-08  2.875248E-07  8.036070E-11  1.429218E-11
    313  1.375777712339E-01  1.499508E-13  1.268629E-08  6.280598E-09  1.429918E-06  2.167851E-08  3.714666E-07  1.073064E-10  2.092353E-11
    314  1.380438267916E-01  1.361905E-13  1.136863E-08  5.951952E-09  1.478947E-06  2.326054E-08  4.296399E-07  1.265453E-10  2.604469E-11
    315  1.384690951451E-01  1.244364E-13  1.024376E-08  5.645631E-09  1.520330E-06  2.473084E-08  4.894078E-07  1.467425E-10  3.173676E-11
    316  1.391087445178E-01  1.082007E-13  8.696156E-09  5.180155E-09  1.575523E-06  2.696979E-08  5.924131E-07  1.824908E-10  4.254371E-11
    317  1.397002518981E-01  9.466758E-14  7.418055E-09  4.750504E-09  1.617728E-06  2.903969E-08  7.028450E-07  2.220314E-10  5.550581E-11
    318  1.402705851668E-01  8.285713E-14  6.316499E-09  4.339617E-09  1.649050E-06  3.099950E-08  8.243118E-07  2.668551E-10  7.138997E-11
    319  1.408634912375E-01  7.178486E-14  5.299266E-09  3.918962E-09  1.670709E-06  3.296075E-08  9.673173E-07  3.212844E-10  9.227341E-11
    320  1.414089642241E-01  6.266353E-14  4.476611E-09  3.544145E-09  1.680247E-06  3.466536E-08  1.114459E-06  3.790602E-10  1.162580E-10
    321  1.419220762512E-01  5.495686E-14  3.795454E-09  3.205052E-09  1.679695E-06  3.615263E-08  1.266813E-06  4.406927E-10  1.438244E-10
    322  1.422771704232E-01  5.006736E-14  3.371253E-09  2.977644E-09  1.673617E-06  3.709873E-08  1.380406E-06  4.877941E-10  1.662317E-10
    323  1.426029315631E-01  4.589946E-14  3.015259E-09  2.775728E-09  1.664006E-06  3.790019E-08  1.490422E-06  5.343318E-10  1.894903E-10
    324  1.430135230101E-01  4.106305E-14  2.609892E-09  2.531731E-09  1.646533E-06  3.881254E-08  1.636845E-06  5.976572E-10  2.229020E-10
    325  1.434683796643E-01  3.621560E-14  2.213485E-09  2.276043E-09  1.620391E-06  3.968500E-08  1.808905E-06  6.740754E-10  2.659019E-10
    326  1.440315208021E-01  3.089320E-14  1.792019E-09  1.981337E-09  1.578535E-06  4.054516E-08  2.035763E-06  7.781181E-10  3.291354E-10
    327  1.445490332405E-01  2.659364E-14  1.464182E-09  1.731409E-09  1.531240E-06  4.110136E-08  2.257197E-06  8.832607E-10  3.985374E-10
    328  1.451370980342E-01  2.235330E-14  1.154608E-09  1.474332E-09  1.468764E-06  4.146060E-08  2.522212E-06  1.013850E-09  4.925046E-10
    329  1.457052374241E-01  1.883728E-14  9.107040E-10  1.253012E-09  1.400948E-06  4.153111E-08  2.790166E-06  1.151284E-09  6.008518E-10
    330  1.463107957421E-01  1.562681E-14  7.003811E-10  1.044092E-09  1.321764E-06  4.129855E-08  3.087141E-06  1.310114E-09  7.384890E-10
    331  1.468752132891E-01  1.308371E-14  5.439071E-10  8.742305E-10  1.243418E-06  4.081549E-08  3.372264E-06  1.469373E-09  8.903174E-10
    332  1.475510939381E-01  1.053585E-14  3.981190E-10  7.006637E-10  1.146168E-06  3.992992E-08  3.721323E-06  1.673949E-09  1.106541E-09
    333  1.481899111058E-01  8.544159E-15  2.933748E-10  5.629690E-10  1.052432E-06  3.880319E-08  4.056506E-06  1.880999E-09  1.350968E-09
    334  1.491767377555E-01  6.132315E-15  1.798733E-10  3.950032E-10  9.089640E-07  3.661239E-08  4.577501E-06  2.225700E-09  1.819240E-09
    335  1.497116139607E-01  5.104388E-15  1.368910E-10  3.235991E-10  8.337745E-07  3.524789E-08  4.858574E-06  2.424530E-09  2.126843E-09
    336  1.502421520731E-01  4.239322E-15  1.036852E-10  2.638490E-10  7.614929E-07  3.378518E-08  5.135185E-06  2.629929E-09  2.475803E-09
    337  1.509052103900E-01  3.349246E-15  7.275594E-11  2.031202E-10  6.758060E-07  3.186253E-08  5.475470E-06  2.897387E-09  2.980842E-09
    338  1.515352476696E-01  2.667644E-15  5.161911E-11  1.574649E-10  5.998499E-07  2.997602E-08  5.791581E-06  3.162210E-09  3.541609E-09
    339  1.521327102765E-01  2.139710E-15  3.698725E-11  1.228149E-10  5.327225E-07  2.814411E-08  6.083960E-06  3.422896E-09  4.157882E-09
    340  1.526678407657E-01  1.750894E-15  2.730835E-11  9.787968E-11  4.771033E-07  2.650219E-08  6.338591E-06  3.663929E-09  4.788598E-09
    341  1.532481602429E-01  1.404486E-15  1.956667E-11  7.622637E-11  4.216965E-07  2.474267E-08  6.606279E-06  3.933220E-09  5.567609E-09
    342  1.535863948111E-01  1.233052E-15  1.607386E-11  6.575318E-11  3.916865E-07  2.373132E-08  6.758095E-06  4.093972E-09  6.072548E-09
    343  1.538995751697E-01  1.091216E-15  1.336731E-11  5.722502E-11  3.652726E-07  2.280132E-08  6.895913E-06  4.245367E-09  6.577252E-09
    344  1.546020187628E-01  8.265844E-16  8.800732E-12  4.174271E-11  3.111373E-07  2.077488E-08  7.194694E-06  4.593579E-09  7.850553E-09
    345  1.552062305672E-01  6.483841E-16  6.117522E-12  3.170789E-11  2.699909E-07  1.911085E-08  7.440119E-06  4.902774E-09  9.121897E-09
    346  1.557875935888E-01  5.109075E-16  4.289833E-12  2.423261E-11  2.346717E-07  1.757752E-08  7.666349E-06  5.209059E-09  1.052377E-08
    347  1.566447447202E-01  3.567537E-16  2.524554E-12  1.620570E-11  1.897292E-07  1.545824E-08  7.982379E-06  5.676903E-09  1.296273E-08
    348  1.574294426159E-01  2.548909E-16  1.546699E-12  1.117186E-11  1.553775E-07  1.368270E-08  8.254167E-06  6.123225E-09  1.565453E-08
    349  1.581710514975E-01  1.838371E-16  9.674394E-13  7.820901E-12  1.279795E-07  1.213739E-08  8.496970E-06  6.562419E-09  1.868868E-08
    350  1.588328903187E-01  1.365307E-16  6.356414E-13  5.685515E-12  1.073114E-07  1.087916E-08  8.703078E-06  6.969851E-09  2.186909E-08
    351  1.594606073659E-01  1.023532E-16  4.263317E-13  4.199994E-12  9.055783E-08  9.784815E-09  8.890457E-06  7.371151E-09  2.537133E-08
    352  1.600565792087E-01  7.733515E-17  2.912806E-13  3.147436E-12  7.686195E-08  8.826919E-09  9.062066E-06  7.766899E-09  2.921025E-08
    353  1.607059625219E-01  5.664386E-17  1.926765E-13  2.303865E-12  6.415823E-08  7.877550E-09  9.243118E-06  8.216001E-09  3.404999E-08
    354  1.613957576202E-01  4.037347E-17  1.245091E-13  1.659158E-12  5.282786E-08  6.967639E-09  9.430038E-06  8.715658E-09  4.007434E-08
    355  1.620398820205E-01  2.916432E-17  8.295883E-14  1.224308E-12  4.394081E-08  6.199343E-09  9.600837E-06  9.205526E-09  4.667737E-08
    356  1.627691861850E-01  2.000692E-17  5.273730E-14  8.743440E-13  3.560500E-08  5.424497E-09  9.791180E-06  9.790125E-09  5.549486E-08
    357  1.634667099868E-01  1.380630E-17  3.440100E-14  6.381488E-13  2.904549E-08  4.765540E-09  9.971365E-06  1.038202E-08  6.552804E-08
    358  1.645369737572E-01  7.655185E-18  1.811453E-14  4.000641E-13  2.116081E-08  3.894498E-09  1.024609E-05  1.135927E-08  8.469182E-08
    359  1.651200899964E-01  5.499022E-18  1.288841E-14  3.133216E-13  1.777845E-08  3.485341E-09  1.039517E-05  1.192982E-08  9.746711E-08
    360  1.656939516385E-01  3.935868E-18  9.254512E-15  2.475216E-13  1.494417E-08  3.119033E-09  1.054132E-05  1.251927E-08  1.120076E-07
    361  1.664404283242E-01  2.524921E-18  6.070386E-15  1.839996E-13  1.190350E-08  2.696859E-09  1.072983E-05  1.332898E-08  1.343013E-07
    362  1.671401020014E-01  1.650805E-18  4.119948E-15  1.405722E-13  9.597557E-09  2.349758E-09  1.090350E-05  1.413295E-08  1.593137E-07
    363  1.682228463170E-01  8.418484E-19  2.282598E-15  9.376273E-14  6.837627E-09  1.889896E-09  1.116177E-05  1.546295E-08  2.077673E-07
    364  1.688914277275E-01  5.541100E-19  1.595338E-15  7.356139E-14  5.532777E-09  1.649319E-09  1.131132E-05  1.633451E-08  2.448200E-07
    365  1.695862681704E-01  3.582900E-19  1.099931E-15  5.727173E-14  4.421054E-09  1.426620E-09  1.145510E-05  1.727802E-08  2.904460E-07
    366  1.708796298676E-01  1.639647E-19  5.543878E-16  3.626094E-14  2.891466E-09  1.083093E-09  1.167938E-05  1.912182E-08  3.987161E-07
    367  1.720689125062E-01  8.565813E-20  2.953629E-16  2.389500E-14  1.932080E-09  8.317268E-10  1.181690E-05  2.088639E-08  5.325330E-07
    368  1.730357271347E-01  5.500151E-20  1.772940E-16  1.707196E-14  1.380323E-09  6.662568E-10  1.186459E-05  2.233565E-08  6.717877E-07
    369  1.739185931198E-01  3.968218E-20  1.111258E-16  1.256146E-14  1.006256E-09  5.398064E-10  1.184589E-05  2.363763E-08  8.281410E-07
    370  1.748109107026E-01  3.076594E-20  6.942532E-17  9.231380E-15  7.253091E-10  4.333727E-10  1.175607E-05  2.489616E-08  1.018914E-06
    371  1.757092013639E-01  2.531957E-20  4.318758E-17  6.767112E-15  5.156869E-10  3.438356E-10  1.158210E-05  2.605818E-08  1.249446E-06
    372  1.765567714958E-01  2.198285E-20  2.769462E-17  5.061981E-15  3.705147E-10  2.742263E-10  1.133226E-05  2.701037E-08  1.505271E-06
    373  1.775373762473E-01  1.929047E-20  1.656182E-17  3.614096E-15  2.486184E-10  2.079077E-10  1.092736E-05  2.786337E-08  1.852128E-06
    374  1.784803688374E-01  1.738646E-20  1.017879E-17  2.623049E-15  1.670318E-10  1.572667E-10  1.041452E-05  2.835659E-08  2.235800E-06
    375  1.795112536071E-01  1.573929E-20  6.014192E-18  1.846313E-15  1.056855E-10  1.134537E-10  9.710112E-06  2.842890E-08  2.708445E-06
    376  1.804824008025E-01  1.445595E-20  3.724228E-18  1.331392E-15  6.733136E-11  8.188828E-11  8.917509E-06  2.797893E-08  3.190258E-06
    377  1.815169070317E-01  1.327874E-20  2.280695E-18  9.397033E-16  4.050721E-11  5.636754E-11  7.952849E-06  2.688580E-08  3.722101E-06
    378  1.825428215499E-01  1.225740E-20  1.455356E-18  6.682564E-16  2.386111E-11  3.799989E-11  6.911124E-06  2.518249E-08  4.233422E-06
    379  1.841355644659E-01  1.088570E-20  8.006082E-19  3.963532E-16  9.946562E-12  1.959581E-11  5.239630E-06  2.148853E-08  4.905654E-06
    380  1.856860183354E-01  9.742536E-21  5.206711E-19  2.415633E-16  4.053811E-12  9.857783E-12  3.721102E-06  1.716085E-08  5.305909E-06
    381  1.870847965371E-01  8.838357E-21  4.036476E-19  1.577137E-16  1.806113E-12  5.328523E-12  2.572980E-06  1.321573E-08  5.395801E-06
    382  1.883699545972E-01  8.093639E-21  3.497544E-19  1.094646E-16  9.099247E-13  3.213052E-12  1.751944E-06  9.950881E-09  5.263002E-06
    383  1.895671856375E-01  7.460385E-21  3.230817E-19  8.023350E-17  5.295834E-13  2.216413E-12  1.184212E-06  7.397370E-09  4.996835E-06
    384  1.907324824205E-01  6.890555E-21  3.091431E-19  6.151920E-17  3.508170E-13  1.736386E-12  7.889451E-07  5.413453E-09  4.653859E-06
    385  1.917913284253E-01  6.405704E-21  3.025046E-19  5.022297E-17  2.640238E-13  1.524838E-12  5.368690E-07  4.016251E-09  4.307352E-06
    386  1.928179034582E-01  5.958086E-21  2.993130E-19  4.276571E-17  2.124338E-13  1.427732E-12  3.653640E-07  2.975129E-09  3.966249E-06
    387  1.939781308337E-01  5.473012E-21  2.980489E-19  3.738681E-17  1.736189E-13  1.387587E-12  2.346450E-07  2.105469E-09  3.595391E-06
    388  1.950365569225E-01  5.041497E-21  2.978845E-19  3.440471E-17  1.477501E-13  1.385816E-12  1.557968E-07  1.529030E-09  3.283299E-06
    389  1.963061656501E-01  4.530453E-21  2.976956E-19  3.260019E-17  1.237392E-13  1.409376E-12  9.515879E-08  1.041283E-09  2.949781E-06
    390  1.975160386553E-01  4.042790E-21  2.961805E-19  3.215725E-17  1.055529E-13  1.449920E-12  5.953884E-08  7.236866E-10  2.675675E-06
    391  1.988970783448E-01  3.479281E-21  2.910024E-19  3.272412E-17  8.878812E-14  1.514913E-12  3.496802E-08  4.798435E-10  2.412817E-06
    392  2.001908516564E-01  2.947618E-21  2.811844E-19  3.397633E-17  7.608574E-14  1.594619E-12  2.139406E-08  3.292136E-10  2.210303E-06
    393  2.023233395230E-01  2.090715E-21  2.513776E-19  3.675823E-17  5.985377E-14  1.770816E-12  9.724049E-09  1.808111E-10  1.954152E-06
    394  2.035207364909E-01  1.646811E-21  2.271658E-19  3.826056E-17  5.265224E-14  1.896201E-12  6.353095E-09  1.312549E-10  1.844651E-06
    395  2.047171141817E-01  1.249444E-21  1.987410E-19  3.940830E-17  4.641844E-14  2.040071E-12  4.215911E-09  9.649563E-11  1.754079E-06
    396  2.061861175315E-01  8.450675E-22  1.611655E-19  4.002400E-17  3.975472E-14  2.238541E-12  2.626750E-09  6.771836E-11  1.661737E-06
    397  2.075162532616E-01  5.653658E-22  1.278250E-19  3.967702E-17  3.440813E-14  2.432633E-12  1.776767E-09  5.051322E-11  1.589074E-06
    398  2.088103947538E-01  3.670903E-22  9.844942E-20  3.853644E-17  2.967471E-14  2.626604E-12  1.266994E-09  3.911995E-11  1.521882E-06
    399  2.102374295066E-01  2.191208E-22  7.133470E-20  3.652136E-17  2.492264E-14  2.836531E-12  9.244793E-10  3.076460E-11  1.445408E-06
    400  2.116254943500E-01  1.284580E-22  5.075721E-20  3.403823E-17  2.075902E-14  3.027254E-12  7.242344E-10  2.556060E-11  1.363740E-06
    401  2.137594200207E-01  5.395170E-23  2.897880E-20  2.975641E-17  1.525248E-14  3.277312E-12  5.547979E-10  2.115369E-11  1.218420E-06
    402  2.149968302441E-01  3.210562E-23  2.069851E-20  2.723667E-17  1.257263E-14  3.392670E-12  4.984149E-10  1.989862E-11  1.123473E-06
    403  2.163578604848E-01  1.797366E-23  1.421365E-20  2.455688E-17  1.004296E-14  3.492584E-12  4.547364E-10  1.919908E-11  1.012229E-06
    404  2.188327022992E-01  6.289877E-24  7.251228E-21  2.010541E-17  6.500169E-15  3.605534E-12  4.009290E-10  1.903756E-11  8.035210E-07
    405  2.210861741802E-01  2.513225E-24  4.080084E-21  1.661181E-17  4.268419E-15  3.644022E-12  3.647831E-10  1.948432E-11  6.220517E-07
    406  2.231360986547E-01  1.179054E-24  2.578388E-21  1.389425E-17  2.872585E-15  3.641327E-12  3.369288E-10  2.005215E-11  4.758730E-07
    407  2.249661932162E-01  6.606474E-25  1.840495E-21  1.180809E-17  2.004675E-15  3.619732E-12  3.149343E-10  2.057006E-11  3.652281E-07
    408  2.266023391923E-01  4.323757E-25  1.453353E-21  1.018689E-17  1.451013E-15  3.591747E-12  2.973803E-10  2.100249E-11  2.830718E-07
    409  2.291569547831E-01  2.671247E-25  1.125755E-21  8.057259E-18  8.782031E-16  3.541652E-12  2.738706E-10  2.159054E-11  1.843879E-07
    410  2.305971902523E-01  2.223437E-25  1.023804E-21  7.045460E-18  6.653407E-16  3.513380E-12  2.626569E-10  2.187276E-11  1.427443E-07
    411  2.319348711247E-01  1.966590E-25  9.584094E-22  6.211967E-18  5.168449E-16  3.488449E-12  2.534862E-10  2.210481E-11  1.115922E-07
    412  2.335360820165E-01  1.787571E-25  9.036137E-22  5.334290E-18  3.854613E-16  3.461141E-12  2.439832E-10  2.234793E-11  8.229500E-08
    413  2.351317971316E-01  1.702963E-25  8.649817E-22  4.575186E-18  2.915204E-16  3.437251E-12  2.359827E-10  2.255702E-11  6.017806E-08
    414  2.376293164755E-01  1.696709E-25  8.228936E-22  3.585664E-18  1.946083E-16  3.407290E-12  2.260606E-10  2.282897E-11  3.625353E-08
    415  2.399259738388E-01  1.787870E-25  7.957237E-22  2.854971E-18  1.401232E-16  3.388124E-12  2.193293E-10  2.303247E-11  2.238867E-08
    416  2.420046682363E-01  1.932480E-25  7.772634E-22  2.315374E-18  1.084245E-16  3.377790E-12  2.148861E-10  2.318885E-11  1.431149E-08
    417  2.451201276448E-01  2.245057E-25  7.585772E-22  1.681606E-18  7.982563E-17  3.374759E-12  2.106321E-10  2.339232E-11  7.215937E-09
    418  2.467564269033E-01  2.453588E-25  7.530791E-22  1.417480E-18  7.055174E-17  3.379136E-12  2.093634E-10  2.349165E-11  5.019790E-09
    419  2.483354027874E-01  2.684638E-25  7.507870E-22  1.199728E-18  6.408856E-17  3.387264E-12  2.086774E-10  2.358658E-11  3.541156E-09
    420  2.499258654919E-01  2.948674E-25  7.517892E-22  1.012259E-18  5.942782E-17  3.399347E-12  2.084651E-10  2.368407E-11  2.503626E-09
    421  2.515152656983E-01  3.246337E-25  7.564878E-22  8.525296E-19  5.619219E-17  3.415360E-12  2.086876E-10  2.378593E-11  1.787306E-09
    422  2.542060864984E-01  3.836338E-25  7.741215E-22  6.345180E-19  5.313201E-17  3.451568E-12  2.099550E-10  2.397518E-11  1.049302E-09
    423  2.556901221114E-01  4.213981E-25  7.899055E-22  5.379274E-19  5.246246E-17  3.476516E-12  2.110937E-10  2.409187E-11  8.079439E-10
    424  2.570805114381E-01  4.605919E-25  8.091660E-22  4.601801E-19  5.236724E-17  3.503164E-12  2.124253E-10  2.421105E-11  6.501678E-10
    425  2.598984391343E-01  5.529594E-25  8.635585E-22  3.340036E-19  5.350925E-17  3.567097E-12  2.158701E-10  2.448717E-11  4.600825E-10
    426  2.622653138568E-01  6.462243E-25  9.281342E-22  2.544520E-19  5.567441E-17  3.631345E-12  2.195053E-10  2.476082E-11  3.806661E-10
    427  2.644885215151E-01  7.494493E-25  1.007775E-21  1.969012E-19  5.860936E-17  3.700746E-12  2.235204E-10  2.505777E-11  3.418848E-10
    428  2.667229470066E-01  8.712512E-25  1.109913E-21  1.523944E-19  6.239665E-17  3.779603E-12  2.281370E-10  2.539953E-11  3.225794E-10
    429  2.687894382327E-01  1.002866E-24  1.227699E-21  1.207576E-19  6.663777E-17  3.860896E-12  2.329262E-10  2.575777E-11  3.148231E-10
    430  2.709436570286E-01  1.162904E-24  1.378681E-21  9.562413E-20  7.182786E-17  3.954444E-12  2.384555E-10  2.617776E-11  3.128109E-10
    431  2.728595154549E-01  1.328112E-24  1.541304E-21  7.874511E-20  7.712795E-17  4.045397E-12  2.438397E-10  2.659385E-11  3.142184E-10
    432  2.763050324764E-01  1.690993E-24  1.915497E-21  5.849094E-20  8.839409E-17  4.227945E-12  2.546518E-10  2.745049E-11  3.212267E-10
    433  2.797281875476E-01  2.156633E-24  2.418268E-21  4.808852E-20  1.020310E-16  4.434357E-12  2.668704E-10  2.845033E-11  3.317225E-10
    434  2.831107064370E-01  2.750812E-24  3.082693E-21  4.489278E-20  1.182556E-16  4.663846E-12  2.804380E-10  2.959618E-11  3.445554E-10
    435  2.863632962154E-01  3.485263E-24  3.926077E-21  4.709564E-20  1.368541E-16  4.909328E-12  2.949288E-10  3.085731E-11  3.589365E-10
    436  2.894106333807E-01  4.359951E-24  4.950782E-21  5.325688E-20  1.573878E-16  5.162079E-12  3.098249E-10  3.219037E-11  3.742098E-10
    437  2.941185503109E-01  6.185538E-24  7.132029E-21  7.039835E-20  1.962045E-16  5.597110E-12  3.354092E-10  3.455987E-11  4.013798E-10
    438  2.983685787405E-01  8.512761E-24  9.960623E-21  9.477975E-20  2.403066E-16  6.037341E-12  3.612340E-10  3.704835E-11  4.298901E-10
    439  3.021949729112E-01  1.137796E-23  1.348494E-20  1.257843E-19  2.891464E-16  6.472722E-12  3.867134E-10  3.959662E-11  4.590472E-10
    440  3.059150641439E-01  1.511726E-23  1.812557E-20  1.666253E-19  3.467825E-16  6.931353E-12  4.134910E-10  4.237573E-11  4.908001E-10
    441  3.094680949786E-01  1.986561E-23  2.405911E-20  2.185371E-19  4.131431E-16  7.401294E-12  4.408652E-10  4.532836E-11  5.244836E-10
    442  3.127856926026E-01  2.567345E-23  3.135408E-20  2.818761E-19  4.870855E-16  7.867195E-12  4.679420E-10  4.836721E-11  5.590958E-10
    443  3.178598433803E-01  3.809477E-23  4.703048E-20  4.166176E-19  6.277267E-16  8.626801E-12  5.119583E-10  5.358448E-11  6.183921E-10
    444  3.224504526026E-01  5.456415E-23  6.788410E-20  5.938716E-19  7.909708E-16  9.357167E-12  5.541311E-10  5.895099E-11  6.792197E-10
    445  3.266870398371E-01  7.615086E-23  9.524716E-20  8.242625E-19  9.802263E-16  1.006076E-11  5.946201E-10  6.450100E-11  7.419551E-10
    446  3.305577136787E-01  1.034052E-22  1.297719E-19  1.112633E-18  1.193516E-15  1.072251E-11  6.325771E-10  7.011711E-11  8.052635E-10
    447  3.362681054783E-01  1.627627E-22  2.047289E-19  1.733358E-18  1.597886E-15  1.172216E-11  6.896921E-10  7.944564E-11  9.100459E-10
    448  3.414589872690E-01  2.464187E-22  3.097094E-19  2.595463E-18  2.085852E-15  1.265278E-11  7.426345E-10  8.911647E-11  1.018190E-09
    449  3.462773530350E-01  3.628450E-22  4.545549E-19  3.777442E-18  2.673816E-15  1.355075E-11  7.935545E-10  9.921929E-11  1.130657E-09
    450  3.508856189623E-01  5.262756E-22  6.556933E-19  5.410959E-18  3.393346E-15  1.447977E-11  8.461430E-10  1.099974E-10  1.250086E-09
    451  3.552628710565E-01  7.504366E-22  9.280796E-19  7.615492E-18  4.258371E-15  1.548922E-11  9.032671E-10  1.213400E-10  1.375166E-09
    452  3.595141079779E-01  1.060818E-21  1.299773E-18  1.061699E-17  5.312536E-15  1.667211E-11  9.702456E-10  1.334779E-10  1.508352E-09
    453  3.636744849418E-01  1.490709E-21  1.806172E-18  1.470144E-17  6.600517E-15  1.811985E-11  1.052274E-09  1.465196E-10  1.650709E-09
    454  3.676260234901E-01  2.062132E-21  2.467294E-18  2.003296E-17  8.116615E-15  1.985412E-11  1.150554E-09  1.600622E-10  1.797739E-09
    455  3.714655117309E-01  2.830056E-21  3.338780E-18  2.706632E-17  9.928173E-15  2.195653E-11  1.269642E-09  1.743891E-10  1.952427E-09
    456  3.752653942304E-01  3.876058E-21  4.501355E-18  3.646425E-17  1.212574E-14  2.451136E-11  1.414209E-09  1.897950E-10  2.117811E-09
    457  3.809506426681E-01  6.219392E-21  7.030080E-18  5.697704E-17  1.637230E-14  2.933661E-11  1.686720E-09  2.153417E-10  2.389960E-09
    458  3.865190953769E-01  9.908882E-21  1.086404E-17  8.825581E-17  2.200086E-14  3.535520E-11  2.025596E-09  2.435821E-10  2.687875E-09
    459  3.928522091207E-01  1.688146E-20  1.779031E-17  1.452385E-16  3.084469E-14  4.389650E-11  2.504666E-09  2.800632E-10  3.068400E-09
    460  3.991093841216E-01  2.866545E-20  2.890264E-17  2.376875E-16  4.315928E-14  5.424163E-11  3.082236E-09  3.212569E-10  3.492520E-09
    461  4.054183851758E-01  4.903158E-20  4.704375E-17  3.906993E-16  6.069931E-14  6.673045E-11  3.775969E-09  3.686609E-10  3.973684E-09
    462  4.147392755742E-01  1.088918E-19  9.622220E-17  8.144248E-16  1.009491E-13  8.929453E-11  5.020879E-09  4.511234E-10  4.794186E-09
    463  4.232199499949E-01  2.260001E-19  1.836441E-16  1.588924E-15  1.612470E-13  1.145465E-10  6.402389E-09  5.411528E-10  5.667796E-09
    464  4.316976825025E-01  4.704395E-19  3.487510E-16  3.097910E-15  2.590344E-13  1.448628E-10  8.046788E-09  6.479386E-10  6.676244E-09
    465  4.393401554526E-01  9.127481E-19  6.191952E-16  5.651488E-15  3.993626E-13  1.771125E-10  9.780475E-09  7.608517E-10  7.712153E-09
    466  4.465935084243E-01  1.713783E-18  1.063339E-15  9.988222E-15  6.053176E-13  2.126018E-10  1.167149E-08  8.847190E-10  8.815031E-09
    467  4.537106765818E-01  3.180567E-18  1.800635E-15  1.744080E-14  9.149007E-13  2.526421E-10  1.378518E-08  1.024107E-09  1.001684E-08
    468  4.602314649238E-01  5.602429E-18  2.907149E-15  2.901818E-14  1.341557E-12  2.944293E-10  1.596996E-08  1.169127E-09  1.122566E-08
    469  4.709552966107E-01  1.418287E-17  6.342454E-15  6.674602E-14  2.539537E-12  3.753445E-10  2.014257E-08  1.448187E-09  1.344036E-08
    470  4.769745726746E-01  2.384377E-17  9.782836E-15  1.062022E-13  3.649191E-12  4.283329E-10  2.283605E-08  1.629339E-09  1.480411E-08
    471  4.828178172001E-01  3.941217E-17  1.485353E-14  1.662962E-13  5.201994E-12  4.856818E-10  2.571723E-08  1.823610E-09  1.620533E-08
    472  4.927188450138E-01  9.191122E-17  2.992109E-14  3.531660E-13  9.530248E-12  5.978306E-10  3.125316E-08  2.197207E-09  1.872972E-08
    473  5.000000000000E-01  1.705524E-16  4.977635E-14  6.105354E-13  1.491318E-11  6.938798E-10  3.589429E-08  2.509572E-09  2.067528E-08
