 *                                      
 * expansion:  temp0=  1.000E+10 den0=  3.000E+06 temp_stop=  1.000E+07
 *          time                tl235         tl236         tl237         tl238         tl239         tl240         tl241         tl242
      1  0.000000000000E+00  1.000000E-30  1.000000E-30  1.000000E-30  1.000000E-30  1.000000E-30  1.000000E-30  1.000000E-30  1.000000E-30
      2  1.000000000000E-16  1.000008E-30  1.000018E-30  1.000009E-30  1.000021E-30  1.000009E-30  1.000000E-30  1.000000E-30  1.000000E-30
      3  6.264265632874E-16  1.000049E-30  1.000115E-30  1.000058E-30  1.000133E-30  1.000058E-30  1.000000E-30  1.000000E-30  1.000000E-30
      4  2.206990590178E-15  1.000174E-30  1.000405E-30  1.000205E-30  1.000470E-30  1.000205E-30  1.000000E-30  1.000000E-30  1.000000E-30
      5  6.425069294186E-15  1.000506E-30  1.001178E-30  1.000597E-30  1.001365E-30  1.000596E-30  1.000000E-30  1.000000E-30  1.000000E-30
      6  1.724777641531E-14  1.001352E-30  1.003145E-30  1.001593E-30  1.003644E-30  1.001590E-30  1.000000E-30  1.000000E-30  1.000000E-30
      7  4.527785414179E-14  1.003500E-30  1.008139E-30  1.004124E-30  1.009430E-30  1.004112E-30  1.000000E-30  1.000000E-30  1.000000E-30
      8  1.231582592127E-13  1.009159E-30  1.021292E-30  1.010784E-30  1.024658E-30  1.010728E-30  1.000000E-30  1.000000E-30  1.000000E-30
      9  4.001734798240E-13  1.026048E-30  1.060466E-30  1.030591E-30  1.069922E-30  1.030184E-30  1.000000E-30  1.000000E-30  1.000000E-30
     10  1.150918682670E-12  1.053920E-30  1.124735E-30  1.062950E-30  1.143753E-30  1.061017E-30  1.000000E-30  1.000000E-30  1.000000E-30
     11  2.802808442389E-12  1.074050E-30  1.170382E-30  1.085745E-30  1.195477E-30  1.081355E-30  1.000000E-30  1.000000E-30  1.000000E-30
     12  6.912921996243E-12  1.079368E-30  1.180868E-30  1.091075E-30  1.206934E-30  1.085663E-30  1.000000E-30  1.000000E-30  1.000000E-30
     13  1.659368270033E-11  1.104896E-30  1.220513E-30  1.118338E-30  1.251524E-30  1.111616E-30  1.055944E-30  1.055526E-30  1.044533E-30
     14  1.134012897413E-10  1.000000E-30  1.010347E-30  1.000000E-30  1.000000E-30  1.000000E-30  1.000000E-30  1.000000E-30  1.000000E-30
     15  1.081477360150E-09  1.000000E-30  1.000000E-30  1.000000E-30  1.000000E-30  1.000000E-30  1.000000E-30  1.000000E-30  1.000000E-30
     16  1.076223806424E-08  1.000000E-30  1.000000E-30  1.000000E-30  1.000000E-30  1.000000E-30  1.000000E-30  1.000000E-30  1.000000E-30
     17  6.834096797002E-08  1.000000E-30  1.000000E-30  1.000000E-30  1.000000E-30  1.000000E-30  1.000000E-30  1.000000E-30  1.000000E-30
     18  2.542122411654E-07  1.000000E-30  1.000000E-30  1.000000E-30  1.000000E-30  1.000000E-30  1.000000E-30  1.000000E-30  1.000000E-30
     19  7.007518887657E-07  1.000000E-30  1.000000E-30  1.000000E-30  1.000000E-30  1.000000E-30  1.000000E-30  1.000000E-30  1.000000E-30
     20  1.724661805125E-06  1.000000E-30  1.000000E-30  1.000000E-30  1.000000E-30  1.000000E-30  1.000000E-30  1.000000E-30  1.000000E-30
     21  4.267664185819E-06  1.000000E-30  1.000000E-30  1.000000E-30  1.000000E-30  1.000000E-30  1.000000E-30  1.000000E-30  1.000000E-30
     22  1.786211798807E-05  1.000000E-30  1.000000E-30  1.000000E-30  1.000000E-30  1.000000E-30  1.000000E-30  1.000000E-30  1.000000E-30
     23  6.929007850093E-05  1.000000E-30  1.000000E-30  1.000000E-30  1.000000E-30  1.000000E-30  1.000000E-30  1.000000E-30  1.000000E-30
     24  5.835696836295E-04  1.000000E-30  1.000000E-30  1.000000E-30  1.000000E-30  1.000000E-30  1.000000E-30  1.000000E-30  1.000000E-30
     25  1.496090518789E-03  1.000000E-30  1.000000E-30  1.000000E-30  1.000000E-30  1.000000E-30  1.000000E-30  1.000000E-30  1.000000E-30
     26  2.379765156362E-03  1.000000E-30  1.000000E-30  1.000000E-30  1.000000E-30  1.000000E-30  1.000000E-30  1.000000E-30  1.000000E-30
     27  3.772948503579E-03  1.000000E-30  1.000000E-30  1.000000E-30  1.000000E-30  1.000000E-30  1.000000E-30  1.000000E-30  1.209016E-30
     28  4.957278025650E-03  1.000000E-30  1.000000E-30  1.000000E-30  1.000000E-30  1.000000E-30  1.000000E-30  1.000000E-30  1.362354E-30
     29  5.758110286319E-03  1.000000E-30  1.000000E-30  1.000000E-30  1.000000E-30  1.000000E-30  1.000000E-30  1.000000E-30  1.000000E-30
     30  6.636115041812E-03  1.000000E-30  1.000000E-30  1.000000E-30  1.000000E-30  1.000000E-30  1.000000E-30  1.000000E-30  1.069213E-30
     31  7.490864585256E-03  1.000000E-30  1.000000E-30  1.000000E-30  1.000000E-30  1.000000E-30  1.000000E-30  1.000000E-30  1.000000E-30
     32  8.026631019591E-03  1.000000E-30  1.000000E-30  1.000000E-30  1.000000E-30  1.000000E-30  1.000000E-30  1.000000E-30  1.000000E-30
     33  8.451616658664E-03  1.000000E-30  1.000000E-30  1.000000E-30  1.000000E-30  1.000000E-30  1.000000E-30  1.000000E-30  1.000000E-30
     34  9.803471762980E-03  1.000000E-30  1.000000E-30  1.000000E-30  1.000000E-30  1.000000E-30  1.000000E-30  1.000000E-30  1.000000E-30
     35  1.116687552369E-02  1.000000E-30  1.000000E-30  1.000000E-30  1.000000E-30  1.000000E-30  1.000000E-30  1.000000E-30  1.000000E-30
     36  1.219012310682E-02  1.000000E-30  1.000000E-30  1.000000E-30  1.000000E-30  1.000000E-30  1.000000E-30  1.000000E-30  1.000000E-30
     37  1.314647137106E-02  1.000000E-30  1.000000E-30  1.000000E-30  1.000000E-30  1.000000E-30  1.000000E-30  1.000000E-30  1.000000E-30
     38  1.431720408173E-02  1.000000E-30  1.000000E-30  1.000000E-30  1.000000E-30  1.000000E-30  1.000000E-30  1.000000E-30  1.000000E-30
     39  1.545287753035E-02  1.000000E-30  1.000000E-30  1.000000E-30  1.000000E-30  1.000000E-30  1.000000E-30  1.000000E-30  1.000000E-30
     40  1.716820108076E-02  1.000000E-30  1.000000E-30  1.000000E-30  1.000000E-30  1.000000E-30  1.000000E-30  1.000000E-30  1.000000E-30
     41  1.871872199221E-02  1.000000E-30  1.000000E-30  1.000000E-30  1.000000E-30  1.000000E-30  1.000000E-30  1.000000E-30  1.000000E-30
     42  2.131412024987E-02  1.000000E-30  1.000000E-30  1.000000E-30  1.000000E-30  1.000000E-30  1.000000E-30  1.000000E-30  1.000000E-30
     43  2.288535686070E-02  1.000000E-30  1.000000E-30  1.000000E-30  1.000000E-30  1.000000E-30  1.000000E-30  1.000000E-30  1.000000E-30
     44  2.437102778700E-02  1.000000E-30  1.000000E-30  1.000000E-30  1.000000E-30  1.000000E-30  1.000000E-30  1.000000E-30  1.000000E-30
     45  2.666254430666E-02  1.000000E-30  1.000000E-30  1.000000E-30  1.000000E-30  1.000000E-30  1.000000E-30  1.000000E-30  1.000000E-30
     46  2.807329513827E-02  1.000000E-30  1.000000E-30  1.000000E-30  1.000000E-30  1.000000E-30  1.000000E-30  1.000000E-30  1.000000E-30
     47  2.946719119355E-02  1.000000E-30  1.000000E-30  1.000000E-30  1.000000E-30  1.000000E-30  1.000000E-30  1.000000E-30  1.000000E-30
     48  2.982466835475E-02  1.000000E-30  1.000000E-30  1.000000E-30  1.000000E-30  1.000000E-30  1.000000E-30  1.000000E-30  1.000000E-30
     49  3.017238950627E-02  1.000000E-30  1.000000E-30  1.000000E-30  1.000000E-30  1.000000E-30  1.000000E-30  1.000000E-30  1.000000E-30
     50  3.052509122072E-02  1.000000E-30  1.000000E-30  1.000000E-30  1.000000E-30  1.000000E-30  1.000000E-30  1.000000E-30  1.000000E-30
     51  3.066477686677E-02  1.000000E-30  1.000000E-30  1.000000E-30  1.000000E-30  1.000000E-30  1.000000E-30  1.000000E-30  1.000000E-30
     52  3.080037159611E-02  1.000000E-30  1.000000E-30  1.000000E-30  1.000000E-30  1.000000E-30  1.000000E-30  1.000000E-30  1.000000E-30
     53  3.111325257314E-02  1.000000E-30  1.000000E-30  1.000000E-30  1.000000E-30  1.000000E-30  1.000000E-30  1.000000E-30  1.000000E-30
     54  3.147800645819E-02  1.000000E-30  1.000000E-30  1.000000E-30  1.000000E-30  1.000000E-30  1.000000E-30  1.000000E-30  1.000000E-30
     55  3.181357346897E-02  1.000000E-30  1.000000E-30  1.000000E-30  1.000000E-30  1.000000E-30  1.000000E-30  1.000000E-30  1.000000E-30
     56  3.217197145871E-02  1.000000E-30  1.000000E-30  1.000000E-30  1.000000E-30  1.000000E-30  1.000000E-30  1.000000E-30  1.000000E-30
     57  3.249951277145E-02  1.000000E-30  1.000000E-30  1.000000E-30  1.000000E-30  1.000000E-30  1.000000E-30  1.000000E-30  1.000000E-30
     58  3.262595809504E-02  1.000000E-30  1.000000E-30  1.000000E-30  1.000000E-30  1.000000E-30  1.000000E-30  1.000000E-30  1.000000E-30
     59  3.272641576722E-02  1.000000E-30  1.000000E-30  1.000000E-30  1.000000E-30  1.000000E-30  1.000000E-30  1.000000E-30  1.000000E-30
     60  3.304841700500E-02  1.000000E-30  1.000000E-30  1.000000E-30  1.000000E-30  1.000000E-30  1.000000E-30  1.000000E-30  1.000000E-30
     61  3.362823507679E-02  1.000000E-30  1.000000E-30  1.000000E-30  1.000000E-30  1.000000E-30  1.000000E-30  1.000000E-30  1.000000E-30
     62  3.417743618412E-02  1.000000E-30  1.000000E-30  1.000000E-30  1.000000E-30  1.000000E-30  1.000000E-30  1.000000E-30  1.000000E-30
     63  3.448472684867E-02  1.000000E-30  1.000000E-30  1.000000E-30  1.000000E-30  1.000000E-30  1.000000E-30  1.000000E-30  1.000000E-30
     64  3.459225947862E-02  1.000000E-30  1.000000E-30  1.000000E-30  1.000000E-30  1.000000E-30  1.000000E-30  1.000000E-30  1.000000E-30
     65  3.468161085917E-02  1.000000E-30  1.000000E-30  1.000000E-30  1.000000E-30  1.000000E-30  1.000000E-30  1.000000E-30  1.000000E-30
     66  3.501586344154E-02  1.000000E-30  1.000000E-30  1.000000E-30  1.000000E-30  1.000000E-30  1.000000E-30  1.000000E-30  1.000000E-30
     67  3.563385967804E-02  1.000000E-30  1.000000E-30  1.000000E-30  1.000000E-30  1.000000E-30  1.000000E-30  1.000000E-30  1.000000E-30
     68  3.619390900501E-02  1.000000E-30  1.000000E-30  1.000000E-30  1.000000E-30  1.000000E-30  1.000000E-30  1.000000E-30  1.000000E-30
     69  3.661379630041E-02  1.000000E-30  1.000000E-30  1.000000E-30  1.000000E-30  1.000000E-30  1.000000E-30  1.000000E-30  1.000000E-30
     70  3.704099468238E-02  1.000000E-30  1.000000E-30  1.000000E-30  1.000000E-30  1.000000E-30  1.000000E-30  1.000000E-30  1.000000E-30
     71  3.731378163516E-02  1.000000E-30  1.000000E-30  1.000000E-30  1.000000E-30  1.000000E-30  1.000000E-30  1.000000E-30  1.000000E-30
     72  3.757630769329E-02  1.000000E-30  1.000000E-30  1.000000E-30  1.000000E-30  1.000000E-30  1.000000E-30  1.000000E-30  1.000000E-30
     73  3.788075418501E-02  1.000000E-30  1.000000E-30  1.000000E-30  1.000000E-30  1.000000E-30  1.000000E-30  1.000000E-30  1.000000E-30
     74  3.819794660071E-02  1.000000E-30  1.000000E-30  1.000000E-30  1.000000E-30  1.000000E-30  1.000000E-30  1.000000E-30  1.000000E-30
     75  3.838080203158E-02  1.000000E-30  1.000000E-30  1.000000E-30  1.000000E-30  1.000000E-30  1.000000E-30  1.000000E-30  1.000000E-30
     76  3.859219912978E-02  1.000000E-30  1.000000E-30  1.000000E-30  1.000000E-30  1.000000E-30  1.000000E-30  1.000000E-30  1.000000E-30
     77  3.884096228080E-02  1.000000E-30  1.000000E-30  1.000000E-30  1.000000E-30  1.000000E-30  1.000000E-30  1.000000E-30  1.000000E-30
     78  3.907668434759E-02  1.000000E-30  1.000000E-30  1.000000E-30  1.000000E-30  1.000000E-30  1.000000E-30  1.000000E-30  1.000000E-30
     79  3.934936577490E-02  1.000000E-30  1.000000E-30  1.000000E-30  1.000000E-30  1.000000E-30  1.000000E-30  1.000000E-30  1.000000E-30
     80  3.961640452516E-02  1.000000E-30  1.000000E-30  1.000000E-30  1.000000E-30  1.000000E-30  1.000000E-30  1.000000E-30  1.000000E-30
     81  3.991996766101E-02  1.000000E-30  1.000000E-30  1.000000E-30  1.000000E-30  1.000000E-30  1.000000E-30  1.000000E-30  1.000000E-30
     82  4.019473378510E-02  1.000000E-30  1.000000E-30  1.000000E-30  1.000000E-30  1.000000E-30  1.000000E-30  1.000000E-30  1.000000E-30
     83  4.046928694587E-02  1.000000E-30  1.000000E-30  1.000000E-30  1.000000E-30  1.000000E-30  1.000000E-30  1.000000E-30  1.000000E-30
     84  4.074955599116E-02  1.000000E-30  1.000000E-30  1.000000E-30  1.000000E-30  1.000000E-30  1.000000E-30  1.000000E-30  1.000000E-30
     85  4.099011663524E-02  1.000000E-30  1.000000E-30  1.000000E-30  1.000000E-30  1.000000E-30  1.000000E-30  1.000000E-30  1.000000E-30
     86  4.118445936105E-02  1.000000E-30  1.000000E-30  1.000000E-30  1.000000E-30  1.000000E-30  1.000000E-30  1.000000E-30  1.000000E-30
     87  4.137235583218E-02  1.000000E-30  1.000000E-30  1.000000E-30  1.000000E-30  1.000000E-30  1.000000E-30  1.000000E-30  1.000000E-30
     88  4.152714488067E-02  1.000000E-30  1.000000E-30  1.000000E-30  1.000000E-30  1.000000E-30  1.000000E-30  1.000000E-30  1.000000E-30
     89  4.165981986900E-02  1.000000E-30  1.000000E-30  1.000000E-30  1.000000E-30  1.000000E-30  1.000000E-30  1.000000E-30  1.000000E-30
     90  4.188596337322E-02  1.000000E-30  1.000000E-30  1.000000E-30  1.000000E-30  1.000000E-30  1.000000E-30  1.000000E-30  1.000000E-30
     91  4.208159634323E-02  1.000000E-30  1.000000E-30  1.000000E-30  1.000000E-30  1.000000E-30  1.000000E-30  1.000000E-30  1.000000E-30
     92  4.230932596557E-02  1.000000E-30  1.000000E-30  1.000000E-30  1.000000E-30  1.000000E-30  1.000000E-30  1.000000E-30  1.000000E-30
     93  4.251598135750E-02  1.000000E-30  1.000000E-30  1.000000E-30  1.000000E-30  1.000000E-30  1.000000E-30  1.000000E-30  1.000000E-30
     94  4.274368410830E-02  1.000000E-30  1.000000E-30  1.000000E-30  1.000000E-30  1.000000E-30  1.000000E-30  1.000000E-30  1.000000E-30
     95  4.294191711445E-02  1.000000E-30  1.000000E-30  1.000000E-30  1.000000E-30  1.000000E-30  1.000000E-30  1.000000E-30  1.000000E-30
     96  4.316569238790E-02  1.000000E-30  1.000000E-30  1.000000E-30  1.000000E-30  1.000000E-30  1.000000E-30  1.000000E-30  1.000000E-30
     97  4.339365876136E-02  1.000000E-30  1.000000E-30  1.000000E-30  1.000000E-30  1.000000E-30  1.000000E-30  1.000000E-30  1.000000E-30
     98  4.362382833621E-02  1.000000E-30  1.000000E-30  1.000000E-30  1.000000E-30  1.000000E-30  1.000000E-30  1.000000E-30  1.000000E-30
     99  4.384703699487E-02  1.000000E-30  1.000000E-30  1.000000E-30  1.000000E-30  1.000000E-30  1.000000E-30  1.000000E-30  1.000000E-30
    100  4.408801045744E-02  1.000000E-30  1.000000E-30  1.000000E-30  1.000000E-30  1.000000E-30  1.000000E-30  1.000000E-30  1.000000E-30
    101  4.430336182063E-02  1.000000E-30  1.000000E-30  1.000000E-30  1.000000E-30  1.000000E-30  1.000000E-30  1.000000E-30  1.000000E-30
    102  4.453208602613E-02  1.000000E-30  1.000000E-30  1.000000E-30  1.000000E-30  1.000000E-30  1.000000E-30  1.000000E-30  1.000000E-30
    103  4.474836808964E-02  1.000000E-30  1.000000E-30  1.000000E-30  1.000000E-30  1.000000E-30  1.000000E-30  1.000000E-30  1.000000E-30
    104  4.497736119052E-02  1.000000E-30  1.000000E-30  1.000000E-30  1.000000E-30  1.000000E-30  1.000000E-30  1.000000E-30  1.000000E-30
    105  4.517199675598E-02  1.000000E-30  1.000000E-30  1.000000E-30  1.000000E-30  1.000000E-30  1.000000E-30  1.000000E-30  1.000000E-30
    106  4.536038532241E-02  1.000000E-30  1.000000E-30  1.000000E-30  1.000000E-30  1.000000E-30  1.000000E-30  1.000000E-30  1.000000E-30
    107  4.552484255766E-02  1.000000E-30  1.000000E-30  1.000000E-30  1.000000E-30  1.000000E-30  1.000000E-30  1.000000E-30  1.000000E-30
    108  4.581275722245E-02  1.000000E-30  1.000000E-30  1.000000E-30  1.000000E-30  1.000000E-30  1.000000E-30  1.000000E-30  1.000000E-30
    109  4.603616864208E-02  1.000000E-30  1.000000E-30  1.000000E-30  1.000000E-30  1.000000E-30  1.000000E-30  1.000000E-30  1.000000E-30
    110  4.624194314299E-02  1.000000E-30  1.000000E-30  1.000000E-30  1.000000E-30  1.000000E-30  1.000000E-30  1.000000E-30  1.000000E-30
    111  4.641297951594E-02  1.000000E-30  1.000000E-30  1.000000E-30  1.000000E-30  1.000000E-30  1.000000E-30  1.000000E-30  1.000000E-30
    112  4.656990459822E-02  1.000000E-30  1.000000E-30  1.000000E-30  1.000000E-30  1.000000E-30  1.000000E-30  1.000000E-30  1.000000E-30
    113  4.671253119976E-02  1.000000E-30  1.000000E-30  1.000000E-30  1.000000E-30  1.000000E-30  1.000000E-30  1.000000E-30  1.000000E-30
    114  4.684580987606E-02  1.000000E-30  1.000000E-30  1.000000E-30  1.000000E-30  1.000000E-30  1.000000E-30  1.000000E-30  1.000000E-30
    115  4.697520204195E-02  1.000000E-30  1.000000E-30  1.000000E-30  1.000000E-30  1.000000E-30  1.000000E-30  1.000000E-30  1.000000E-30
    116  4.709649788536E-02  1.000000E-30  1.000000E-30  1.000000E-30  1.000000E-30  1.000000E-30  1.000000E-30  1.000000E-30  1.000000E-30
    117  4.721637454993E-02  1.000000E-30  1.000000E-30  1.000000E-30  1.000000E-30  1.000000E-30  1.000000E-30  1.000000E-30  1.000000E-30
    118  4.732862910872E-02  1.000000E-30  1.000000E-30  1.000000E-30  1.000000E-30  1.000000E-30  1.000000E-30  1.000000E-30  1.000000E-30
    119  4.750539400184E-02  1.000000E-30  1.000000E-30  1.000000E-30  1.000000E-30  1.000000E-30  1.000000E-30  1.000000E-30  1.000000E-30
    120  4.767210524850E-02  1.000000E-30  1.000000E-30  1.000000E-30  1.000000E-30  1.000000E-30  1.000000E-30  1.000000E-30  1.000000E-30
    121  4.783406579930E-02  1.000000E-30  1.000000E-30  1.000000E-30  1.000000E-30  1.000000E-30  1.000000E-30  1.000000E-30  1.000000E-30
    122  4.799263518131E-02  1.000000E-30  1.000000E-30  1.000000E-30  1.000000E-30  1.000000E-30  1.000000E-30  1.000000E-30  1.000000E-30
    123  4.815339657435E-02  1.000000E-30  1.000000E-30  1.000000E-30  1.000000E-30  1.000000E-30  1.000000E-30  1.000000E-30  1.000000E-30
    124  4.832264594384E-02  1.000000E-30  1.000000E-30  1.000000E-30  1.000000E-30  1.000000E-30  1.000000E-30  1.000000E-30  1.000000E-30
    125  4.849826454798E-02  1.000000E-30  1.000000E-30  1.000000E-30  1.000000E-30  1.000000E-30  1.000000E-30  1.000000E-30  1.000000E-30
    126  4.867786870736E-02  1.000000E-30  1.000000E-30  1.000000E-30  1.000000E-30  1.000000E-30  1.000000E-30  1.000000E-30  1.000000E-30
    127  4.885872256535E-02  1.000000E-30  1.000000E-30  1.000000E-30  1.000000E-30  1.000000E-30  1.000000E-30  1.000000E-30  1.000000E-30
    128  4.903755607841E-02  1.000000E-30  1.000000E-30  1.000000E-30  1.000000E-30  1.000000E-30  1.000000E-30  1.000000E-30  1.000000E-30
    129  4.921259737621E-02  1.000000E-30  1.000000E-30  1.000000E-30  1.000000E-30  1.000000E-30  1.000000E-30  1.000000E-30  1.000000E-30
    130  4.938368810460E-02  1.000000E-30  1.000000E-30  1.000000E-30  1.000000E-30  1.000000E-30  1.000000E-30  1.000000E-30  1.000000E-30
    131  4.955132280349E-02  1.000000E-30  1.000000E-30  1.000000E-30  1.000000E-30  1.000000E-30  1.000000E-30  1.000000E-30  1.000000E-30
    132  4.971624312404E-02  1.000000E-30  1.000000E-30  1.000000E-30  1.000000E-30  1.000000E-30  1.000000E-30  1.000000E-30  1.000000E-30
    133  4.987811857735E-02  1.000000E-30  1.000000E-30  1.000000E-30  1.000000E-30  1.000000E-30  1.000000E-30  1.000000E-30  1.000000E-30
    134  5.003799836445E-02  1.000000E-30  1.000000E-30  1.000000E-30  1.000000E-30  1.000000E-30  1.000000E-30  1.000000E-30  1.000000E-30
    135  5.019682549602E-02  1.000000E-30  1.000000E-30  1.000000E-30  1.000000E-30  1.000000E-30  1.000000E-30  1.000000E-30  1.000000E-30
    136  5.035511419132E-02  1.000000E-30  1.000000E-30  1.000000E-30  1.000000E-30  1.000000E-30  1.000000E-30  1.000000E-30  1.000000E-30
    137  5.051299755300E-02  1.000000E-30  1.000000E-30  1.000000E-30  1.000000E-30  1.000000E-30  1.000000E-30  1.000000E-30  1.000000E-30
    138  5.067010535678E-02  1.000000E-30  1.000000E-30  1.000000E-30  1.000000E-30  1.000000E-30  1.000000E-30  1.000000E-30  1.000000E-30
    139  5.082726902819E-02  1.000000E-30  1.000000E-30  1.000000E-30  1.000000E-30  1.000000E-30  1.000000E-30  1.000000E-30  1.000000E-30
    140  5.098506829486E-02  1.000000E-30  1.000000E-30  1.000000E-30  1.000000E-30  1.000000E-30  1.000000E-30  1.000000E-30  1.000000E-30
    141  5.114361869269E-02  1.000000E-30  1.000000E-30  1.000000E-30  1.000000E-30  1.000000E-30  1.000000E-30  1.000000E-30  1.000000E-30
    142  5.130328078870E-02  1.000000E-30  1.000000E-30  1.000000E-30  1.000000E-30  1.000000E-30  1.000000E-30  1.000000E-30  1.000000E-30
    143  5.146205644840E-02  1.000000E-30  1.000000E-30  1.000000E-30  1.000000E-30  1.000000E-30  1.000000E-30  1.000000E-30  1.000000E-30
    144  5.162089365231E-02  1.000000E-30  1.000000E-30  1.000000E-30  1.000000E-30  1.000000E-30  1.000000E-30  1.000000E-30  1.000000E-30
    145  5.177902725711E-02  1.000000E-30  1.000000E-30  1.000000E-30  1.000000E-30  1.000000E-30  1.000000E-30  1.000000E-30  1.000000E-30
    146  5.193558292952E-02  1.000000E-30  1.000000E-30  1.000000E-30  1.000000E-30  1.000000E-30  1.000000E-30  1.000000E-30  1.000000E-30
    147  5.207655208218E-02  1.000000E-30  1.000000E-30  1.000000E-30  1.000000E-30  1.000000E-30  1.000000E-30  1.000000E-30  1.000000E-30
    148  5.220437120847E-02  1.000000E-30  1.000000E-30  1.000000E-30  1.000000E-30  1.000000E-30  1.000000E-30  1.000000E-30  1.000000E-30
    149  5.240275279905E-02  1.000000E-30  1.000000E-30  1.000000E-30  1.000000E-30  1.000000E-30  1.000000E-30  1.000000E-30  1.000000E-30
    150  5.258707116153E-02  1.000000E-30  1.000000E-30  1.000000E-30  1.000000E-30  1.000000E-30  1.000000E-30  1.000000E-30  1.000000E-30
    151  5.276353482958E-02  1.000000E-30  1.000000E-30  1.000000E-30  1.000000E-30  1.000000E-30  1.000000E-30  1.000000E-30  1.000000E-30
    152  5.293536770993E-02  1.000000E-30  1.000000E-30  1.000000E-30  1.000000E-30  1.000000E-30  1.000000E-30  1.000000E-30  1.000000E-30
    153  5.310288915571E-02  1.000000E-30  1.000000E-30  1.000000E-30  1.000000E-30  1.000000E-30  1.000000E-30  1.000000E-30  1.000000E-30
    154  5.325369291828E-02  1.000000E-30  1.000000E-30  1.000000E-30  1.000000E-30  1.000000E-30  1.000000E-30  1.000000E-30  1.000000E-30
    155  5.339308966526E-02  1.000000E-30  1.000000E-30  1.000000E-30  1.000000E-30  1.000000E-30  1.000000E-30  1.000000E-30  1.000000E-30
    156  5.362726198018E-02  1.000000E-30  1.000000E-30  1.000000E-30  1.000000E-30  1.000000E-30  1.000000E-30  1.000000E-30  1.000000E-30
    157  5.383816121000E-02  1.000000E-30  1.000000E-30  1.000000E-30  1.000000E-30  1.000000E-30  1.000000E-30  1.000000E-30  1.000000E-30
    158  5.403768730975E-02  1.000000E-30  1.000000E-30  1.000000E-30  1.000000E-30  1.000000E-30  1.000000E-30  1.000000E-30  1.000000E-30
    159  5.422986619970E-02  1.000000E-30  1.000000E-30  1.000000E-30  1.000000E-30  1.000000E-30  1.000000E-30  1.000000E-30  1.000000E-30
    160  5.440569294967E-02  1.000000E-30  1.000000E-30  1.000000E-30  1.000000E-30  1.000000E-30  1.000000E-30  1.000000E-30  1.000000E-30
    161  5.456994612052E-02  1.000000E-30  1.000000E-30  1.000000E-30  1.000000E-30  1.000000E-30  1.000000E-30  1.000000E-30  1.000000E-30
    162  5.485681963417E-02  1.000000E-30  1.000000E-30  1.000000E-30  1.000000E-30  1.000000E-30  1.000000E-30  1.000000E-30  1.000000E-30
    163  5.511708850657E-02  1.000000E-30  1.000000E-30  1.000000E-30  1.000000E-30  1.000000E-30  1.000000E-30  1.000000E-30  1.000000E-30
    164  5.536560227933E-02  1.000000E-30  1.000000E-30  1.000000E-30  1.000000E-30  1.000000E-30  1.000000E-30  1.000000E-30  1.000000E-30
    165  5.559867087093E-02  1.000000E-30  1.000000E-30  1.000000E-30  1.000000E-30  1.000000E-30  1.000000E-30  1.000000E-30  1.000000E-30
    166  5.582344501454E-02  1.000000E-30  1.000000E-30  1.000000E-30  1.000000E-30  1.000000E-30  1.000000E-30  1.000000E-30  1.000000E-30
    167  5.608267729631E-02  1.000000E-30  1.000000E-30  1.000000E-30  1.000000E-30  1.000000E-30  1.000000E-30  1.000000E-30  1.000000E-30
    168  5.632179590432E-02  1.000000E-30  1.000000E-30  1.000000E-30  1.000000E-30  1.000000E-30  1.000000E-30  1.000000E-30  1.000000E-30
    169  5.658568452696E-02  1.000000E-30  1.000000E-30  1.000000E-30  1.000000E-30  1.000000E-30  1.000000E-30  1.000000E-30  1.000000E-30
    170  5.682194908758E-02  1.000000E-30  1.000000E-30  1.000000E-30  1.000000E-30  1.000000E-30  1.000000E-30  1.000000E-30  1.000000E-30
    171  5.707748662895E-02  1.000000E-30  1.000000E-30  1.000000E-30  1.000000E-30  1.000000E-30  1.000000E-30  1.000000E-30  1.000000E-30
    172  5.730159219632E-02  1.000000E-30  1.000000E-30  1.000000E-30  1.000000E-30  1.000000E-30  1.000000E-30  1.000000E-30  1.000000E-30
    173  5.769211250520E-02  1.000000E-30  1.000000E-30  1.000000E-30  1.000000E-30  1.000000E-30  1.000000E-30  1.000000E-30  1.000000E-30
    174  5.804755660481E-02  1.000000E-30  1.000000E-30  1.000000E-30  1.000000E-30  1.000000E-30  1.000000E-30  1.000000E-30  1.000000E-30
    175  5.837706807704E-02  1.000000E-30  1.000000E-30  1.000000E-30  1.000000E-30  1.000000E-30  1.000000E-30  1.000000E-30  1.000000E-30
    176  5.868213309337E-02  1.000000E-30  1.000000E-30  1.000000E-30  1.000000E-30  1.000000E-30  1.000000E-30  1.000000E-30  1.000000E-30
    177  5.897372529375E-02  1.000000E-30  1.000000E-30  1.000000E-30  1.000000E-30  1.000000E-30  1.000000E-30  1.000000E-30  1.000000E-30
    178  5.927019313219E-02  1.000000E-30  1.000000E-30  1.000000E-30  1.000000E-30  1.000000E-30  1.000000E-30  1.000000E-30  1.000000E-30
    179  5.955970264735E-02  1.000000E-30  1.000000E-30  1.000000E-30  1.000000E-30  1.000000E-30  1.000000E-30  1.000000E-30  1.000000E-30
    180  5.987296131417E-02  1.000000E-30  1.000000E-30  1.000000E-30  1.000000E-30  1.000000E-30  1.000000E-30  1.000000E-30  1.000000E-30
    181  6.018239261751E-02  1.000000E-30  1.000000E-30  1.000000E-30  1.000000E-30  1.000000E-30  1.000000E-30  1.000000E-30  1.000000E-30
    182  6.051941164510E-02  1.000000E-30  1.000000E-30  1.000000E-30  1.000000E-30  1.000000E-30  1.000000E-30  1.000000E-30  1.000000E-30
    183  6.081686890997E-02  1.000000E-30  1.000000E-30  1.000000E-30  1.000000E-30  1.000000E-30  1.000000E-30  1.000000E-30  1.000000E-30
    184  6.107970107709E-02  1.000000E-30  1.000000E-30  1.000000E-30  1.000000E-30  1.000000E-30  1.000000E-30  1.000000E-30  1.000000E-30
    185  6.149099227918E-02  1.000000E-30  1.000000E-30  1.000000E-30  1.000000E-30  1.000000E-30  1.000000E-30  1.000000E-30  1.000000E-30
    186  6.184187848266E-02  1.000000E-30  1.000000E-30  1.000000E-30  1.000000E-30  1.000000E-30  1.000000E-30  1.000000E-30  1.000000E-30
    187  6.212841772032E-02  1.000000E-30  1.000000E-30  1.000000E-30  1.000000E-30  1.000000E-30  1.000000E-30  1.000000E-30  1.000000E-30
    188  6.241083345826E-02  1.000000E-30  1.000000E-30  1.000000E-30  1.000000E-30  1.000000E-30  1.000000E-30  1.000000E-30  1.000000E-30
    189  6.286334795077E-02  1.000000E-30  1.000000E-30  1.000000E-30  1.000000E-30  1.000000E-30  1.000000E-30  1.000000E-30  1.000000E-30
    190  6.324448148531E-02  1.000000E-30  1.000000E-30  1.000000E-30  1.000000E-30  1.000000E-30  1.000000E-30  1.000000E-30  1.000000E-30
    191  6.354755735680E-02  1.000000E-30  1.000000E-30  1.000000E-30  1.000000E-30  1.000000E-30  1.000000E-30  1.000000E-30  1.000000E-30
    192  6.382753282149E-02  1.000000E-30  1.000000E-30  1.000000E-30  1.000000E-30  1.000000E-30  1.000000E-30  1.000000E-30  1.000000E-30
    193  6.429792763326E-02  1.000000E-30  1.000000E-30  1.000000E-30  1.000000E-30  1.000000E-30  1.000000E-30  1.000000E-30  1.000000E-30
    194  6.470641913937E-02  1.000000E-30  1.000000E-30  1.000000E-30  1.000000E-30  1.000000E-30  1.000000E-30  1.000000E-30  1.000000E-30
    195  6.514351188605E-02  1.000000E-30  1.000000E-30  1.000000E-30  1.000000E-30  1.000000E-30  1.000000E-30  1.000000E-30  1.000000E-30
    196  6.551961572666E-02  1.000000E-30  1.000000E-30  1.000000E-30  1.000000E-30  1.000000E-30  1.000000E-30  1.000000E-30  1.000000E-30
    197  6.614173306661E-02  1.000000E-30  1.000000E-30  1.000000E-30  1.000000E-30  1.000000E-30  1.000000E-30  1.000000E-30  1.000000E-30
    198  6.666431851744E-02  1.000000E-30  1.000000E-30  1.000000E-30  1.000000E-30  1.000000E-30  1.000000E-30  1.000000E-30  1.000000E-30
    199  6.714973898932E-02  1.000000E-30  1.000000E-30  1.000000E-30  1.000000E-30  1.000000E-30  1.000000E-30  1.000000E-30  1.000000E-30
    200  6.763365269933E-02  1.000000E-30  1.000000E-30  1.000000E-30  1.000000E-30  1.000000E-30  1.000000E-30  1.000000E-30  1.000000E-30
    201  6.810748363549E-02  1.000000E-30  1.000000E-30  1.000000E-30  1.000000E-30  1.000000E-30  1.000000E-30  1.000000E-30  1.000000E-30
    202  6.886988901479E-02  1.000000E-30  1.000000E-30  1.000000E-30  1.000000E-30  1.000000E-30  1.000000E-30  1.000000E-30  1.000000E-30
    203  6.932442343830E-02  1.000000E-30  1.000000E-30  1.000000E-30  1.000000E-30  1.000000E-30  1.000000E-30  1.000000E-30  1.000000E-30
    204  6.977291475786E-02  1.000000E-30  1.000000E-30  1.000000E-30  1.000000E-30  1.000000E-30  1.000000E-30  1.000000E-30  1.000000E-30
    205  7.051837306122E-02  1.000000E-30  1.000000E-30  1.000000E-30  1.000000E-30  1.000000E-30  1.000000E-30  1.000000E-30  1.000000E-30
    206  7.120724846930E-02  1.000000E-30  1.000000E-30  1.000000E-30  1.000000E-30  1.000000E-30  1.000000E-30  1.000000E-30  1.000000E-30
    207  7.185571854523E-02  1.000000E-30  1.000000E-30  1.000000E-30  1.000000E-30  1.000000E-30  1.000000E-30  1.000000E-30  1.000000E-30
    208  7.250556240022E-02  1.000000E-30  1.000000E-30  1.000000E-30  1.000000E-30  1.000000E-30  1.000000E-30  1.000000E-30  1.000000E-30
    209  7.308358088908E-02  1.000000E-30  1.000000E-30  1.000000E-30  1.000000E-30  1.000000E-30  1.000000E-30  1.000000E-30  1.000000E-30
    210  7.365083251161E-02  1.000000E-30  1.000000E-30  1.000000E-30  1.000000E-30  1.000000E-30  1.000000E-30  1.000000E-30  1.000000E-30
    211  7.420607479025E-02  1.000000E-30  1.000000E-30  1.000000E-30  1.000000E-30  1.000000E-30  1.000000E-30  1.000000E-30  1.000000E-30
    212  7.477269193766E-02  1.000000E-30  1.000000E-30  1.000000E-30  1.000000E-30  1.000000E-30  1.000000E-30  1.000000E-30  1.000000E-30
    213  7.532671922740E-02  1.000000E-30  1.000000E-30  1.000000E-30  1.000000E-30  1.000000E-30  1.000000E-30  1.000000E-30  1.000000E-30
    214  7.590819975934E-02  1.000000E-30  1.000000E-30  1.000000E-30  1.000000E-30  1.000000E-30  1.000000E-30  1.000000E-30  1.000000E-30
    215  7.648106882397E-02  1.000000E-30  1.000000E-30  1.000000E-30  1.000000E-30  1.000000E-30  1.000000E-30  1.000000E-30  1.000000E-30
    216  7.706864365518E-02  1.000000E-30  1.000000E-30  1.000000E-30  1.000000E-30  1.000000E-30  1.000000E-30  1.000000E-30  1.000000E-30
    217  7.765097184480E-02  1.000000E-30  1.000000E-30  1.000000E-30  1.000000E-30  1.000000E-30  1.000000E-30  1.000000E-30  1.000000E-30
    218  7.824188421090E-02  1.000000E-30  1.000000E-30  1.000000E-30  1.000000E-30  1.000000E-30  1.000000E-30  1.000000E-30  1.000000E-30
    219  7.883216312169E-02  1.000000E-30  1.000000E-30  1.000000E-30  1.000000E-30  1.000000E-30  1.000000E-30  1.000000E-30  1.000000E-30
    220  7.934760137230E-02  1.000000E-30  1.000000E-30  1.000000E-30  1.000000E-30  1.000000E-30  1.000000E-30  1.000000E-30  1.000000E-30
    221  7.991019390762E-02  1.000000E-30  1.000000E-30  1.000000E-30  1.000000E-30  1.000000E-30  1.000000E-30  1.000000E-30  1.000000E-30
    222  8.044081450283E-02  1.000000E-30  1.000000E-30  1.000000E-30  1.000000E-30  1.000000E-30  1.000000E-30  1.000000E-30  1.000000E-30
    223  8.103419684334E-02  1.000000E-30  1.000000E-30  1.000000E-30  1.000000E-30  1.000000E-30  1.000000E-30  1.000000E-30  1.000000E-30
    224  8.158988408622E-02  1.000000E-30  1.000000E-30  1.000000E-30  1.000000E-30  1.000000E-30  1.000000E-30  1.000000E-30  1.000000E-30
    225  8.219791245697E-02  1.000000E-30  1.000000E-30  1.000000E-30  1.000000E-30  1.000000E-30  1.000000E-30  1.000000E-30  1.000000E-30
    226  8.273529679330E-02  1.000000E-30  1.000000E-30  1.000000E-30  1.000000E-30  1.000000E-30  1.000000E-30  1.000000E-30  1.000000E-30
    227  8.327310875316E-02  1.000000E-30  1.000000E-30  1.000000E-30  1.000000E-30  1.000000E-30  1.000000E-30  1.000000E-30  1.000000E-30
    228  8.381967664174E-02  1.000000E-30  1.000000E-30  1.000000E-30  1.000000E-30  1.000000E-30  1.000000E-30  1.000000E-30  1.000000E-30
    229  8.442137901789E-02  1.000000E-30  1.000000E-30  1.000000E-30  1.000000E-30  1.000000E-30  1.000000E-30  1.000000E-30  1.000000E-30
    230  8.496109010092E-02  1.000000E-30  1.000000E-30  1.000000E-30  1.000000E-30  1.000000E-30  1.000000E-30  1.000000E-30  1.000000E-30
    231  8.556251684447E-02  1.000000E-30  1.000000E-30  1.000000E-30  1.000000E-30  1.000000E-30  1.000000E-30  1.000000E-30  1.000000E-30
    232  8.609514523980E-02  1.000000E-30  1.000000E-30  1.000000E-30  1.000000E-30  1.000000E-30  1.000000E-30  1.000000E-30  1.000000E-30
    233  8.668730402486E-02  1.000000E-30  1.000000E-30  1.000000E-30  1.000000E-30  1.000000E-30  1.000000E-30  1.000000E-30  1.000000E-30
    234  8.725638446658E-02  1.000000E-30  1.000000E-30  1.000000E-30  1.000000E-30  1.000000E-30  1.000000E-30  1.000000E-30  1.000000E-30
    235  8.784892152766E-02  1.000000E-30  1.000000E-30  1.000000E-30  1.000000E-30  1.000000E-30  1.000000E-30  1.000000E-30  1.000000E-30
    236  8.837914431516E-02  1.000000E-30  1.000000E-30  1.000000E-30  1.000000E-30  1.000000E-30  1.000000E-30  1.000000E-30  1.000000E-30
    237  8.927467123273E-02  1.000000E-30  1.000000E-30  1.000000E-30  1.000000E-30  1.000000E-30  1.000000E-30  1.000000E-30  1.000000E-30
    238  9.009385267910E-02  1.000000E-30  1.000000E-30  1.000000E-30  1.000000E-30  1.000000E-30  1.000000E-30  1.000000E-30  1.000000E-30
    239  9.088007009323E-02  1.000000E-30  1.000000E-30  1.000000E-30  1.000000E-30  1.000000E-30  1.000000E-30  1.000000E-30  1.000000E-30
    240  9.160938796651E-02  1.000000E-30  1.000000E-30  1.000000E-30  1.000000E-30  1.000000E-30  1.000000E-30  1.000000E-30  1.000000E-30
    241  9.231864750676E-02  1.000000E-30  1.000000E-30  1.000000E-30  1.000000E-30  1.000000E-30  1.000000E-30  1.000000E-30  1.000000E-30
    242  9.335415502949E-02  1.000000E-30  1.000000E-30  1.000000E-30  1.000000E-30  1.000000E-30  1.000000E-30  1.000000E-30  1.000000E-30
    243  9.429165011748E-02  1.000000E-30  1.000000E-30  1.000000E-30  1.000000E-30  1.000000E-30  1.000000E-30  1.000000E-30  1.000000E-30
    244  9.514750284226E-02  1.000000E-30  1.000000E-30  1.000000E-30  1.000000E-30  1.000000E-30  1.000000E-30  1.000000E-30  1.000000E-30
    245  9.592869681963E-02  1.000000E-30  1.000000E-30  1.000000E-30  1.000000E-30  1.000000E-30  1.000000E-30  1.000000E-30  1.000000E-30
    246  9.638259128200E-02  1.000000E-30  1.000000E-30  1.000000E-30  1.000000E-30  1.000000E-30  1.000000E-30  1.000000E-30  1.000000E-30
    247  9.686466198075E-02  1.000000E-30  1.000000E-30  1.000000E-30  1.000000E-30  1.000000E-30  1.000000E-30  1.000000E-30  1.000000E-30
    248  9.745016881397E-02  1.000000E-30  1.000000E-30  1.000000E-30  1.000000E-30  1.000000E-30  1.000000E-30  1.000000E-30  1.000000E-30
    249  9.798964068785E-02  1.000000E-30  1.000000E-30  1.000000E-30  1.000000E-30  1.000000E-30  1.000000E-30  1.000000E-30  1.000000E-30
    250  9.892639389759E-02  1.000000E-30  1.000000E-30  1.000000E-30  1.000000E-30  1.000000E-30  1.000000E-30  1.000000E-30  1.000000E-30
    251  9.977784733458E-02  1.000000E-30  1.000000E-30  1.000000E-30  1.000000E-30  1.000000E-30  1.000000E-30  1.000000E-30  1.000000E-30
    252  1.005622893962E-01  1.000000E-30  1.000000E-30  1.000000E-30  1.000000E-30  1.000000E-30  1.000000E-30  1.000000E-30  1.000000E-30
    253  1.013070552067E-01  1.000000E-30  1.000000E-30  1.000000E-30  1.000000E-30  1.000000E-30  1.000000E-30  1.000000E-30  1.000000E-30
    254  1.019791947326E-01  1.000000E-30  1.000000E-30  1.000000E-30  1.000000E-30  1.000000E-30  1.000000E-30  1.000000E-30  1.000000E-30
    255  1.025982572428E-01  1.000000E-30  1.000000E-30  1.000000E-30  1.000000E-30  1.000000E-30  1.000000E-30  1.000000E-30  1.000000E-30
    256  1.032644197032E-01  1.000000E-30  1.000000E-30  1.000000E-30  1.000000E-30  1.000000E-30  1.000000E-30  1.000000E-30  1.000000E-30
    257  1.039121745974E-01  1.000000E-30  1.000000E-30  1.000000E-30  1.000000E-30  1.000000E-30  1.000000E-30  1.000000E-30  1.000000E-30
    258  1.045193471709E-01  1.000000E-30  1.000000E-30  1.000000E-30  1.000000E-30  1.000000E-30  1.000000E-30  1.000000E-30  1.000000E-30
    259  1.051181778144E-01  1.000000E-30  1.000000E-30  1.000000E-30  1.000000E-30  1.000000E-30  1.000000E-30  1.000000E-30  1.000000E-30
    260  1.056826419982E-01  1.000000E-30  1.000000E-30  1.000000E-30  1.000000E-30  1.000000E-30  1.000000E-30  1.000000E-30  1.000000E-30
    261  1.062431336111E-01  1.000000E-30  1.000000E-30  1.000000E-30  1.000000E-30  1.000000E-30  1.000000E-30  1.000000E-30  1.000000E-30
    262  1.068146627648E-01  1.000000E-30  1.000000E-30  1.000000E-30  1.000000E-30  1.000000E-30  1.000000E-30  1.000000E-30  1.000000E-30
    263  1.073656177930E-01  1.000000E-30  1.000000E-30  1.000000E-30  1.000000E-30  1.000000E-30  1.000000E-30  1.000000E-30  1.000000E-30
    264  1.079139362418E-01  1.000000E-30  1.000000E-30  1.000000E-30  1.000000E-30  1.000000E-30  1.000000E-30  1.000000E-30  1.000000E-30
    265  1.084202130578E-01  1.000000E-30  1.000000E-30  1.000000E-30  1.000000E-30  1.000000E-30  1.000000E-30  1.000000E-30  1.000000E-30
    266  1.089957947327E-01  1.000000E-30  1.000000E-30  1.000000E-30  1.000000E-30  1.000000E-30  1.000000E-30  1.000000E-30  1.000000E-30
    267  1.095139929398E-01  1.000000E-30  1.000000E-30  1.000000E-30  1.000000E-30  1.000000E-30  1.000000E-30  1.000000E-30  1.000000E-30
    268  1.100036617482E-01  1.000000E-30  1.000000E-30  1.000000E-30  1.000000E-30  1.000000E-30  1.000000E-30  1.000000E-30  1.000000E-30
    269  1.105581599754E-01  1.000000E-30  1.000000E-30  1.000000E-30  1.000000E-30  1.000000E-30  1.000000E-30  1.000000E-30  1.000000E-30
    270  1.111738162549E-01  1.000000E-30  1.000000E-30  1.000000E-30  1.000000E-30  1.000000E-30  1.000000E-30  1.000000E-30  1.000000E-30
    271  1.117276452796E-01  1.000000E-30  1.000000E-30  1.000000E-30  1.000000E-30  1.000000E-30  1.000000E-30  1.000000E-30  1.000000E-30
    272  1.122547306619E-01  1.000000E-30  1.000000E-30  1.000000E-30  1.000000E-30  1.000000E-30  1.000000E-30  1.000000E-30  1.000000E-30
    273  1.128196390807E-01  1.000000E-30  1.000000E-30  1.000000E-30  1.000000E-30  1.000000E-30  1.000000E-30  1.000000E-30  1.000000E-30
    274  1.134172103791E-01  1.000000E-30  1.000000E-30  1.000000E-30  1.000000E-30  1.000000E-30  1.000000E-30  1.000000E-30  1.000000E-30
    275  1.139661173569E-01  1.000000E-30  1.000000E-30  1.000000E-30  1.000000E-30  1.000000E-30  1.000000E-30  1.000000E-30  1.000000E-30
    276  1.145721141816E-01  1.000000E-30  1.000000E-30  1.000000E-30  1.000000E-30  1.000000E-30  1.000000E-30  1.000000E-30  1.000000E-30
    277  1.151138636995E-01  1.000000E-30  1.000000E-30  1.000000E-30  1.000000E-30  1.000000E-30  1.000000E-30  1.000000E-30  1.000000E-30
    278  1.160623872824E-01  1.000000E-30  1.000000E-30  1.000000E-30  1.000000E-30  1.000000E-30  1.000000E-30  1.000000E-30  1.000000E-30
    279  1.166131253687E-01  1.000000E-30  1.000000E-30  1.000000E-30  1.000000E-30  1.000000E-30  1.000000E-30  1.000000E-30  1.000000E-30
    280  1.171578902390E-01  1.000000E-30  1.000000E-30  1.000000E-30  1.000000E-30  1.000000E-30  1.000000E-30  1.000000E-30  1.000000E-30
    281  1.179966344325E-01  1.000000E-30  1.000000E-30  1.000000E-30  1.000000E-30  1.000000E-30  1.000000E-30  1.000000E-30  1.000000E-30
    282  1.184626561866E-01  1.000000E-30  1.000000E-30  1.000000E-30  1.000000E-30  1.000000E-30  1.000000E-30  1.000000E-30  1.000000E-30
    283  1.189221956404E-01  1.000000E-30  1.000000E-30  1.000000E-30  1.000000E-30  1.000000E-30  1.000000E-30  1.000000E-30  1.000000E-30
    284  1.197605220964E-01  1.000000E-30  1.000000E-30  1.000000E-30  1.000000E-30  1.000000E-30  1.000000E-30  1.000000E-30  1.000000E-30
    285  1.205341475296E-01  1.000000E-30  1.000000E-30  1.000000E-30  1.000000E-30  1.000000E-30  1.000000E-30  1.000000E-30  1.000000E-30
    286  1.212540834288E-01  1.000000E-30  1.000000E-30  1.000000E-30  1.000000E-30  1.000000E-30  1.000000E-30  1.000000E-30  1.000000E-30
    287  1.219299358624E-01  1.000000E-30  1.000000E-30  1.000000E-30  1.000000E-30  1.000000E-30  1.000000E-30  1.000000E-30  1.000000E-30
    288  1.225766858039E-01  1.000000E-30  1.000000E-30  1.000000E-30  1.000000E-30  1.000000E-30  1.000000E-30  1.000000E-30  1.000000E-30
    289  1.231854533608E-01  1.000000E-30  1.000000E-30  1.000000E-30  1.000000E-30  1.000000E-30  1.000000E-30  1.000000E-30  1.000000E-30
    290  1.237219182154E-01  1.000000E-30  1.000000E-30  1.000000E-30  1.000000E-30  1.000000E-30  1.000000E-30  1.000000E-30  1.000000E-30
    291  1.242404039059E-01  1.000000E-30  1.000000E-30  1.000000E-30  1.000000E-30  1.000000E-30  1.000000E-30  1.000000E-30  1.000000E-30
    292  1.248086455930E-01  1.000000E-30  1.000000E-30  1.000000E-30  1.000000E-30  1.000000E-30  1.000000E-30  1.000000E-30  1.000000E-30
    293  1.253177247642E-01  1.000000E-30  1.000000E-30  1.000000E-30  1.000000E-30  1.000000E-30  1.000000E-30  1.000000E-30  1.000000E-30
    294  1.258810647447E-01  1.000000E-30  1.000000E-30  1.000000E-30  1.000000E-30  1.000000E-30  1.000000E-30  1.000000E-30  1.000000E-30
    295  1.264205598797E-01  1.000000E-30  1.000000E-30  1.000000E-30  1.000000E-30  1.000000E-30  1.000000E-30  1.000000E-30  1.000000E-30
    296  1.270317883483E-01  1.000000E-30  1.000000E-30  1.000000E-30  1.000000E-30  1.000000E-30  1.000000E-30  1.000000E-30  1.000000E-30
    297  1.275757308169E-01  1.282950E-30  1.000000E-30  1.000000E-30  1.000000E-30  1.000000E-30  1.000000E-30  1.000000E-30  1.000000E-30
    298  1.286048671531E-01  4.197985E-30  1.000000E-30  1.000000E-30  1.000000E-30  1.000000E-30  1.000000E-30  1.000000E-30  1.000000E-30
    299  1.290949488661E-01  7.177107E-30  1.000000E-30  1.000000E-30  1.000000E-30  1.000000E-30  1.000000E-30  1.000000E-30  1.000000E-30
    300  1.295345101683E-01  1.147939E-29  1.000000E-30  1.000000E-30  1.000000E-30  1.000000E-30  1.000000E-30  1.000000E-30  1.000000E-30
    301  1.303954523490E-01  2.823444E-29  1.000000E-30  1.000000E-30  1.000000E-30  1.000000E-30  1.000000E-30  1.000000E-30  1.000000E-30
    302  1.308549873199E-01  4.493403E-29  1.000000E-30  1.000000E-30  1.000000E-30  1.000000E-30  1.000000E-30  1.000000E-30  1.000000E-30
    303  1.312776310019E-01  6.829768E-29  1.000000E-30  1.000000E-30  1.000000E-30  1.000000E-30  1.000000E-30  1.000000E-30  1.000000E-30
    304  1.320787884157E-01  1.485522E-28  1.000000E-30  1.000000E-30  1.000000E-30  1.000000E-30  1.000000E-30  1.000000E-30  1.000000E-30
    305  1.327308179063E-01  2.737618E-28  1.000000E-30  1.000000E-30  1.000000E-30  1.000000E-30  1.000000E-30  1.000000E-30  1.000000E-30
    306  1.333821207310E-01  4.953641E-28  1.000000E-30  1.000000E-30  1.000000E-30  1.000000E-30  1.000000E-30  1.000000E-30  1.000000E-30
    307  1.339749669338E-01  8.367222E-28  1.446552E-30  1.000000E-30  1.000000E-30  1.000000E-30  1.000000E-30  1.000000E-30  1.000000E-30
    308  1.345530840576E-01  1.376063E-27  2.477153E-30  1.000000E-30  1.000000E-30  1.000000E-30  1.000000E-30  1.000000E-30  1.000000E-30
    309  1.351098094661E-01  2.193436E-27  4.094067E-30  1.000000E-30  1.000000E-30  1.000000E-30  1.000000E-30  1.000000E-30  1.000000E-30
    310  1.359304916944E-01  4.273059E-27  8.417096E-30  1.357269E-30  1.000000E-30  1.000000E-30  1.000000E-30  1.000000E-30  1.000000E-30
    311  1.363572082699E-01  5.970160E-27  1.209708E-29  2.102459E-30  1.000000E-30  1.000000E-30  1.000000E-30  1.000000E-30  1.000000E-30
    312  1.367788244083E-01  8.249148E-27  1.719016E-29  3.131862E-30  1.000000E-30  1.000000E-30  1.000000E-30  1.000000E-30  1.000000E-30
    313  1.375777712339E-01  1.497082E-26  3.291286E-29  6.582549E-30  1.000000E-30  1.000000E-30  1.000000E-30  1.000000E-30  1.000000E-30
    314  1.380438267916E-01  2.091233E-26  4.744578E-29  1.001839E-29  1.000000E-30  1.000000E-30  1.000000E-30  1.000000E-30  1.000000E-30
    315  1.384690951451E-01  2.814849E-26  6.573407E-29  1.459196E-29  1.000000E-30  1.000000E-30  1.000000E-30  1.000000E-30  1.000000E-30
    316  1.391087445178E-01  4.344374E-26  1.059860E-28  2.538010E-29  1.000000E-30  1.000000E-30  1.000000E-30  1.000000E-30  1.000000E-30
    317  1.397002518981E-01  6.387900E-26  1.623188E-28  4.170903E-29  1.000000E-30  1.000000E-30  1.000000E-30  1.000000E-30  1.000000E-30
    318  1.402705851668E-01  9.131101E-26  2.413851E-28  6.641902E-29  1.000000E-30  1.000000E-30  1.000000E-30  1.000000E-30  1.000000E-30
    319  1.408634912375E-01  1.303983E-25  3.592869E-28  1.061969E-28  1.000000E-30  1.000000E-30  1.000000E-30  1.000000E-30  1.000000E-30
    320  1.414089642241E-01  1.784559E-25  5.109263E-28  1.613790E-28  1.000000E-30  1.000000E-30  1.000000E-30  1.000000E-30  1.000000E-30
    321  1.419220762512E-01  2.367877E-25  7.030034E-28  2.364323E-28  1.000000E-30  1.000000E-30  1.000000E-30  1.000000E-30  1.000000E-30
    322  1.422771704232E-01  2.859351E-25  8.706333E-28  3.058815E-28  1.000000E-30  1.000000E-30  1.000000E-30  1.000000E-30  1.000000E-30
    323  1.426029315631E-01  3.382770E-25  1.054254E-27  3.855931E-28  1.000000E-30  1.000000E-30  1.000000E-30  1.000000E-30  1.000000E-30
    324  1.430135230101E-01  4.154768E-25  1.333557E-27  5.132194E-28  1.057699E-30  1.000000E-30  1.000000E-30  1.000000E-30  1.000000E-30
    325  1.434683796643E-01  5.174666E-25  1.716294E-27  6.990128E-28  1.488189E-30  1.000000E-30  1.000000E-30  1.000000E-30  1.000000E-30
    326  1.440315208021E-01  6.714767E-25  2.319967E-27  1.013927E-27  2.242965E-30  1.000000E-30  1.000000E-30  1.000000E-30  1.000000E-30
    327  1.445490332405E-01  8.439178E-25  3.027999E-27  1.412546E-27  3.237471E-30  1.165700E-30  1.000000E-30  1.000000E-30  1.000000E-30
    328  1.451370980342E-01  1.081720E-24  4.052598E-27  2.036838E-27  4.861534E-30  1.900524E-30  1.000000E-30  1.000000E-30  1.000000E-30
    329  1.457052374241E-01  1.359968E-24  5.313717E-27  2.871382E-27  7.129228E-30  2.990493E-30  1.000000E-30  1.000000E-30  1.000000E-30
    330  1.463107957421E-01  1.717924E-24  7.021998E-27  4.101348E-27  1.062356E-29  4.811654E-30  1.000000E-30  1.000000E-30  1.000000E-30
    331  1.468752132891E-01  2.117006E-24  9.027411E-27  5.671684E-27  1.528679E-29  7.429626E-30  1.000000E-30  1.000000E-30  1.000000E-30
    332  1.475510939381E-01  2.693176E-24  1.208616E-26  8.291486E-27  2.344599E-29  1.241899E-29  1.000000E-30  1.000000E-30  1.000000E-30
    333  1.481899111058E-01  3.352978E-24  1.579746E-26  1.178442E-26  3.488121E-29  2.006044E-29  1.000000E-30  1.000000E-30  1.000000E-30
    334  1.491767377555E-01  4.648516E-24  2.362877E-26  2.008446E-26  6.384162E-29  4.172351E-29  1.000000E-30  1.000000E-30  1.000000E-30
    335  1.497116139607E-01  5.513223E-24  2.921270E-26  2.666811E-26  8.814325E-29  6.177436E-29  1.000000E-30  1.000000E-30  1.000000E-30
    336  1.502421520731E-01  6.509748E-24  3.595315E-26  3.524543E-26  1.211200E-28  9.101454E-29  1.000000E-30  1.000000E-30  1.000000E-30
    337  1.509052103900E-01  7.984811E-24  4.646303E-26  4.981956E-26  1.798097E-28  1.475224E-28  1.000000E-30  1.000000E-30  1.000000E-30
    338  1.515352476696E-01  9.663550E-24  5.911432E-26  6.906006E-26  2.612416E-28  2.331266E-28  1.000000E-30  1.000000E-30  1.000000E-30
    339  1.521327102765E-01  1.155464E-23  7.414094E-26  9.401121E-26  3.719536E-28  3.596896E-28  1.000000E-30  1.000000E-30  1.000000E-30
    340  1.526678407657E-01  1.353775E-23  9.069037E-26  1.238110E-25  5.100997E-28  5.303081E-28  1.347795E-30  1.000000E-30  1.000000E-30
    341  1.532481602429E-01  1.605361E-23  1.127256E-25  1.668068E-25  7.183175E-28  8.081546E-28  2.098285E-30  1.000000E-30  1.000000E-30
    342  1.535863948111E-01  1.771694E-23  1.278841E-25  1.983844E-25  8.767342E-28  1.033099E-27  2.754360E-30  1.000000E-30  1.000000E-30
    343  1.538995751697E-01  1.940495E-23  1.437063E-25  2.329358E-25  1.054542E-27  1.297265E-27  3.542805E-30  1.000000E-30  1.000000E-30
    344  1.546020187628E-01  2.379406E-23  1.867091E-25  3.341432E-25  1.597305E-27  2.165291E-27  6.244372E-30  1.000000E-30  1.000000E-30
    345  1.552062305672E-01  2.832638E-23  2.337114E-25  4.557131E-25  2.283677E-27  3.367272E-27  1.018000E-29  1.000000E-30  1.000000E-30
    346  1.557875935888E-01  3.348198E-23  2.900141E-25  6.145025E-25  3.223470E-27  5.156466E-27  1.631874E-29  1.000000E-30  1.000000E-30
    347  1.566447447202E-01  4.283123E-23  3.988193E-25  9.561405E-25  5.368449E-27  9.692754E-27  3.283328E-29  1.000000E-30  1.000000E-30
    348  1.574294426159E-01  5.361216E-23  5.337229E-25  1.434157E-24  8.574939E-27  1.731413E-26  6.245886E-29  1.000000E-30  1.000000E-30
    349  1.581710514975E-01  6.624706E-23  7.029312E-25  2.105990E-24  1.337027E-26  3.003690E-26  1.150576E-28  1.000000E-30  1.000000E-30
    350  1.588328903187E-01  7.996295E-23  8.985742E-25  2.968733E-24  1.989271E-26  4.918780E-26  1.988730E-28  1.000000E-30  1.000000E-30
    351  1.594606073659E-01  9.553358E-23  1.134056E-24  4.113556E-24  2.902282E-26  7.864615E-26  3.348196E-28  1.000000E-30  1.000000E-30
    352  1.600565792087E-01  1.130567E-22  1.414315E-24  5.609628E-24  4.157927E-26  1.229877E-25  5.500865E-28  1.000000E-30  1.000000E-30
    353  1.607059625219E-01  1.357145E-22  1.798324E-24  7.866848E-24  6.155391E-26  2.004283E-25  9.463641E-28  1.000000E-30  1.000000E-30
    354  1.613957576202E-01  1.645892E-22  2.319501E-24  1.126784E-23  9.342497E-26  3.371233E-25  1.686823E-27  1.000000E-30  1.000000E-30
    355  1.620398820205E-01  1.968029E-22  2.938991E-24  1.575765E-23  1.379747E-25  5.484544E-25  2.898189E-27  1.000000E-30  1.000000E-30
    356  1.627691861850E-01  2.404244E-22  3.835948E-24  2.301455E-23  2.144581E-25  9.518588E-25  5.353161E-27  1.000000E-30  1.000000E-30
    357  1.634667099868E-01  2.903609E-22  4.937808E-24  3.301762E-23  3.267015E-25  1.612658E-24  9.630754E-27  1.000000E-30  1.000000E-30
    358  1.645369737572E-01  3.852803E-22  7.232988E-24  5.720937E-23  6.212546E-25  3.615352E-24  2.369647E-26  1.066113E-30  1.000000E-30
    359  1.651200899964E-01  4.471036E-22  8.862943E-24  7.688337E-23  8.787964E-25  5.599063E-24  3.862948E-26  1.785213E-30  1.000000E-30
    360  1.656939516385E-01  5.154286E-22  1.078328E-23  1.025103E-22  1.232713E-24  8.591893E-24  6.236707E-26  2.948078E-30  1.000000E-30
    361  1.664404283242E-01  6.151626E-22  1.381222E-23  1.480248E-22  1.902484E-24  1.491412E-23  1.157121E-25  5.634773E-30  1.000000E-30
    362  1.671401020014E-01  7.184723E-22  1.724623E-23  2.069771E-22  2.832807E-24  2.481391E-23  2.050218E-25  1.026883E-29  1.000000E-30
    363  1.682228463170E-01  8.900787E-22  2.371840E-23  3.397720E-22  5.130647E-24  5.345155E-23  4.872408E-25  2.550302E-29  1.000000E-30
    364  1.688914277275E-01  9.946121E-22  2.828796E-23  4.524724E-22  7.265099E-24  8.434398E-23  8.176119E-25  4.399361E-29  1.000000E-30
    365  1.695862681704E-01  1.092950E-21  3.328051E-23  5.975729E-22  1.023174E-23  1.330505E-22  1.375485E-24  7.618439E-29  1.131635E-30
    366  1.708796298676E-01  1.212522E-21  4.199066E-23  9.370821E-22  1.810886E-23  2.912855E-22  3.397874E-24  1.987204E-28  3.276712E-30
    367  1.720689125062E-01  1.205015E-21  4.703672E-23  1.285970E-21  2.783045E-23  5.464577E-22  7.138659E-24  4.393825E-28  7.936959E-30
    368  1.730357271347E-01  1.107764E-21  4.766720E-23  1.536714E-21  3.647860E-23  8.441949E-22  1.211371E-23  7.779918E-28  1.516309E-29
    369  1.739185931198E-01  9.577688E-22  4.524454E-23  1.704743E-21  4.409722E-23  1.184348E-21  1.849465E-23  1.234270E-27  2.576432E-29
    370  1.748109107026E-01  7.833507E-22  4.047746E-23  1.779694E-21  5.025045E-23  1.576687E-21  2.690187E-23  1.868876E-27  4.188818E-29
    371  1.757092013639E-01  6.009096E-22  3.423611E-23  1.770643E-21  5.466727E-23  2.003292E-21  3.733951E-23  2.700497E-27  6.503475E-29
    372  1.765567714958E-01  4.508762E-22  2.808746E-23  1.688164E-21  5.671376E-23  2.411973E-21  4.895064E-23  3.680161E-27  9.494243E-29
    373  1.775373762473E-01  3.083450E-22  2.133677E-23  1.531826E-21  5.683421E-23  2.877166E-21  6.448624E-23  5.072588E-27  1.418123E-28
    374  1.784803688374E-01  2.062008E-22  1.580717E-23  1.348091E-21  5.508015E-23  3.301295E-21  8.148702E-23  6.698627E-27  2.024883E-28
    375  1.795112536071E-01  1.282587E-22  1.100992E-23  1.136176E-21  5.164445E-23  3.731796E-21  1.024840E-22  8.845860E-27  2.915273E-28
    376  1.804824008025E-01  7.987216E-23  7.636510E-24  9.445589E-22  4.752479E-23  4.101987E-21  1.247037E-22  1.127691E-26  4.035513E-28
    377  1.815169070317E-01  4.705227E-23  5.052855E-24  7.599523E-22  4.266148E-23  4.460560E-21  1.513074E-22  1.438837E-26  5.627135E-28
    378  1.825428215499E-01  2.729213E-23  3.293275E-24  6.023971E-22  3.774433E-23  4.781828E-21  1.810594E-22  1.811088E-26  7.743525E-28
    379  1.841355644659E-01  1.132416E-23  1.641724E-24  4.088031E-22  3.045967E-23  5.222265E-21  2.351610E-22  2.547978E-26  1.253877E-27
    380  1.856860183354E-01  4.642005E-24  8.077785E-25  2.729962E-22  2.415094E-23  5.588377E-21  2.988317E-22  3.505644E-26  1.983391E-27
    381  1.870847965371E-01  2.023683E-24  4.159664E-25  1.860556E-22  1.926990E-23  5.869144E-21  3.674512E-22  4.637572E-26  2.982275E-27
    382  1.883699545972E-01  9.243111E-25  2.221279E-25  1.289670E-22  1.547217E-23  6.086950E-21  4.414831E-22  5.966156E-26  4.323716E-27
    383  1.895671856375E-01  4.378777E-25  1.219146E-25  9.056864E-23  1.248490E-23  6.255678E-21  5.213898E-22  7.517159E-26  6.099319E-27
    384  1.907324824205E-01  2.082961E-25  6.706737E-26  6.353067E-23  1.004423E-23  6.388148E-21  6.106970E-22  9.386454E-26  8.514277E-27
    385  1.917913284253E-01  1.047707E-25  3.855649E-26  4.564872E-23  8.186871E-24  6.481161E-21  7.029112E-22  1.146009E-25  1.151834E-26
    386  1.928179034582E-01  5.310030E-26  2.228160E-26  3.284995E-23  6.667446E-24  6.546123E-21  8.035483E-22  1.388246E-25  1.543067E-26
    387  1.939781308337E-01  2.433201E-26  1.186056E-26  2.245274E-23  5.250389E-24  6.589080E-21  9.318935E-22  1.720540E-25  2.145781E-26
    388  1.950365569225E-01  1.176825E-26  6.588266E-27  1.571770E-23  4.188944E-24  6.598062E-21  1.063660E-21  2.088287E-25  2.896433E-26
    389  1.963061656501E-01  4.843907E-27  3.208315E-27  1.013062E-23  3.164955E-24  6.566665E-21  1.241099E-21  2.625944E-25  4.143159E-26
    390  1.975160386553E-01  2.042295E-27  1.589468E-27  6.574825E-24  2.395107E-24  6.482805E-21  1.428774E-21  3.250086E-25  5.804363E-26
    391  1.988970783448E-01  7.417614E-28  6.941147E-28  3.922274E-24  1.707043E-24  6.289617E-21  1.656329E-21  4.097984E-25  8.434400E-26
    392  2.001908516564E-01  2.768232E-28  3.073209E-28  2.333445E-24  1.202813E-24  5.938449E-21  1.852323E-21  4.964882E-25  1.165422E-25
    393  2.023233395230E-01  5.070409E-29  6.840037E-29  8.306953E-25  5.686087E-25  4.586104E-21  1.901203E-21  5.831711E-25  1.672737E-25
    394  2.035207364909E-01  1.684352E-29  2.408072E-29  3.781490E-25  3.047125E-25  3.253952E-21  1.587192E-21  5.259254E-25  1.690130E-25
    395  2.047171141817E-01  6.664818E-30  7.391479E-30  1.359589E-25  1.291709E-25  1.831190E-21  1.053161E-21  3.774115E-25  1.344443E-25
    396  2.061861175315E-01  4.833084E-30  2.345445E-30  2.829995E-26  3.299826E-26  6.624264E-22  4.677937E-22  1.848574E-25  7.502072E-26
    397  2.075162532616E-01  4.295215E-30  1.515636E-30  5.943225E-27  8.364428E-27  2.260304E-22  1.927793E-22  8.336738E-26  3.696122E-26
    398  2.088103947538E-01  3.712950E-30  1.201727E-30  1.451277E-27  2.454609E-27  8.277952E-23  8.506113E-23  4.020760E-26  1.768691E-26
    399  2.102374295066E-01  4.004600E-30  1.316712E-30  4.658729E-28  9.631897E-28  3.473296E-23  4.396772E-23  2.296577E-26  8.190272E-27
    400  2.116254943500E-01  3.470826E-30  1.129626E-30  2.475810E-28  6.244833E-28  2.038553E-23  3.170603E-23  1.827871E-26  4.463568E-27
    401  2.137594200207E-01  4.911665E-30  1.598218E-30  1.553823E-28  5.290884E-28  1.327563E-23  2.851413E-23  1.919943E-26  2.788199E-27
    402  2.149968302441E-01  2.917126E-30  1.000000E-30  1.298490E-28  5.414624E-28  1.134987E-23  2.949319E-23  2.176515E-26  2.718693E-27
    403  2.163578604848E-01  2.899890E-30  1.000000E-30  1.136919E-28  5.843663E-28  9.857182E-24  3.168218E-23  2.590519E-26  3.002680E-27
    404  2.188327022992E-01  4.961827E-30  1.587387E-30  9.731137E-29  7.164426E-28  7.903477E-24  3.767344E-23  3.727927E-26  4.180107E-27
    405  2.210861741802E-01  4.528221E-30  1.397481E-30  8.272737E-29  8.788565E-28  6.529178E-24  4.494907E-23  5.318273E-26  5.969262E-27
    406  2.231360986547E-01  3.815693E-30  1.160729E-30  6.994358E-29  1.049549E-27  5.462608E-24  5.289664E-23  7.394305E-26  8.337278E-27
    407  2.249661932162E-01  3.160384E-30  1.014142E-30  5.911483E-29  1.210014E-27  4.615025E-24  6.087761E-23  9.910495E-26  1.121558E-26
    408  2.266023391923E-01  2.834908E-30  1.000000E-30  4.984231E-29  1.351464E-27  3.930861E-24  6.855095E-23  1.282408E-25  1.454972E-26
    409  2.291569547831E-01  4.136613E-30  1.295278E-30  3.912208E-29  1.551507E-27  3.001647E-24  8.113182E-23  1.895749E-25  2.156393E-26
    410  2.305971902523E-01  2.504062E-30  1.000000E-30  3.053725E-29  1.644044E-27  2.557052E-24  8.828589E-23  2.345587E-25  2.670300E-26
    411  2.319348711247E-01  1.978731E-30  1.000000E-30  2.500374E-29  1.714079E-27  2.196943E-24  9.483022E-23  2.843979E-25  3.239160E-26
    412  2.335360820165E-01  2.331364E-30  1.000000E-30  2.046511E-29  1.774598E-27  1.833408E-24  1.023670E-22  3.557860E-25  4.053134E-26
    413  2.351317971316E-01  2.382212E-30  1.000000E-30  1.618150E-29  1.807504E-27  1.543845E-24  1.093693E-22  4.414897E-25  5.029213E-26
    414  2.376293164755E-01  3.553546E-30  1.131837E-30  1.293593E-29  1.804334E-27  1.230153E-24  1.188904E-22  6.098973E-25  6.944396E-26
    415  2.399259738388E-01  3.205931E-30  1.071395E-30  9.660809E-30  1.745205E-27  1.081098E-24  1.256226E-22  8.081223E-25  9.195164E-26
    416  2.420046682363E-01  2.519982E-30  1.000000E-30  7.147087E-30  1.651904E-27  1.049856E-24  1.297225E-22  1.029367E-24  1.170420E-25
    417  2.451201276448E-01  3.527213E-30  1.290907E-30  7.618324E-30  1.460281E-27  1.167664E-24  1.319656E-22  1.446906E-24  1.643377E-25
    418  2.467564269033E-01  1.983262E-30  1.000000E-30  5.339827E-30  1.342134E-27  1.301926E-24  1.312185E-22  1.712161E-24  1.943616E-25
    419  2.483354027874E-01  1.904393E-30  1.000000E-30  5.273765E-30  1.223085E-27  1.475617E-24  1.292904E-22  2.000875E-24  2.270309E-25
    420  2.499258654919E-01  1.869760E-30  1.031650E-30  5.484381E-30  1.101191E-27  1.693271E-24  1.262270E-22  2.325934E-24  2.638081E-25
    421  2.515152656983E-01  1.551913E-30  1.038491E-30  5.447013E-30  9.804554E-28  1.953090E-24  1.221565E-22  2.686663E-24  3.046232E-25
    422  2.542060864984E-01  2.861972E-30  1.577732E-30  8.183625E-30  7.862078E-28  2.490086E-24  1.133614E-22  3.382887E-24  3.834292E-25
    423  2.556901221114E-01  1.700461E-30  1.433549E-30  7.389992E-30  6.869919E-28  2.839824E-24  1.077358E-22  3.814409E-24  4.323071E-25
    424  2.570805114381E-01  1.141463E-30  1.400312E-30  7.457276E-30  6.009408E-28  3.203308E-24  1.021220E-22  4.250144E-24  4.816969E-25
    425  2.598984391343E-01  2.433476E-30  2.052231E-30  1.095621E-29  4.486462E-28  4.051197E-24  9.019073E-23  5.227962E-24  5.926852E-25
    426  2.622653138568E-01  1.903103E-30  2.316201E-30  1.259145E-29  3.438309E-28  4.885257E-24  8.013683E-23  6.147969E-24  6.973431E-25
    427  2.644885215151E-01  1.781692E-30  2.686784E-30  1.483197E-29  2.641874E-28  5.777030E-24  7.109335E-23  7.093964E-24  8.052278E-25
    428  2.667229470066E-01  1.730522E-30  3.156183E-30  1.765328E-29  2.008451E-28  6.785735E-24  6.270008E-23  8.123587E-24  9.229975E-25
    429  2.687894382327E-01  1.347863E-30  3.579457E-30  2.027372E-29  1.551896E-28  7.824993E-24  5.574843E-23  9.144901E-24  1.040208E-24
    430  2.709436570286E-01  1.331736E-30  4.213685E-30  2.415601E-29  1.192460E-28  9.023819E-24  4.946537E-23  1.027881E-23  1.170836E-24
    431  2.728595154549E-01  1.201217E-30  4.836719E-30  2.803012E-29  9.558693E-29  1.019514E-23  4.476574E-23  1.134578E-23  1.294260E-24
    432  2.763050324764E-01  2.359613E-30  6.546739E-30  3.865219E-29  6.911061E-29  1.257317E-23  3.846920E-23  1.340399E-23  1.533835E-24
    433  2.797281875476E-01  2.175291E-30  8.381315E-30  5.048391E-29  5.744236E-29  1.533017E-23  3.488319E-23  1.563936E-23  1.796376E-24
    434  2.831107064370E-01  2.105249E-30  1.083199E-29  6.642143E-29  5.680702E-29  1.853503E-23  3.378874E-23  1.808046E-23  2.085877E-24
    435  2.863632962154E-01  2.051775E-30  1.415238E-29  8.828370E-29  6.491423E-29  2.223140E-23  3.490693E-23  2.074674E-23  2.405103E-24
    436  2.894106333807E-01  1.461020E-30  1.859603E-29  1.178602E-28  8.092021E-29  2.650608E-23  3.792288E-23  2.370551E-23  2.762210E-24
    437  2.941185503109E-01  2.018122E-30  3.145018E-29  2.046292E-28  1.319321E-28  3.581521E-23  4.719581E-23  2.993365E-23  3.519607E-24
    438  2.983685787405E-01  1.934673E-30  5.584656E-29  3.718485E-28  2.328189E-28  4.977647E-23  6.321458E-23  3.905536E-23  4.635406E-24
    439  3.021949729112E-01  1.941604E-30  1.019408E-28  6.929098E-28  4.239289E-28  7.170766E-23  8.941356E-23  5.306599E-23  6.358141E-24
    440  3.059150641439E-01  2.002606E-30  1.937243E-28  1.343748E-27  8.036486E-28  1.097705E-22  1.353309E-22  7.663148E-23  9.275201E-24
    441  3.094680949786E-01  2.160491E-30  3.689867E-28  2.609630E-27  1.526431E-27  1.750075E-22  2.140190E-22  1.154032E-22  1.411639E-23
    442  3.127856926026E-01  1.709865E-30  6.816323E-28  4.909022E-27  2.811879E-27  2.816246E-22  3.421633E-22  1.758807E-22  2.174485E-23
    443  3.178598433803E-01  3.105174E-30  1.746881E-27  1.293444E-26  7.169106E-27  6.094130E-22  7.334981E-22  3.494948E-22  4.398701E-23
    444  3.224504526026E-01  5.607716E-30  4.045596E-27  3.071188E-26  1.652201E-26  1.247176E-21  1.488422E-21  6.607625E-22  8.465261E-23
    445  3.266870398371E-01  1.073838E-29  8.647940E-27  6.717014E-26  3.515275E-26  2.411665E-21  2.855146E-21  1.185553E-21  1.546102E-22
    446  3.305577136787E-01  1.945021E-29  1.706606E-26  1.353353E-25  6.906868E-26  4.370271E-21  5.135192E-21  2.003493E-21  2.658751E-22
    447  3.362681054783E-01  5.617590E-29  4.538613E-26  3.709785E-25  1.824824E-25  1.030234E-20  1.196899E-20  4.250368E-21  5.799734E-22
    448  3.414589872690E-01  1.447011E-28  1.078332E-25  9.056365E-25  4.309672E-25  2.197587E-20  2.526452E-20  8.217897E-21  1.152662E-21
    449  3.462773530350E-01  3.462200E-28  2.364768E-25  2.035827E-24  9.398867E-25  4.359593E-20  4.963115E-20  1.485188E-20  2.141230E-21
    450  3.508856189623E-01  7.909725E-28  4.939986E-25  4.352903E-24  1.953209E-24  8.267886E-20  9.324839E-20  2.571947E-20  3.813568E-21
    451  3.552628710565E-01  1.719181E-27  9.830188E-25  8.851756E-24  3.867992E-24  1.499569E-19  1.676460E-19  4.272541E-20  6.516817E-21
    452  3.595141079779E-01  3.623842E-27  1.898591E-24  1.745262E-23  7.436724E-24  2.644967E-19  2.932227E-19  6.910314E-20  1.085016E-20
    453  3.636744849418E-01  7.456991E-27  3.582741E-24  3.359149E-23  1.397373E-23  4.564757E-19  5.020023E-19  1.094240E-19  1.770144E-20
    454  3.676260234901E-01  1.468624E-26  6.494995E-24  6.202498E-23  2.523486E-23  7.600218E-19  8.296516E-19  1.677003E-19  2.794641E-20
    455  3.714655117309E-01  2.816841E-26  1.148894E-23  1.116449E-22  4.448023E-23  1.237560E-18  1.341581E-18  2.516960E-19  4.322661E-20
    456  3.752653942304E-01  5.328631E-26  2.005258E-23  1.981727E-22  7.738177E-23  1.989924E-18  2.142994E-18  3.730019E-19  6.608038E-20
    457  3.809506426681E-01  1.365435E-25  4.549805E-23  4.607423E-22  1.748070E-22  3.992928E-18  4.260407E-18  6.613618E-19  1.230221E-19
    458  3.865190953769E-01  3.383298E-25  9.988578E-23  1.034956E-21  3.823688E-22  7.767859E-18  8.219978E-18  1.137753E-18  2.225922E-19
    459  3.928522091207E-01  9.348575E-25  2.397412E-22  2.546504E-21  9.147479E-22  1.622845E-17  1.703143E-17  2.062656E-18  4.287712E-19
    460  3.991093841216E-01  2.516235E-24  5.589943E-22  6.076875E-21  2.128170E-21  3.291926E-17  3.431214E-17  3.630088E-18  8.039057E-19
    461  4.054183851758E-01  6.750042E-24  1.290564E-21  1.434147E-20  4.907982E-21  6.584031E-17  6.825511E-17  6.280866E-18  1.487624E-18
    462  4.147392755742E-01  2.858467E-23  4.325487E-21  4.952289E-20  1.646124E-20  1.771696E-16  1.827601E-16  1.360764E-17  3.581291E-18
    463  4.232199499949E-01  1.053369E-22  1.271036E-20  1.490868E-19  4.853204E-20  4.224085E-16  4.352937E-16  2.657573E-17  7.746499E-18
    464  4.316976825025E-01  3.875476E-22  3.674393E-20  4.403051E-19  1.411626E-19  9.807073E-16  1.013267E-15  5.046864E-17  1.638666E-17
    465  4.393401554526E-01  1.260233E-21  9.480380E-20  1.155405E-18  3.670766E-19  2.055853E-15  2.136256E-15  8.819182E-17  3.170885E-17
    466  4.465935084243E-01  3.888828E-21  2.318809E-19  2.865369E-18  9.067507E-19  4.091602E-15  4.287805E-15  1.476411E-16  5.870965E-17
    467  4.537106765818E-01  1.187800E-20  5.566289E-19  6.958347E-18  2.202415E-18  7.948817E-15  8.425122E-15  2.420887E-16  1.066433E-16
    468  4.602314649238E-01  3.342852E-20  1.241876E-18  1.566241E-17  4.976178E-18  1.448824E-14  1.555900E-14  3.779511E-16  1.833864E-16
    469  4.709552966107E-01  1.886562E-19  4.667820E-18  5.951742E-17  1.916523E-17  3.836814E-14  4.234102E-14  7.773535E-16  4.445271E-16
    470  4.769745726746E-01  5.071192E-19  9.850936E-18  1.261460E-16  4.106893E-17  6.587792E-14  7.405523E-14  1.160256E-15  7.294321E-16
    471  4.828178172001E-01  1.341176E-18  2.041126E-17  2.621331E-16  8.643719E-17  1.109844E-13  1.272839E-13  1.708489E-15  1.179354E-15
    472  4.927188450138E-01  7.171963E-18  7.073445E-17  9.103712E-16  3.077692E-16  2.668601E-13  3.180547E-13  3.283483E-15  2.662561E-15
    473  5.000000000000E-01  2.515499E-17  1.775461E-16  2.284330E-15  7.871570E-16  5.061327E-13  6.228166E-13  5.303410E-15  4.848694E-15
