 *                                      
 * expansion:  temp0=  1.000E+10 den0=  3.000E+06 temp_stop=  1.000E+07
 *          time                na22          na23          na24          na25          na26          na27          na28          na29 
      1  0.000000000000E+00  3.350351E-27  2.992355E-26  1.818666E-27  3.287954E-28  3.157765E-30  1.000000E-30  1.000000E-30  1.000000E-30
      2  1.000000000000E-16  3.931541E-27  2.992874E-26  1.818910E-27  3.288703E-28  3.161644E-30  1.004309E-30  1.000000E-30  1.002339E-30
      3  6.264265632874E-16  5.955272E-27  2.996027E-26  1.821089E-27  3.295173E-28  3.181803E-30  1.026570E-30  1.000000E-30  1.014354E-30
      4  2.206990590178E-15  7.332865E-27  3.006933E-26  1.836080E-27  3.338058E-28  3.240486E-30  1.089306E-30  1.000000E-30  1.047630E-30
      5  6.425069294186E-15  6.193107E-27  3.039239E-26  1.926906E-27  3.583689E-28  3.391552E-30  1.230504E-30  1.001931E-30  1.119620E-30
      6  1.724777641531E-14  4.496611E-27  3.135896E-26  2.354607E-27  4.597999E-28  3.796822E-30  1.475384E-30  1.029186E-30  1.234288E-30
      7  4.527785414179E-14  4.125972E-27  3.440859E-26  3.738829E-27  6.852295E-28  5.014972E-30  1.786548E-30  1.089197E-30  1.342119E-30
      8  1.231582592127E-13  5.141510E-27  4.337591E-26  7.509807E-27  9.678182E-28  8.593441E-30  2.219940E-30  1.112558E-30  1.369182E-30
      9  4.001734798240E-13  6.816189E-27  5.977151E-26  1.197048E-26  1.661477E-27  2.224604E-29  3.231711E-30  1.114747E-30  1.365708E-30
     10  1.150918682670E-12  5.682695E-27  4.826749E-26  9.464953E-27  1.906348E-27  6.489228E-29  6.035682E-30  1.118637E-30  1.361594E-30
     11  2.802808442389E-12  5.112749E-27  4.314751E-26  8.561589E-27  1.644664E-27  5.505377E-29  5.117893E-30  1.110363E-30  1.415045E-30
     12  6.912921996243E-12  5.044072E-27  3.716096E-26  8.329509E-27  1.467802E-27  3.870632E-29  4.263995E-30  1.015057E-30  1.342383E-30
     13  1.659368270033E-11  4.972947E-27  3.016586E-26  7.965272E-27  1.172547E-27  8.925280E-30  1.000000E-30  1.000000E-30  1.000000E-30
     14  1.134012897413E-10  4.938677E-27  2.955332E-26  7.883022E-27  1.144322E-27  6.730703E-30  1.000000E-30  1.000000E-30  1.000000E-30
     15  1.081477360150E-09  4.644007E-27  2.745871E-26  7.318447E-27  1.060124E-27  6.002424E-30  1.000000E-30  1.000000E-30  1.000000E-30
     16  1.076223806424E-08  2.529535E-27  1.354423E-26  3.524582E-27  5.076593E-28  2.687214E-30  1.000000E-30  1.000000E-30  1.000000E-30
     17  6.834096797002E-08  3.510774E-30  1.000000E-30  1.000000E-30  1.000000E-30  1.000000E-30  1.000000E-30  1.000000E-30  1.000000E-30
     18  2.542122411654E-07  1.000000E-30  1.000000E-30  1.000000E-30  1.000000E-30  1.000000E-30  1.000000E-30  1.000000E-30  1.000000E-30
     19  7.007518887657E-07  1.000000E-30  1.000000E-30  1.000000E-30  1.000000E-30  1.000000E-30  1.000000E-30  1.000000E-30  1.000000E-30
     20  1.724661805125E-06  1.000000E-30  1.000000E-30  1.000000E-30  1.000000E-30  1.000000E-30  1.000000E-30  1.000000E-30  1.000000E-30
     21  4.267664185819E-06  1.000000E-30  1.000000E-30  1.000000E-30  1.000000E-30  1.000000E-30  1.000000E-30  1.000000E-30  1.000000E-30
     22  1.786211798807E-05  1.000000E-30  1.000000E-30  1.000000E-30  1.000000E-30  1.000000E-30  1.000000E-30  1.000000E-30  1.000000E-30
     23  6.929007850093E-05  1.000000E-30  1.000000E-30  1.000000E-30  1.000000E-30  1.000000E-30  1.000000E-30  1.000000E-30  1.000000E-30
     24  5.835696836295E-04  1.000000E-30  1.000000E-30  1.000000E-30  1.000000E-30  1.000000E-30  1.000000E-30  1.000000E-30  1.000000E-30
     25  1.496090518789E-03  1.000000E-30  1.000000E-30  1.000000E-30  1.000000E-30  1.000000E-30  1.000000E-30  1.000000E-30  1.000000E-30
     26  2.379765156362E-03  1.175192E-30  2.977341E-30  1.000000E-30  1.000000E-30  1.000000E-30  1.000000E-30  1.000000E-30  1.000000E-30
     27  3.772948503579E-03  1.163463E-29  3.343509E-29  4.175372E-30  1.000000E-30  1.000000E-30  1.000000E-30  1.000000E-30  1.000000E-30
     28  4.957278025650E-03  7.950151E-29  2.594453E-28  4.024958E-29  8.174857E-30  1.000000E-30  1.000000E-30  1.000000E-30  1.000000E-30
     29  5.758110286319E-03  2.812920E-28  1.019691E-27  1.694580E-28  3.680326E-29  1.000000E-30  1.000000E-30  1.000000E-30  1.000000E-30
     30  6.636115041812E-03  1.102650E-27  4.522505E-27  8.057087E-28  1.890091E-28  1.000000E-30  1.000000E-30  1.000000E-30  1.000000E-30
     31  7.490864585256E-03  3.988711E-27  1.858590E-26  3.521817E-27  8.915292E-28  4.244788E-30  1.000000E-30  1.000000E-30  1.000000E-30
     32  8.026631019591E-03  8.741344E-27  4.430110E-26  8.699251E-27  2.310174E-27  1.132508E-29  1.000000E-30  1.000000E-30  1.000000E-30
     33  8.451616658664E-03  1.610726E-26  8.753611E-26  1.765708E-26  4.872950E-27  2.446535E-29  1.000000E-30  1.000000E-30  1.000000E-30
     34  9.803471762980E-03  1.023178E-25  7.038242E-25  1.527862E-25  4.763384E-26  2.598905E-28  7.493440E-30  1.000000E-30  1.000000E-30
     35  1.116687552369E-02  5.693742E-25  5.104824E-24  1.172802E-24  4.143569E-25  2.490506E-27  7.569428E-29  1.000000E-30  1.000000E-30
     36  1.219012310682E-02  1.859634E-24  2.081610E-23  4.934770E-24  1.923419E-24  1.257640E-26  4.054763E-28  1.000000E-30  1.000000E-30
     37  1.314647137106E-02  5.164272E-24  7.223337E-23  1.748192E-23  7.487163E-24  5.338690E-26  1.814204E-27  1.000000E-30  1.000000E-30
     38  1.431720408173E-02  1.626685E-23  3.038644E-22  7.476896E-23  3.601000E-23  2.882625E-25  1.042181E-26  3.699831E-30  1.000000E-30
     39  1.545287753035E-02  4.465131E-23  1.130717E-21  2.809801E-22  1.521666E-22  1.370696E-24  5.248439E-26  1.900990E-29  1.000000E-30
     40  1.716820108076E-02  1.736712E-22  7.260268E-21  1.822349E-21  1.180823E-21  1.268544E-23  5.259950E-25  1.982761E-28  1.000000E-30
     41  1.871872199221E-02  5.082467E-22  3.373977E-20  8.660510E-21  6.885225E-21  8.997794E-23  4.150168E-24  1.643953E-27  3.174052E-30
     42  2.131412024987E-02  2.424392E-21  3.759094E-19  1.056737E-19  1.222555E-19  2.095033E-21  1.103225E-22  4.730481E-26  8.947335E-29
     43  2.288535686070E-02  5.684271E-21  1.400846E-18  4.317522E-19  6.990378E-19  1.425258E-20  8.973265E-22  4.076593E-25  8.639958E-28
     44  2.437102778700E-02  1.238619E-20  4.836118E-18  1.674818E-18  3.532815E-18  7.990761E-20  5.462664E-21  2.574850E-24  5.797764E-27
     45  2.666254430666E-02  3.955348E-20  3.112416E-17  1.372446E-17  4.926624E-17  1.324128E-18  1.074176E-19  5.388464E-23  1.351810E-25
     46  2.807329513827E-02  8.052508E-20  9.671858E-17  5.087503E-17  2.690916E-16  8.195614E-18  7.709665E-19  4.039413E-22  1.093343E-24
     47  2.946719119355E-02  1.629682E-19  3.003770E-16  1.875126E-16  1.368464E-15  4.620300E-17  4.857314E-18  2.643249E-21  7.618789E-24
     48  2.982466835475E-02  1.951414E-19  4.040597E-16  2.635757E-16  2.076421E-15  7.184916E-17  7.744007E-18  4.253704E-21  1.244780E-23
     49  3.017238950627E-02  2.312750E-19  5.342307E-16  3.640395E-16  3.097902E-15  1.099924E-16  1.217387E-17  6.753889E-21  2.008711E-23
     50  3.052509122072E-02  2.734071E-19  7.041624E-16  5.007694E-16  4.590434E-15  1.672084E-16  1.899671E-17  1.064694E-20  3.219315E-23
     51  3.066477686677E-02  2.916537E-19  7.838751E-16  5.667349E-16  5.344758E-15  1.966383E-16  2.256690E-17  1.269928E-20  3.865137E-23
     52  3.080037159611E-02  3.104704E-19  8.699047E-16  6.390670E-16  6.193771E-15  2.300905E-16  2.666532E-17  1.506499E-20  4.614507E-23
     53  3.111325257314E-02  3.575043E-19  1.101922E-15  8.392579E-16  8.646304E-15  3.283795E-16  3.890954E-17  2.218504E-20  6.896619E-23
     54  3.147800645819E-02  4.180979E-19  1.436469E-15  1.138750E-15  1.254538E-14  4.886563E-16  5.937020E-17  3.421874E-20  1.082363E-22
     55  3.181357346897E-02  4.789889E-19  1.812973E-15  1.487995E-15  1.736706E-14  6.920568E-16  8.598682E-17  5.006021E-20  1.609105E-22
     56  3.217197145871E-02  5.490672E-19  2.296259E-15  1.951422E-15  2.412848E-14  9.847657E-16  1.252480E-16  7.371435E-20  2.410848E-22
     57  3.249951277145E-02  6.173755E-19  2.818587E-15  2.467882E-15  3.206085E-14  1.337005E-15  1.736548E-16  1.032372E-19  3.430817E-22
     58  3.262595809504E-02  6.448209E-19  3.042628E-15  2.693674E-15  3.564177E-14  1.498651E-15  1.962212E-16  1.171104E-19  3.916108E-22
     59  3.272641576722E-02  6.674455E-19  3.233448E-15  2.887777E-15  3.876801E-14  1.640848E-15  2.162250E-16  1.294523E-19  4.350282E-22
     60  3.304841700500E-02  7.426389E-19  3.907078E-15  3.585164E-15  5.034159E-14  2.175808E-15  2.926704E-16  1.769939E-19  6.043649E-22
     61  3.362823507679E-02  8.881357E-19  5.379646E-15  5.165302E-15  7.822122E-14  3.509552E-15  4.898102E-16  3.017294E-19  1.060742E-21
     62  3.417743618412E-02  1.038163E-18  7.124887E-15  7.117727E-15  1.152026E-13  5.354255E-15  7.740518E-16  4.854291E-19  1.755272E-21
     63  3.448472684867E-02  1.127651E-18  8.270342E-15  8.437877E-15  1.414999E-13  6.707289E-15  9.891432E-16  6.266569E-19  2.302412E-21
     64  3.459225947862E-02  1.160270E-18  8.706842E-15  8.947975E-15  1.519010E-13  7.250235E-15  1.076752E-15  6.846069E-19  2.529499E-21
     65  3.468161085917E-02  1.188070E-18  9.086842E-15  9.394911E-15  1.611134E-13  7.734322E-15  1.155415E-15  7.368155E-19  2.735169E-21
     66  3.501586344154E-02  1.295831E-18  1.062635E-14  1.123242E-14  1.999382E-13  9.807348E-15  1.497926E-15  9.660398E-19  3.649862E-21
     67  3.563385967804E-02  1.511519E-18  1.400616E-14  1.540002E-14  2.929170E-13  1.495447E-14  2.381210E-15  1.568483E-18  6.125092E-21
     68  3.619390900501E-02  1.726520E-18  1.773502E-14  2.018122E-14  4.066407E-13  2.153230E-14  3.563728E-15  2.393793E-18  9.637846E-21
     69  3.661379630041E-02  1.901396E-18  2.100137E-14  2.450483E-14  5.149118E-13  2.802668E-14  4.777740E-15  3.257399E-18  1.342248E-20
     70  3.704099468238E-02  2.092461E-18  2.478211E-14  2.964945E-14  6.495892E-13  3.636948E-14  6.392981E-15  4.426015E-18  1.867802E-20
     71  3.731378163516E-02  2.219486E-18  2.739738E-14  3.329323E-14  7.486120E-13  4.267884E-14  7.652158E-15  5.350474E-18  2.292898E-20
     72  3.757630769329E-02  2.344444E-18  3.003499E-14  3.703719E-14  8.533805E-13  4.950822E-14  9.048920E-15  6.388140E-18  2.778644E-20
     73  3.788075418501E-02  2.491260E-18  3.319872E-14  4.162011E-14  9.857576E-13  5.835958E-14  1.090913E-14  7.788300E-18  3.447095E-20
     74  3.819794660071E-02  2.644317E-18  3.654743E-14  4.658431E-14  1.134351E-12  6.859321E-14  1.312818E-14  9.483763E-18  4.274826E-20
     75  3.838080203158E-02  2.731639E-18  3.847022E-14  4.949036E-14  1.223935E-12  7.491959E-14  1.453643E-14  1.057322E-17  4.816602E-20
     76  3.859219912978E-02  2.832527E-18  4.070154E-14  5.291158E-14  1.331782E-12  8.268398E-14  1.630079E-14  1.195111E-17  5.511526E-20
     77  3.884096228080E-02  2.947730E-18  4.324004E-14  5.688095E-14  1.460609E-12  9.220623E-14  1.852375E-14  1.370919E-17  6.414734E-20
     78  3.907668434759E-02  3.051930E-18  4.551207E-14  6.051400E-14  1.582386E-12  1.014829E-13  2.075578E-14  1.549939E-17  7.353342E-20
     79  3.934936577490E-02  3.164500E-18  4.791923E-14  6.446499E-14  1.719703E-12  1.123182E-13  2.345375E-14  1.769779E-17  8.532368E-20
     80  3.961640452516E-02  3.264394E-18  4.998856E-14  6.797326E-14  1.846893E-12  1.227919E-13  2.616791E-14  1.994994E-17  9.771573E-20
     81  3.991996766101E-02  3.362784E-18  5.192623E-14  7.140379E-14  1.977848E-12  1.341745E-13  2.926212E-14  2.257295E-17  1.125809E-19
     82  4.019473378510E-02  3.435364E-18  5.324472E-14  7.389207E-14  2.079335E-12  1.436384E-13  3.198605E-14  2.494006E-17  1.264499E-19
     83  4.046928694587E-02  3.490404E-18  5.412223E-14  7.572880E-14  2.161186E-12  1.520008E-13  3.455830E-14  2.723711E-17  1.403930E-19
     84  4.074955599116E-02  3.525344E-18  5.451157E-14  7.682969E-14  2.219635E-12  1.589720E-13  3.691118E-14  2.941428E-17  1.541989E-19
     85  4.099011663524E-02  3.535689E-18  5.440476E-14  7.708252E-14  2.246007E-12  1.633504E-13  3.860901E-14  3.106136E-17  1.652197E-19
     86  4.118445936105E-02  3.529600E-18  5.401467E-14  7.680046E-14  2.249832E-12  1.656394E-13  3.970826E-14  3.219301E-17  1.732679E-19
     87  4.137235583218E-02  3.510733E-18  5.338144E-14  7.611186E-14  2.238052E-12  1.666962E-13  4.050264E-14  3.308345E-17  1.801027E-19
     88  4.152714488067E-02  3.485294E-18  5.267639E-14  7.524368E-14  2.216832E-12  1.666740E-13  4.093967E-14  3.364744E-17  1.849039E-19
     89  4.165981986900E-02  3.456266E-18  5.194623E-14  7.429158E-14  2.190502E-12  1.660024E-13  4.114887E-14  3.399905E-17  1.883490E-19
     90  4.188596337322E-02  3.391470E-18  5.045416E-14  7.225744E-14  2.129139E-12  1.634870E-13  4.114291E-14  3.430296E-17  1.926630E-19
     91  4.208159634323E-02  3.320183E-18  4.893942E-14  7.012444E-14  2.060714E-12  1.599802E-13  4.076936E-14  3.425899E-17  1.947180E-19
     92  4.230932596557E-02  3.220479E-18  4.696107E-14  6.728289E-14  1.965915E-12  1.545045E-13  3.992602E-14  3.385788E-17  1.951157E-19
     93  4.251598135750E-02  3.115524E-18  4.500589E-14  6.444140E-14  1.868558E-12  1.484176E-13  3.881197E-14  3.318672E-17  1.936547E-19
     94  4.274368410830E-02  2.986271E-18  4.273117E-14  6.111883E-14  1.752804E-12  1.407661E-13  3.726075E-14  3.215212E-17  1.902125E-19
     95  4.294191711445E-02  2.863866E-18  4.068416E-14  5.812942E-14  1.647821E-12  1.335314E-13  3.568899E-14  3.104103E-17  1.858403E-19
     96  4.316569238790E-02  2.717414E-18  3.834284E-14  5.472402E-14  1.528124E-12  1.250115E-13  3.374204E-14  2.961123E-17  1.796700E-19
     97  4.339365876136E-02  2.561760E-18  3.595544E-14  5.127917E-14  1.407928E-12  1.162124E-13  3.164429E-14  2.802390E-17  1.723610E-19
     98  4.362382833621E-02  2.400656E-18  3.356549E-14  4.786796E-14  1.290844E-12  1.074410E-13  2.948079E-14  2.634820E-17  1.642761E-19
     99  4.384703699487E-02  2.243076E-18  3.128154E-14  4.464808E-14  1.183066E-12  9.921655E-14  2.739729E-14  2.470420E-17  1.560612E-19
    100  4.408801045744E-02  2.073771E-18  2.885843E-14  4.127588E-14  1.074028E-12  9.077137E-14  2.521226E-14  2.295247E-17  1.470544E-19
    101  4.430336182063E-02  1.924234E-18  2.672176E-14  3.833673E-14  9.829435E-13  8.363463E-14  2.333744E-14  2.142785E-17  1.390187E-19
    102  4.453208602613E-02  1.769155E-18  2.448798E-14  3.529210E-14  8.928577E-13  7.651886E-14  2.145035E-14  1.987483E-17  1.306689E-19
    103  4.474836808964E-02  1.626839E-18  2.240290E-14  3.246827E-14  8.133888E-13  7.020521E-14  1.976827E-14  1.847483E-17  1.230032E-19
    104  4.497736119052E-02  1.481470E-18  2.022313E-14  2.952478E-14  7.345563E-13  6.391486E-14  1.809188E-14  1.706408E-17  1.151426E-19
    105  4.517199675598E-02  1.362701E-18  1.839566E-14  2.705584E-14  6.712698E-13  5.884605E-14  1.674442E-14  1.591780E-17  1.086464E-19
    106  4.536038532241E-02  1.252392E-18  1.665464E-14  2.469615E-14  6.127952E-13  5.414432E-14  1.549867E-14  1.484707E-17  1.024798E-19
    107  4.552484255766E-02  1.160281E-18  1.516480E-14  2.266680E-14  5.637695E-13  5.018425E-14  1.445238E-14  1.393867E-17  9.716452E-20
    108  4.581275722245E-02  1.009982E-18  1.265225E-14  1.921260E-14  4.821460E-13  4.353785E-14  1.269853E-14  1.239490E-17  8.793308E-20
    109  4.603616864208E-02  9.047820E-19  1.081986E-14  1.665940E-14  4.226248E-13  3.863323E-14  1.140111E-14  1.123389E-17  8.080679E-20
    110  4.624194314299E-02  8.176944E-19  9.240888E-15  1.442853E-14  3.706707E-13  3.429614E-14  1.024588E-14  1.018459E-17  7.421117E-20
    111  4.641297951594E-02  7.536531E-19  8.031670E-15  1.269693E-14  3.301308E-13  3.086955E-14  9.325041E-15  9.337752E-18  6.878289E-20
    112  4.656990459822E-02  7.018812E-19  7.012607E-15  1.121899E-14  2.952280E-13  2.788455E-14  8.514892E-15  8.584735E-18  6.387458E-20
    113  4.671253119976E-02  6.607055E-19  6.165050E-15  9.974609E-15  2.655263E-13  2.531539E-14  7.810217E-15  7.923458E-18  5.949914E-20
    114  4.684580987606E-02  6.272416E-19  5.441951E-15  8.900360E-15  2.395822E-13  2.304680E-14  7.181231E-15  7.328090E-18  5.550632E-20
    115  4.697520204195E-02  5.992651E-19  4.803376E-15  7.940615E-15  2.161081E-13  2.097235E-14  6.599661E-15  6.773157E-18  5.173777E-20
    116  4.709649788536E-02  5.769171E-19  4.260357E-15  7.115165E-15  1.956501E-13  1.914571E-14  6.081797E-15  6.275281E-18  4.831699E-20
    117  4.721637454993E-02  5.583328E-19  3.774752E-15  6.368723E-15  1.768965E-13  1.745435E-14  5.596856E-15  5.805743E-18  4.505534E-20
    118  4.732862910872E-02  5.439058E-19  3.364029E-15  5.730467E-15  1.606372E-13  1.597357E-14  5.167495E-15  5.387228E-18  4.211794E-20
    119  4.750539400184E-02  5.265732E-19  2.797974E-15  4.838770E-15  1.375090E-13  1.384143E-14  4.540334E-15  4.770943E-18  3.773818E-20
    120  4.767210524850E-02  5.156878E-19  2.347041E-15  4.116597E-15  1.183482E-13  1.204896E-14  4.003652E-15  4.238551E-18  3.389919E-20
    121  4.783406579930E-02  5.096003E-19  1.977638E-15  3.515510E-15  1.020332E-13  1.050106E-14  3.532033E-15  3.766553E-18  3.044935E-20
    122  4.799263518131E-02  5.074139E-19  1.673655E-15  3.013120E-15  8.807780E-14  9.158623E-15  3.115789E-15  3.346432E-18  2.733862E-20
    123  4.815339657435E-02  5.085590E-19  1.415530E-15  2.579846E-15  7.574867E-14  7.955917E-15  2.736084E-15  2.959919E-18  2.443916E-20
    124  4.832264594384E-02  5.129644E-19  1.192029E-15  2.198739E-15  6.461992E-14  6.854847E-15  2.381833E-15  2.596330E-18  2.167713E-20
    125  4.849826454798E-02  5.205473E-19  1.004432E-15  1.873660E-15  5.485469E-14  5.874344E-15  2.059902E-15  2.263127E-18  1.911328E-20
    126  4.867786870736E-02  5.310533E-19  8.514904E-16  1.604346E-15  4.651136E-14  5.023866E-15  1.774567E-15  1.965307E-18  1.679211E-20
    127  4.885872256535E-02  5.440815E-19  7.301902E-16  1.387427E-15  3.956233E-14  4.304656E-15  1.527710E-15  1.705520E-18  1.474169E-20
    128  4.903755607841E-02  5.590933E-19  6.365387E-16  1.217564E-15  3.391921E-14  3.711764E-15  1.319296E-15  1.484454E-18  1.297570E-20
    129  4.921259737621E-02  5.756222E-19  5.653908E-16  1.086942E-15  2.940391E-14  3.230404E-15  1.145824E-15  1.299097E-18  1.147814E-20
    130  4.938368810460E-02  5.933791E-19  5.117092E-16  9.874646E-16  2.580982E-14  2.841869E-15  1.002094E-15  1.144493E-18  1.021607E-20
    131  4.955132280349E-02  6.122056E-19  4.714024E-16  9.123660E-16  2.295544E-14  2.529182E-15  8.831422E-16  1.015789E-18  9.155706E-21
    132  4.971624312404E-02  6.320345E-19  4.413428E-16  8.563710E-16  2.069430E-14  2.278376E-15  7.847659E-16  9.088238E-19  8.267475E-21
    133  4.987811857735E-02  6.527128E-19  4.193206E-16  8.157112E-16  1.892303E-14  2.079635E-15  7.040828E-16  8.207707E-19  7.531785E-21
    134  5.003799836445E-02  6.743894E-19  4.034198E-16  7.870364E-16  1.753930E-14  1.922698E-15  6.377471E-16  7.481956E-19  6.922679E-21
    135  5.019682549602E-02  6.970664E-19  3.923423E-16  7.680728E-16  1.647694E-14  1.801178E-15  5.837985E-16  6.891820E-19  6.427108E-21
    136  5.035511419132E-02  7.207901E-19  3.850875E-16  7.570446E-16  1.568219E-14  1.709757E-15  5.405485E-16  6.420431E-19  6.033105E-21
    137  5.051299755300E-02  7.455778E-19  3.808875E-16  7.525711E-16  1.511303E-14  1.644266E-15  5.066793E-16  6.054688E-19  5.731529E-21
    138  5.067010535678E-02  7.713737E-19  3.791331E-16  7.535275E-16  1.473564E-14  1.601327E-15  4.811421E-16  5.784187E-19  5.515231E-21
    139  5.082726902819E-02  7.983288E-19  3.793246E-16  7.590101E-16  1.451926E-14  1.577803E-15  4.628605E-16  5.598135E-19  5.376643E-21
    140  5.098506829486E-02  8.265787E-19  3.810894E-16  7.683491E-16  1.444089E-14  1.571379E-15  4.510475E-16  5.488859E-19  5.310798E-21
    141  5.114361869269E-02  8.561947E-19  3.841325E-16  7.810055E-16  1.448257E-14  1.580267E-15  4.451165E-16  5.450818E-19  5.314477E-21
    142  5.130328078870E-02  8.873074E-19  3.882230E-16  7.965718E-16  1.462979E-14  1.603041E-15  4.445862E-16  5.479669E-19  5.385572E-21
    143  5.146205644840E-02  9.195769E-19  3.931018E-16  8.144594E-16  1.486707E-14  1.638026E-15  4.489966E-16  5.570667E-19  5.520818E-21
    144  5.162089365231E-02  9.532384E-19  3.986231E-16  8.344351E-16  1.518372E-14  1.684169E-15  4.579413E-16  5.720259E-19  5.718793E-21
    145  5.177902725711E-02  9.881793E-19  4.046211E-16  8.561344E-16  1.556847E-14  1.740245E-15  4.710328E-16  5.924609E-19  5.977193E-21
    146  5.193558292952E-02  1.024374E-18  4.109855E-16  8.793228E-16  1.601260E-14  1.805245E-15  4.879170E-16  6.180111E-19  6.293716E-21
    147  5.207655208218E-02  1.058296E-18  4.169820E-16  9.014472E-16  1.646013E-14  1.871234E-15  5.062803E-16  6.454064E-19  6.630402E-21
    148  5.220437120847E-02  1.090175E-18  4.225845E-16  9.224295E-16  1.690154E-14  1.936869E-15  5.254279E-16  6.737949E-19  6.978685E-21
    149  5.240275279905E-02  1.141862E-18  4.315113E-16  9.565963E-16  1.764858E-14  2.049220E-15  5.597170E-16  7.245066E-19  7.602227E-21
    150  5.258707116153E-02  1.192407E-18  4.399764E-16  9.899457E-16  1.840496E-14  2.164610E-15  5.964531E-16  7.789060E-19  8.275345E-21
    151  5.276353482958E-02  1.243211E-18  4.481709E-16  1.023229E-15  1.918172E-14  2.284789E-15  6.359933E-16  8.376829E-19  9.008707E-21
    152  5.293536770993E-02  1.295077E-18  4.561856E-16  1.056844E-15  1.998503E-14  2.410834E-15  6.786205E-16  9.013872E-19  9.811181E-21
    153  5.310288915571E-02  1.348051E-18  4.639942E-16  1.090717E-15  2.081127E-14  2.542301E-15  7.241634E-16  9.698774E-19  1.068291E-20
    154  5.325369291828E-02  1.397850E-18  4.709873E-16  1.122085E-15  2.158988E-14  2.667854E-15  7.685658E-16  1.037093E-18  1.154730E-20
    155  5.339308966526E-02  1.445766E-18  4.774016E-16  1.151807E-15  2.233866E-14  2.790097E-15  8.125714E-16  1.104139E-18  1.241808E-20
    156  5.362726198018E-02  1.530479E-18  4.880067E-16  1.203192E-15  2.365675E-14  3.008811E-15  8.930346E-16  1.227825E-18  1.404594E-20
    157  5.383816121000E-02  1.611718E-18  4.973352E-16  1.251042E-15  2.490953E-14  3.220776E-15  9.729619E-16  1.352050E-18  1.570778E-20
    158  5.403768730975E-02  1.693055E-18  5.058865E-16  1.297508E-15  2.614882E-14  3.434397E-15  1.055316E-15  1.481417E-18  1.746534E-20
    159  5.422986619970E-02  1.775491E-18  5.137650E-16  1.343054E-15  2.738585E-14  3.651740E-15  1.140918E-15  1.617342E-18  1.934070E-20
    160  5.440569294967E-02  1.854376E-18  5.205868E-16  1.385137E-15  2.854913E-14  3.860041E-15  1.224648E-15  1.751701E-18  2.122226E-20
    161  5.456994612052E-02  1.931055E-18  5.265678E-16  1.424607E-15  2.965894E-14  4.062484E-15  1.307603E-15  1.886168E-18  2.313217E-20
    162  5.485681963417E-02  2.071464E-18  5.359202E-16  1.493118E-15  3.163239E-14  4.432150E-15  1.463155E-15  2.141870E-18  2.683544E-20
    163  5.511708850657E-02  2.205674E-18  5.430043E-16  1.553925E-15  3.344150E-14  4.783167E-15  1.615941E-15  2.397545E-18  3.063014E-20
    164  5.536560227933E-02  2.339179E-18  5.483619E-16  1.609834E-15  3.516130E-14  5.129070E-15  1.771573E-15  2.662540E-18  3.465687E-20
    165  5.559867087093E-02  2.468526E-18  5.520508E-16  1.659655E-15  3.674845E-14  5.460346E-15  1.925607E-15  2.929327E-18  3.880474E-20
    166  5.582344501454E-02  2.597109E-18  5.543985E-16  1.705110E-15  3.824937E-14  5.785348E-15  2.081635E-15  3.204037E-18  4.317070E-20
    167  5.608267729631E-02  2.749464E-18  5.556291E-16  1.753867E-15  3.992782E-14  6.164326E-15  2.270091E-15  3.541844E-18  4.866867E-20
    168  5.632179590432E-02  2.893602E-18  5.554313E-16  1.795191E-15  4.141803E-14  6.516391E-15  2.451755E-15  3.873628E-18  5.420346E-20
    169  5.658568452696E-02  3.056809E-18  5.538642E-16  1.836840E-15  4.299642E-14  6.907198E-15  2.661112E-15  4.263292E-18  6.086753E-20
    170  5.682194908758E-02  3.206827E-18  5.513925E-16  1.870798E-15  4.435173E-14  7.259016E-15  2.856702E-15  4.634194E-18  6.736814E-20
    171  5.707748662895E-02  3.373618E-18  5.477275E-16  1.904269E-15  4.575974E-14  7.641919E-15  3.077387E-15  5.060370E-18  7.501821E-20
    172  5.730159219632E-02  3.524095E-18  5.437747E-16  1.931069E-15  4.694814E-14  7.980050E-15  3.279139E-15  5.456868E-18  8.230115E-20
    173  5.769211250520E-02  3.797018E-18  5.355120E-16  1.972791E-15  4.892835E-14  8.576263E-15  3.650675E-15  6.203361E-18  9.641955E-20
    174  5.804755660481E-02  4.058783E-18  5.267472E-16  2.005962E-15  5.064231E-14  9.128314E-15  4.012855E-15  6.950389E-18  1.110470E-19
    175  5.837706807704E-02  4.313153E-18  5.177437E-16  2.032814E-15  5.215326E-14  9.647055E-15  4.369693E-15  7.704418E-18  1.262901E-19
    176  5.868213309337E-02  4.559214E-18  5.087846E-16  2.054539E-15  5.348576E-14  1.013295E-14  4.718899E-15  8.459016E-18  1.420008E-19
    177  5.897372529375E-02  4.804310E-18  4.997518E-16  2.072617E-15  5.469923E-14  1.060199E-14  5.070223E-15  9.234372E-18  1.585975E-19
    178  5.927019313219E-02  5.063752E-18  4.901738E-16  2.088393E-15  5.587127E-14  1.108282E-14  5.445470E-15  1.008001E-17  1.772017E-19
    179  5.955970264735E-02  5.327639E-18  4.805067E-16  2.101409E-15  5.695665E-14  1.155601E-14  5.830195E-15  1.096520E-17  1.972140E-19
    180  5.987296131417E-02  5.625815E-18  4.697710E-16  2.113039E-15  5.806824E-14  1.207231E-14  6.267974E-15  1.199409E-17  2.211337E-19
    181  6.018239261751E-02  5.932555E-18  4.589312E-16  2.121814E-15  5.909041E-14  1.258349E-14  6.721504E-15  1.308438E-17  2.472373E-19
    182  6.051941164510E-02  6.280532E-18  4.469275E-16  2.128325E-15  6.011338E-14  1.313971E-14  7.239335E-15  1.435926E-17  2.787147E-19
    183  6.081686890997E-02  6.599732E-18  4.362179E-16  2.131456E-15  6.093437E-14  1.362847E-14  7.716935E-15  1.556323E-17  3.093580E-19
    184  6.107970107709E-02  6.891220E-18  4.267046E-16  2.132209E-15  6.159354E-14  1.405739E-14  8.154849E-15  1.669076E-17  3.388422E-19
    185  6.149099227918E-02  7.365674E-18  4.118031E-16  2.129763E-15  6.249970E-14  1.472133E-14  8.870314E-15  1.858105E-17  3.899260E-19
    186  6.184187848266E-02  7.789156E-18  3.991580E-16  2.124435E-15  6.315508E-14  1.527985E-14  9.510464E-15  2.032212E-17  4.387441E-19
    187  6.212841772032E-02  8.146812E-18  3.889196E-16  2.117754E-15  6.360093E-14  1.572692E-14  1.005190E-14  2.183227E-17  4.824444E-19
    188  6.241083345826E-02  8.509557E-18  3.789429E-16  2.109163E-15  6.395998E-14  1.615797E-14  1.060128E-14  2.340010E-17  5.291253E-19
    189  6.286334795077E-02  9.111638E-18  3.632751E-16  2.091396E-15  6.436659E-14  1.682521E-14  1.151244E-14  2.608039E-17  6.119725E-19
    190  6.324448148531E-02  9.638365E-18  3.504646E-16  2.072786E-15  6.454722E-14  1.736127E-14  1.230736E-14  2.850173E-17  6.900667E-19
    191  6.354755735680E-02  1.007140E-17  3.405822E-16  2.055948E-15  6.459360E-14  1.777087E-14  1.295809E-14  3.054113E-17  7.581678E-19
    192  6.382753282149E-02  1.048189E-17  3.317211E-16  2.038796E-15  6.455726E-14  1.813380E-14  1.357218E-14  3.251456E-17  8.260855E-19
    193  6.429792763326E-02  1.119260E-17  3.174785E-16  2.006628E-15  6.432207E-14  1.870528E-14  1.462771E-14  3.602202E-17  9.516987E-19
    194  6.470641913937E-02  1.183054E-17  3.058370E-16  1.975561E-15  6.394503E-14  1.915924E-14  1.556496E-14  3.926357E-17  1.073348E-18
    195  6.514351188605E-02  1.253398E-17  2.941993E-16  1.939475E-15  6.337160E-14  1.959845E-14  1.658524E-14  4.293483E-17  1.217563E-18
    196  6.551961572666E-02  1.315856E-17  2.849131E-16  1.906564E-15  6.275304E-14  1.993885E-14  1.747746E-14  4.626974E-17  1.354414E-18
    197  6.614173306661E-02  1.422726E-17  2.711208E-16  1.848772E-15  6.148365E-14  2.041844E-14  1.897140E-14  5.213426E-17  1.608742E-18
    198  6.666431851744E-02  1.515680E-17  2.611259E-16  1.797565E-15  6.019690E-14  2.073631E-14  2.023347E-14  5.738689E-17  1.851581E-18
    199  6.714973898932E-02  1.604567E-17  2.531942E-16  1.748467E-15  5.884325E-14  2.096133E-14  2.140489E-14  6.252936E-17  2.103296E-18
    200  6.763365269933E-02  1.696074E-17  2.466237E-16  1.698844E-15  5.737285E-14  2.112319E-14  2.257220E-14  6.792339E-17  2.382154E-18
    201  6.810748363549E-02  1.788046E-17  2.415013E-16  1.649815E-15  5.582437E-14  2.121808E-14  2.370458E-14  7.344544E-17  2.683883E-18
    202  6.886988901479E-02  1.940834E-17  2.360137E-16  1.571072E-15  5.315253E-14  2.124282E-14  2.549178E-14  8.281479E-17  3.234453E-18
    203  6.932442343830E-02  2.035024E-17  2.343778E-16  1.524885E-15  5.148428E-14  2.118831E-14  2.653510E-14  8.869686E-17  3.605536E-18
    204  6.977291475786E-02  2.130324E-17  2.339682E-16  1.480279E-15  4.980203E-14  2.108768E-14  2.754496E-14  9.471348E-17  4.005752E-18
    205  7.051837306122E-02  2.293379E-17  2.359248E-16  1.408766E-15  4.695409E-14  2.082205E-14  2.916854E-14  1.051609E-16  4.752258E-18
    206  7.120724846930E-02  2.449509E-17  2.406797E-16  1.346483E-15  4.430977E-14  2.048091E-14  3.060617E-14  1.153313E-16  5.543768E-18
    207  7.185571854523E-02  2.601745E-17  2.477815E-16  1.292003E-15  4.184992E-14  2.009071E-14  3.190647E-14  1.253867E-16  6.390620E-18
    208  7.250556240022E-02  2.758842E-17  2.574551E-16  1.241834E-15  3.943631E-14  1.964170E-14  3.315296E-14  1.359336E-16  7.349958E-18
    209  7.308358088908E-02  2.902586E-17  2.682593E-16  1.201370E-15  3.735403E-14  1.920449E-14  3.421894E-14  1.457456E-16  8.308654E-18
    210  7.365083251161E-02  3.047715E-17  2.809539E-16  1.165865E-15  3.538629E-14  1.875111E-14  3.523521E-14  1.558282E-16  9.359999E-18
    211  7.420607479025E-02  3.192969E-17  2.954013E-16  1.135259E-15  3.353947E-14  1.828939E-14  3.620185E-14  1.661540E-16  1.050715E-17
    212  7.477269193766E-02  3.344227E-17  3.122659E-16  1.108479E-15  3.174406E-14  1.780744E-14  3.716736E-14  1.772153E-16  1.181439E-17
    213  7.532671922740E-02  3.495631E-17  3.309735E-16  1.087006E-15  3.008569E-14  1.733500E-14  3.810770E-14  1.886532E-16  1.324785E-17
    214  7.590819975934E-02  3.657159E-17  3.529973E-16  1.069543E-15  2.844983E-14  1.684274E-14  3.909699E-14  2.013909E-16  1.494009E-17
    215  7.648106882397E-02  3.818073E-17  3.771519E-16  1.057554E-15  2.694525E-14  1.636721E-14  4.008606E-14  2.147844E-16  1.682424E-17
    216  7.706864365518E-02  3.984632E-17  4.046097E-16  1.050912E-15  2.551598E-14  1.589669E-14  4.113689E-14  2.295738E-16  1.902103E-17
    217  7.765097184480E-02  4.150093E-17  4.345902E-16  1.050121E-15  2.421321E-14  1.545283E-14  4.223342E-14  2.454707E-16  2.150939E-17
    218  7.824188421090E-02  4.316335E-17  4.678176E-16  1.055207E-15  2.300398E-14  1.502881E-14  4.341847E-14  2.630622E-16  2.440681E-17
    219  7.883216312169E-02  4.479373E-17  5.039136E-16  1.066374E-15  2.190884E-14  1.463695E-14  4.470142E-14  2.823921E-16  2.774923E-17
    220  7.934760137230E-02  4.618480E-17  5.379302E-16  1.081320E-15  2.104514E-14  1.432527E-14  4.592985E-14  3.010083E-16  3.110963E-17
    221  7.991019390762E-02  4.764476E-17  5.776141E-16  1.103064E-15  2.019696E-14  1.401909E-14  4.740422E-14  3.234602E-16  3.533363E-17
    222  8.044081450283E-02  4.895184E-17  6.174966E-16  1.128837E-15  1.948605E-14  1.376575E-14  4.894826E-14  3.470305E-16  3.995211E-17
    223  8.103419684334E-02  5.032836E-17  6.651515E-16  1.164119E-15  1.879527E-14  1.352898E-14  5.089832E-14  3.767464E-16  4.601270E-17
    224  8.158988408622E-02  5.151657E-17  7.126734E-16  1.203368E-15  1.824544E-14  1.335391E-14  5.297251E-14  4.083573E-16  5.272827E-17
    225  8.219791245697E-02  5.268566E-17  7.678692E-16  1.253255E-15  1.774870E-14  1.321662E-14  5.556196E-14  4.479193E-16  6.148943E-17
    226  8.273529679330E-02  5.359915E-17  8.196466E-16  1.303727E-15  1.740128E-14  1.314627E-14  5.818094E-14  4.880809E-16  7.075186E-17
    227  8.327310875316E-02  5.439313E-17  8.744504E-16  1.360503E-15  1.713895E-14  1.312637E-14  6.116360E-14  5.340985E-16  8.178510E-17
    228  8.381967664174E-02  5.505499E-17  9.330135E-16  1.424370E-15  1.695414E-14  1.315643E-14  6.459906E-14  5.877199E-16  9.518108E-17
    229  8.442137901789E-02  5.559433E-17  1.000688E-15  1.501670E-15  1.684015E-14  1.324670E-14  6.890082E-14  6.560199E-16  1.130394E-16
    230  8.496109010092E-02  5.590095E-17  1.064415E-15  1.577440E-15  1.681543E-14  1.337923E-14  7.328436E-14  7.270225E-16  1.324897E-16
    231  8.556251684447E-02  5.600038E-17  1.137815E-15  1.667648E-15  1.685837E-14  1.357430E-14  7.876325E-14  8.182487E-16  1.587749E-16
    232  8.609514523980E-02  5.584521E-17  1.204124E-15  1.751463E-15  1.694608E-14  1.378041E-14  8.414434E-14  9.108427E-16  1.869052E-16
    233  8.668730402486E-02  5.537812E-17  1.278458E-15  1.847750E-15  1.708568E-14  1.403729E-14  9.071839E-14  1.028273E-15  2.246217E-16
    234  8.725638446658E-02  5.460326E-17  1.349022E-15  1.941207E-15  1.724289E-14  1.429718E-14  9.758268E-14  1.156493E-15  2.683906E-16
    235  8.784892152766E-02  5.342174E-17  1.419390E-15  2.036288E-15  1.740549E-14  1.456099E-14  1.052014E-13  1.306431E-15  3.230228E-16
    236  8.837914431516E-02  5.202681E-17  1.477989E-15  2.116945E-15  1.753152E-14  1.477557E-14  1.123344E-13  1.454990E-15  3.808725E-16
    237  8.927467123273E-02  4.894518E-17  1.563291E-15  2.237191E-15  1.765754E-14  1.505251E-14  1.247562E-13  1.735984E-15  5.007529E-16
    238  9.009385267910E-02  4.536347E-17  1.619466E-15  2.319324E-15  1.761070E-14  1.515291E-14  1.359354E-13  2.021137E-15  6.376660E-16
    239  9.088007009323E-02  4.135661E-17  1.649574E-15  2.366415E-15  1.738159E-14  1.507548E-14  1.459504E-13  2.313969E-15  7.962613E-16
    240  9.160938796651E-02  3.727936E-17  1.653564E-15  2.377207E-15  1.698166E-14  1.482651E-14  1.540743E-13  2.594041E-15  9.680945E-16
    241  9.231864750676E-02  3.313533E-17  1.634878E-15  2.356041E-15  1.641857E-14  1.441791E-14  1.605228E-13  2.866636E-15  1.158382E-15
    242  9.335415502949E-02  2.708439E-17  1.570624E-15  2.272211E-15  1.532176E-14  1.355362E-14  1.668738E-13  3.250324E-15  1.476621E-15
    243  9.429165011748E-02  2.192471E-17  1.480615E-15  2.149751E-15  1.410825E-14  1.255019E-14  1.692227E-13  3.568858E-15  1.804630E-15
    244  9.514750284226E-02  1.768405E-17  1.379990E-15  2.010182E-15  1.289177E-14  1.151767E-14  1.686768E-13  3.828055E-15  2.136510E-15
    245  9.592869681963E-02  1.430014E-17  1.278717E-15  1.868006E-15  1.174431E-14  1.052785E-14  1.661762E-13  4.034791E-15  2.465909E-15
    246  9.638259128200E-02  1.255655E-17  1.217942E-15  1.782066E-15  1.107994E-14  9.949234E-15  1.639919E-13  4.142378E-15  2.670015E-15
    247  9.686466198075E-02  1.088612E-17  1.152931E-15  1.689706E-15  1.038532E-14  9.340781E-15  1.611669E-13  4.246399E-15  2.896678E-15
    248  9.745016881397E-02  9.100243E-18  1.074525E-15  1.577788E-15  9.566302E-15  8.619348E-15  1.571527E-13  4.359525E-15  3.186815E-15
    249  9.798964068785E-02  7.675734E-18  1.003862E-15  1.476469E-15  8.843281E-15  7.979266E-15  1.530041E-13  4.452013E-15  3.469763E-15
    250  9.892639389759E-02  5.651690E-18  8.869973E-16  1.308043E-15  7.674972E-15  6.939317E-15  1.450837E-13  4.589334E-15  4.000913E-15
    251  9.977784733458E-02  4.240562E-18  7.888308E-16  1.165789E-15  6.718120E-15  6.083187E-15  1.374045E-13  4.692703E-15  4.533636E-15
    252  1.005622893962E-01  3.232374E-18  7.060558E-16  1.045314E-15  5.927547E-15  5.373088E-15  1.301575E-13  4.773446E-15  5.073803E-15
    253  1.013070552067E-01  2.487443E-18  6.344190E-16  9.406744E-16  5.255498E-15  4.767822E-15  1.232636E-13  4.839354E-15  5.635671E-15
    254  1.019791947326E-01  1.957955E-18  5.754719E-16  8.543122E-16  4.711042E-15  4.276465E-15  1.171047E-13  4.890982E-15  6.188397E-15
    255  1.025982572428E-01  1.567376E-18  5.257673E-16  7.813098E-16  4.258129E-15  3.867094E-15  1.115268E-13  4.932822E-15  6.740220E-15
    256  1.032644197032E-01  1.232388E-18  4.769140E-16  7.093993E-16  3.818827E-15  3.469591E-15  1.056553E-13  4.971956E-15  7.382610E-15
    257  1.039121745974E-01  9.747853E-19  4.337079E-16  6.456686E-16  3.435352E-15  3.122283E-15  1.000905E-13  5.004341E-15  8.060505E-15
    258  1.045193471709E-01  7.823356E-19  3.967710E-16  5.910863E-16  3.111490E-15  2.828769E-15  9.501100E-14  5.029425E-15  8.747007E-15
    259  1.051181778144E-01  6.303923E-19  3.634585E-16  5.417837E-16  2.822796E-15  2.567034E-15  9.013565E-14  5.048793E-15  9.474462E-15
    260  1.056826419982E-01  5.149680E-19  3.346699E-16  4.991178E-16  2.576038E-15  2.343271E-15  8.566030E-14  5.061618E-15  1.020775E-14
    261  1.062431336111E-01  4.219001E-19  3.083927E-16  4.601256E-16  2.353125E-15  2.141098E-15  8.132742E-14  5.068629E-15  1.098444E-14
    262  1.068146627648E-01  3.452613E-19  2.837826E-16  4.235673E-16  2.146532E-15  1.953742E-15  7.702357E-14  5.069165E-15  1.182533E-14
    263  1.073656177930E-01  2.855686E-19  2.619781E-16  3.911452E-16  1.965362E-15  1.789472E-15  7.298075E-14  5.062636E-15  1.268269E-14
    264  1.079139362418E-01  2.372262E-19  2.419927E-16  3.614005E-16  1.800909E-15  1.640384E-15  6.905323E-14  5.048424E-15  1.358236E-14
    265  1.084202130578E-01  2.007156E-19  2.249410E-16  3.360028E-16  1.661905E-15  1.514406E-15  6.551219E-14  5.027833E-15  1.445215E-14
    266  1.089957947327E-01  1.669456E-19  2.070575E-16  3.093479E-16  1.517502E-15  1.383589E-15  6.158527E-14  4.994933E-15  1.548318E-14
    267  1.095139929398E-01  1.422499E-19  1.922131E-16  2.872085E-16  1.398766E-15  1.276071E-15  5.813700E-14  4.955884E-15  1.644690E-14
    268  1.100036617482E-01  1.229262E-19  1.791902E-16  2.677747E-16  1.295479E-15  1.182577E-15  5.495174E-14  4.910158E-15  1.738649E-14
    269  1.105581599754E-01  1.049581E-19  1.655315E-16  2.473826E-16  1.188103E-15  1.085432E-15  5.143556E-14  4.847589E-15  1.847740E-14
    270  1.111738162549E-01  8.893151E-20  1.516077E-16  2.265854E-16  1.079708E-15  9.874224E-16  4.764726E-14  4.764093E-15  1.971332E-14
    271  1.117276452796E-01  7.728750E-20  1.400999E-16  2.093889E-16  9.909613E-16  9.072215E-16  4.434263E-14  4.675744E-15  2.084041E-14
    272  1.122547306619E-01  6.818114E-20  1.299704E-16  1.942473E-16  9.135186E-16  8.372756E-16  4.129553E-14  4.580044E-15  2.191702E-14
    273  1.128196390807E-01  6.015562E-20  1.199351E-16  1.792428E-16  8.374572E-16  7.686188E-16  3.814322E-14  4.465108E-15  2.306413E-14
    274  1.134172103791E-01  5.321908E-20  1.101687E-16  1.646369E-16  7.640912E-16  7.024369E-16  3.494208E-14  4.329908E-15  2.425781E-14
    275  1.139661173569E-01  4.796417E-20  1.019035E-16  1.522736E-16  7.025306E-16  6.469381E-16  3.212763E-14  4.193884E-15  2.532635E-14
    276  1.145721141816E-01  4.316484E-20  9.350152E-17  1.397043E-16  6.404829E-16  5.910361E-16  2.917296E-14  4.032046E-15  2.645906E-14
    277  1.151138636995E-01  3.958560E-20  8.658108E-17  1.293507E-16  5.897993E-16  5.454009E-16  2.667329E-14  3.878236E-15  2.741887E-14
    278  1.160623872824E-01  3.453214E-20  7.567322E-17  1.130301E-16  5.107147E-16  4.742436E-16  2.262539E-14  3.591642E-15  2.895566E-14
    279  1.166131253687E-01  3.215046E-20  6.998190E-17  1.045146E-16  4.698716E-16  4.375187E-16  2.047547E-14  3.417942E-15  2.975295E-14
    280  1.171578902390E-01  3.010030E-20  6.477217E-17  9.672015E-17  4.327510E-16  4.041562E-16  1.849678E-14  3.243157E-15  3.046160E-14
    281  1.179966344325E-01  2.740508E-20  5.749356E-17  8.583091E-17  3.813291E-16  3.579608E-16  1.573117E-14  2.971293E-15  3.139430E-14
    282  1.184626561866E-01  2.610270E-20  5.380704E-17  8.031629E-17  3.554938E-16  3.347595E-16  1.434160E-14  2.820825E-15  3.182763E-14
    283  1.189221956404E-01  2.492886E-20  5.040171E-17  7.522298E-17  3.317605E-16  3.134507E-16  1.307146E-14  2.674197E-15  3.219414E-14
    284  1.197605220964E-01  2.301555E-20  4.472814E-17  6.673801E-17  2.925015E-16  2.782088E-16  1.099478E-14  2.412720E-15  3.271386E-14
    285  1.205341475296E-01  2.146108E-20  4.005542E-17  5.975156E-17  2.604549E-16  2.494447E-16  9.341936E-15  2.182045E-15  3.303013E-14
    286  1.212540834288E-01  2.015723E-20  3.614102E-17  5.390024E-17  2.338173E-16  2.255352E-16  8.010209E-15  1.978572E-15  3.319513E-14
    287  1.219299358624E-01  1.903517E-20  3.281016E-17  4.892235E-17  2.113078E-16  2.053284E-16  6.924092E-15  1.798648E-15  3.324769E-14
    288  1.225766858039E-01  1.803985E-20  2.990695E-17  4.458477E-17  1.918140E-16  1.878250E-16  6.020018E-15  1.637567E-15  3.321542E-14
    289  1.231854533608E-01  1.716256E-20  2.740532E-17  4.084797E-17  1.751124E-16  1.728242E-16  5.276158E-15  1.495821E-15  3.312089E-14
    290  1.237219182154E-01  1.643214E-20  2.537182E-17  3.781110E-17  1.616047E-16  1.606877E-16  4.698217E-15  1.378996E-15  3.299211E-14
    291  1.242404039059E-01  1.576014E-20  2.354775E-17  3.508767E-17  1.495436E-16  1.498468E-16  4.202231E-15  1.273386E-15  3.283307E-14
    292  1.248086455930E-01  1.505922E-20  2.169628E-17  3.232397E-17  1.373565E-16  1.388874E-16  3.721769E-15  1.165644E-15  3.262510E-14
    293  1.253177247642E-01  1.445978E-20  2.015855E-17  3.002899E-17  1.272766E-16  1.298183E-16  3.340777E-15  1.075755E-15  3.241301E-14
    294  1.258810647447E-01  1.382577E-20  1.858119E-17  2.767547E-17  1.169803E-16  1.205487E-16  2.968468E-15  9.836289E-16  3.215533E-14
    295  1.264205598797E-01  1.324559E-20  1.718413E-17  2.559149E-17  1.078988E-16  1.123671E-16  2.655022E-15  9.023194E-16  3.188991E-14
    296  1.270317883483E-01  1.261814E-20  1.572451E-17  2.341467E-17  9.844885E-17  1.038469E-16  2.344081E-15  8.176865E-16  3.157119E-14
    297  1.275757308169E-01  1.208404E-20  1.452746E-17  2.162985E-17  9.072958E-17  9.688085E-17  2.102205E-15  7.487255E-16  3.127529E-14
    298  1.286048671531E-01  1.113439E-20  1.250068E-17  1.860901E-17  7.772745E-17  8.513294E-17  1.720801E-15  6.335542E-16  3.069285E-14
    299  1.290949488661E-01  1.070758E-20  1.163435E-17  1.731807E-17  7.219577E-17  8.012647E-17  1.568583E-15  5.848913E-16  3.040856E-14
    300  1.295345101683E-01  1.033810E-20  1.090716E-17  1.623470E-17  6.756574E-17  7.593311E-17  1.445980E-15  5.444870E-16  3.015059E-14
    301  1.303954523490E-01  9.650369E-21  9.608622E-18  1.430071E-17  5.932919E-17  6.846423E-17  1.238977E-15  4.734745E-16  2.964009E-14
    302  1.308549873199E-01  9.301482E-21  8.977916E-18  1.336154E-17  5.534298E-17  6.484453E-17  1.143872E-15  4.394616E-16  2.936469E-14
    303  1.312776310019E-01  8.991495E-21  8.433348E-18  1.255078E-17  5.190929E-17  6.172455E-17  1.064668E-15  4.104210E-16  2.911007E-14
    304  1.320787884157E-01  8.432232E-21  7.487717E-18  1.114325E-17  4.596572E-17  5.631914E-17  9.336583E-16  3.608432E-16  2.862410E-14
    305  1.327308179063E-01  8.003158E-21  6.794533E-18  1.011171E-17  4.162437E-17  5.236862E-17  8.428597E-16  3.251988E-16  2.822294E-14
    306  1.333821207310E-01  7.597268E-21  6.164148E-18  9.173809E-18  3.768829E-17  4.878628E-17  7.641249E-16  2.933333E-16  2.781604E-14
    307  1.339749669338E-01  7.246748E-21  5.639929E-18  8.394033E-18  3.442452E-17  4.581708E-17  7.015169E-16  2.673379E-16  2.743892E-14
    308  1.345530840576E-01  6.921565E-21  5.170320E-18  7.695601E-18  3.150814E-17  4.316640E-17  6.476207E-16  2.444352E-16  2.706202E-14
    309  1.351098094661E-01  6.623369E-21  4.753785E-18  7.076177E-18  2.892733E-17  4.082402E-17  6.015442E-16  2.244258E-16  2.668750E-14
    310  1.359304916944E-01  6.209086E-21  4.198477E-18  6.250546E-18  2.549635E-17  3.771855E-17  5.427512E-16  1.983349E-16  2.611236E-14
    311  1.363572082699E-01  6.005080E-21  3.935047E-18  5.858928E-18  2.387268E-17  3.625361E-17  5.159210E-16  1.861963E-16  2.579882E-14
    312  1.367788244083E-01  5.810827E-21  3.690333E-18  5.495149E-18  2.236662E-17  3.489931E-17  4.916074E-16  1.750466E-16  2.547723E-14
    313  1.375777712339E-01  5.461864E-21  3.266375E-18  4.864993E-18  1.976319E-17  3.257171E-17  4.509755E-16  1.561345E-16  2.483507E-14
    314  1.380438267916E-01  5.269426E-21  3.041257E-18  4.530421E-18  1.838389E-17  3.134783E-17  4.302012E-16  1.463252E-16  2.443796E-14
    315  1.384690951451E-01  5.100660E-21  2.848836E-18  4.244448E-18  1.720660E-17  3.031079E-17  4.128979E-16  1.380594E-16  2.405871E-14
    316  1.391087445178E-01  4.858693E-21  2.581317E-18  3.846880E-18  1.557260E-17  2.888643E-17  3.895968E-16  1.268014E-16  2.345799E-14
    317  1.397002518981E-01  4.647128E-21  2.355667E-18  3.511556E-18  1.419704E-17  2.770534E-17  3.706920E-16  1.175649E-16  2.287054E-14
    318  1.402705851668E-01  4.453747E-21  2.156144E-18  3.215060E-18  1.298286E-17  2.668183E-17  3.546091E-16  1.096179E-16  2.227393E-14
    319  1.408634912375E-01  4.263337E-21  1.965912E-18  2.932358E-18  1.182708E-17  2.573006E-17  3.398999E-16  1.022554E-16  2.162120E-14
    320  1.414089642241E-01  4.097297E-21  1.805297E-18  2.693672E-18  1.085283E-17  2.495061E-17  3.280389E-16  9.625468E-17  2.099669E-14
    321  1.419220762512E-01  3.948822E-21  1.665839E-18  2.486422E-18  1.000814E-17  2.429701E-17  3.182230E-16  9.123303E-17  2.039082E-14
    322  1.422771704232E-01  3.850280E-21  1.575395E-18  2.352001E-18  9.460907E-18  2.388777E-17  3.121333E-16  8.807339E-17  1.996008E-14
    323  1.426029315631E-01  3.762832E-21  1.496585E-18  2.234864E-18  8.984467E-18  2.354241E-17  3.070302E-16  8.539607E-17  1.955879E-14
    324  1.430135230101E-01  3.656588E-21  1.402667E-18  2.095266E-18  8.417225E-18  2.314699E-17  3.012296E-16  8.231283E-17  1.904681E-14
    325  1.434683796643E-01  3.543818E-21  1.305280E-18  1.950505E-18  7.829663E-18  2.275950E-17  2.955902E-16  7.925724E-17  1.847465E-14
    326  1.440315208021E-01  3.411151E-21  1.193712E-18  1.784648E-18  7.157346E-18  2.235094E-17  2.896918E-16  7.595934E-17  1.776195E-14
    327  1.445490332405E-01  3.295899E-21  1.099252E-18  1.644200E-18  6.588782E-18  2.204285E-17  2.852741E-16  7.335990E-17  1.710389E-14
    328  1.451370980342E-01  3.172222E-21  1.000681E-18  1.497618E-18  5.996197E-18  2.176904E-17  2.813732E-16  7.088718E-17  1.636328E-14
    329  1.457052374241E-01  3.059788E-21  9.136030E-19  1.368109E-18  5.473366E-18  2.157988E-17  2.786912E-16  6.894998E-17  1.566108E-14
    330  1.463107957421E-01  2.947315E-21  8.287641E-19  1.241897E-18  4.964545E-18  2.145836E-17  2.769669E-16  6.732750E-17  1.492758E-14
    331  1.468752132891E-01  2.849048E-21  7.565526E-19  1.134446E-18  4.531947E-18  2.141873E-17  2.763916E-16  6.620589E-17  1.426553E-14
    332  1.475510939381E-01  2.739187E-21  6.780615E-19  1.017620E-18  4.062282E-18  2.146410E-17  2.769911E-16  6.532879E-17  1.350795E-14
    333  1.481899111058E-01  2.642897E-21  6.110741E-19  9.178795E-19  3.661896E-18  2.160109E-17  2.788495E-16  6.493422E-17  1.282714E-14
    334  1.491767377555E-01  2.507806E-21  5.199484E-19  7.821361E-19  3.117958E-18  2.199541E-17  2.842131E-16  6.511319E-17  1.185423E-14
    335  1.497116139607E-01  2.441068E-21  4.762002E-19  7.169359E-19  2.857139E-18  2.230325E-17  2.883995E-16  6.559321E-17  1.137126E-14
    336  1.502421520731E-01  2.379313E-21  4.362748E-19  6.574076E-19  2.619280E-18  2.267799E-17  2.934906E-16  6.632871E-17  1.091846E-14
    337  1.509052103900E-01  2.307895E-21  3.909157E-19  5.897480E-19  2.349277E-18  2.324529E-17  3.011940E-16  6.760996E-17  1.039633E-14
    338  1.515352476696E-01  2.245642E-21  3.520748E-19  5.317810E-19  2.118272E-18  2.389067E-17  3.099549E-16  6.920091E-17  9.945097E-15
    339  1.521327102765E-01  2.191614E-21  3.186608E-19  4.818826E-19  1.919680E-18  2.460486E-17  3.196466E-16  7.105190E-17  9.551797E-15
    340  1.526678407657E-01  2.147089E-21  2.913566E-19  4.410858E-19  1.757506E-18  2.533269E-17  3.295245E-16  7.299973E-17  9.230485E-15
    341  1.532481602429E-01  2.102692E-21  2.643200E-19  4.006657E-19  1.597015E-18  2.622119E-17  3.415872E-16  7.543163E-17  8.914893E-15
    342  1.535863948111E-01  2.078625E-21  2.496994E-19  3.787962E-19  1.510266E-18  2.678956E-17  3.493063E-16  7.700875E-17  8.745652E-15
    343  1.538995751697E-01  2.057610E-21  2.368470E-19  3.595633E-19  1.434027E-18  2.735127E-17  3.569367E-16  7.857906E-17  8.596821E-15
    344  1.546020187628E-01  2.014411E-21  2.103229E-19  3.198473E-19  1.276760E-18  2.873870E-17  3.757973E-16  8.249692E-17  8.296050E-15
    345  1.552062305672E-01  1.981375E-21  1.898538E-19  2.891717E-19  1.155458E-18  3.008297E-17  3.940902E-16  8.633039E-17  8.073080E-15
    346  1.557875935888E-01  1.953161E-21  1.719879E-19  2.623737E-19  1.049624E-18  3.152054E-17  4.136739E-16  9.045690E-17  7.885965E-15
    347  1.566447447202E-01  1.917675E-21  1.486083E-19  2.272668E-19  9.111873E-19  3.392221E-17  4.464422E-16  9.739375E-17  7.659247E-15
    348  1.574294426159E-01  1.890922E-21  1.298798E-19  1.991197E-19  8.004079E-19  3.644380E-17  4.809189E-16  1.047175E-16  7.503304E-15
    349  1.581710514975E-01  1.870777E-21  1.137413E-19  1.749148E-19  7.053934E-19  3.914798E-17  5.179705E-16  1.126029E-16  7.395976E-15
    350  1.588328903187E-01  1.856446E-21  1.015773E-19  1.565562E-19  6.333635E-19  4.185518E-17  5.551428E-16  1.205225E-16  7.336659E-15
    351  1.594606073659E-01  1.845841E-21  9.296163E-20  1.432697E-19  5.810687E-19  4.471123E-17  5.944385E-16  1.288990E-16  7.311642E-15
    352  1.600565792087E-01  1.838613E-21  8.795442E-20  1.350991E-19  5.485577E-19  4.771490E-17  6.358469E-16  1.377278E-16  7.315207E-15
    353  1.607059625219E-01  1.833317E-21  8.340826E-20  1.275770E-19  5.185738E-19  5.132636E-17  6.857547E-16  1.483682E-16  7.350292E-15
    354  1.613957576202E-01  1.830417E-21  7.760883E-20  1.184131E-19  4.824589E-19  5.558357E-17  7.447526E-16  1.609432E-16  7.422084E-15
    355  1.620398820205E-01  1.830421E-21  6.993621E-20  1.068970E-19  4.377004E-19  5.999478E-17  8.060648E-16  1.740061E-16  7.520950E-15
    356  1.627691861850E-01  1.832788E-21  6.117275E-20  9.386796E-20  3.872989E-19  6.555915E-17  8.836476E-16  1.905272E-16  7.675651E-15
    357  1.634667099868E-01  1.837193E-21  5.384838E-20  8.294625E-20  3.451444E-19  7.152276E-17  9.670732E-16  2.082818E-16  7.867558E-15
    358  1.645369737572E-01  1.847608E-21  4.482466E-20  6.937707E-20  2.928820E-19  8.207078E-17  1.115283E-15  2.397968E-16  8.253086E-15
    359  1.651200899964E-01  1.854377E-21  4.060270E-20  6.300776E-20  2.684326E-19  8.861350E-17  1.207613E-15  2.594129E-16  8.513653E-15
    360  1.656939516385E-01  1.861990E-21  3.685960E-20  5.734744E-20  2.467647E-19  9.568268E-17  1.307688E-15  2.806613E-16  8.806803E-15
    361  1.664404283242E-01  1.872426E-21  3.255211E-20  5.081475E-20  2.218390E-19  1.058933E-16  1.452796E-15  3.114477E-16  9.249007E-15
    362  1.671401020014E-01  1.882222E-21  2.902268E-20  4.544368E-20  2.014288E-19  1.166229E-16  1.605951E-15  3.439140E-16  9.730732E-15
    363  1.682228463170E-01  1.897452E-21  2.438995E-20  3.836214E-20  1.746801E-19  1.357834E-16  1.881030E-15  4.021639E-16  1.061991E-14
    364  1.688914277275E-01  1.905743E-21  2.196869E-20  3.464289E-20  1.607266E-19  1.493516E-16  2.076980E-15  4.436138E-16  1.126686E-14
    365  1.695862681704E-01  1.913500E-21  1.975082E-20  3.122260E-20  1.479775E-19  1.650775E-16  2.305194E-15  4.918488E-16  1.202744E-14
    366  1.708796298676E-01  1.923356E-21  1.632760E-20  2.591102E-20  1.283861E-19  1.993270E-16  2.806093E-15  5.975840E-16  1.371731E-14
    367  1.720689125062E-01  1.926010E-21  1.383360E-20  2.200905E-20  1.142373E-19  2.375826E-16  3.371296E-15  7.167100E-16  1.563868E-14
    368  1.730357271347E-01  1.921974E-21  1.217707E-20  1.939746E-20  1.049375E-19  2.742953E-16  3.918933E-15  8.319776E-16  1.750660E-14
    369  1.739185931198E-01  1.913350E-21  1.090011E-20  1.737097E-20  9.785887E-20  3.129564E-16  4.500746E-15  9.542971E-16  1.949233E-14
    370  1.748109107026E-01  1.898772E-21  9.800111E-21  1.561430E-20  9.184865E-20  3.576304E-16  5.179228E-15  1.096780E-15  2.180714E-14
    371  1.757092013639E-01  1.878378E-21  8.851784E-21  1.409082E-20  8.676542E-20  4.091146E-16  5.968821E-15  1.262412E-15  2.449697E-14
    372  1.765567714958E-01  1.853411E-21  8.080500E-21  1.284497E-20  8.271788E-20  4.643439E-16  6.824581E-15  1.441726E-15  2.740754E-14
    373  1.775373762473E-01  1.817683E-21  7.307766E-21  1.159097E-20  7.877047E-20  5.374164E-16  7.969906E-15  1.681441E-15  3.129303E-14
    374  1.784803688374E-01  1.776631E-21  6.666758E-21  1.054650E-20  7.559670E-20  6.180159E-16  9.249745E-15  1.948990E-15  3.562447E-14
    375  1.795112536071E-01  1.724422E-21  6.055035E-21  9.547387E-21  7.267266E-20  7.192824E-16  1.088115E-14  2.289618E-15  4.112957E-14
    376  1.804824008025E-01  1.668938E-21  5.549589E-21  8.720993E-21  7.034084E-20  8.286519E-16  1.267129E-14  2.662928E-15  4.715457E-14
    377  1.815169070317E-01  1.603681E-21  5.069876E-21  7.937474E-21  6.820184E-20  9.619589E-16  1.489131E-14  3.125323E-15  5.460643E-14
    378  1.825428215499E-01  1.533808E-21  4.644189E-21  7.243911E-21  6.635733E-20  1.113065E-15  1.745695E-14  3.659042E-15  6.319831E-14
    379  1.841355644659E-01  1.417572E-21  4.060385E-21  6.297878E-21  6.389004E-20  1.390053E-15  2.229158E-14  4.663184E-15  7.934593E-14
    380  1.856860183354E-01  1.298719E-21  3.563213E-21  5.499156E-21  6.179992E-20  1.716014E-15  2.819460E-14  5.886992E-15  9.901296E-14
    381  1.870847965371E-01  1.189852E-21  3.163662E-21  4.863090E-21  6.007980E-20  2.064371E-15  3.475578E-14  7.244978E-15  1.208364E-13
    382  1.883699545972E-01  1.090485E-21  2.831240E-21  4.338346E-21  5.857869E-20  2.435018E-15  4.202420E-14  8.747104E-15  1.449871E-13
    383  1.895671856375E-01  9.995926E-22  2.547252E-21  3.893482E-21  5.720964E-20  2.827924E-15  5.005762E-14  1.040510E-14  1.716625E-13
    384  1.907324824205E-01  9.136096E-22  2.292415E-21  3.496945E-21  5.587941E-20  3.257522E-15  5.923860E-14  1.229756E-14  2.021376E-13
    385  1.917913284253E-01  8.381979E-22  2.077927E-21  3.165123E-21  5.465884E-20  3.690467E-15  6.892514E-14  1.429192E-14  2.342870E-13
    386  1.928179034582E-01  7.676778E-22  1.883714E-21  2.866125E-21  5.344824E-20  4.150303E-15  7.971304E-14  1.651068E-14  2.700905E-13
    387  1.939781308337E-01  6.915972E-22  1.680101E-21  2.554048E-21  5.204212E-20  4.718383E-15  9.378961E-14  1.940265E-14  3.168150E-13
    388  1.950365569225E-01  6.254894E-22  1.507474E-21  2.290504E-21  5.071044E-20  5.281380E-15  1.086162E-13  2.244540E-14  3.660376E-13
    389  1.963061656501E-01  5.507077E-22  1.316390E-21  1.999759E-21  4.904605E-20  6.011140E-15  1.292514E-13  2.667542E-14  4.345638E-13
    390  1.975160386553E-01  4.840904E-22  1.149466E-21  1.746509E-21  4.738242E-20  6.758014E-15  1.522150E-13  3.137724E-14  5.108498E-13
    391  1.988970783448E-01  4.136304E-22  9.758952E-22  1.483757E-21  4.538363E-20  7.663359E-15  1.829393E-13  3.766048E-14  6.129578E-13
    392  2.001908516564E-01  3.532641E-22  8.293840E-22  1.262328E-21  4.341607E-20  8.550575E-15  2.166897E-13  4.455416E-14  7.251744E-13
    393  2.023233395230E-01  2.659304E-22  6.206404E-22  9.472157E-22  3.998942E-20  1.005334E-14  2.845392E-13  5.839132E-14  9.509067E-13
    394  2.035207364909E-01  2.236978E-22  5.209559E-22  7.968042E-22  3.798701E-20  1.089172E-14  3.302797E-13  6.770628E-14  1.103174E-12
    395  2.047171141817E-01  1.863064E-22  4.333490E-22  6.646105E-22  3.595037E-20  1.170344E-14  3.822025E-13  7.826946E-14  1.276095E-12
    396  2.061861175315E-01  1.468938E-22  3.416498E-22  5.261944E-22  3.343236E-20  1.263707E-14  4.553249E-13  9.312880E-14  1.519734E-12
    397  2.075162532616E-01  1.170665E-22  2.726823E-22  4.220244E-22  3.116847E-20  1.339511E-14  5.313046E-13  1.085511E-13  1.773019E-12
    398  2.088103947538E-01  9.293406E-23  2.171513E-22  3.380772E-22  2.901122E-20  1.402800E-14  6.149400E-13  1.255093E-13  2.051949E-12
    399  2.102374295066E-01  7.132889E-23  1.676325E-22  2.631258E-22  2.671618E-20  1.458068E-14  7.190608E-13  1.465985E-13  2.399356E-12
    400  2.116254943500E-01  5.468167E-23  1.295921E-22  2.054449E-22  2.459475E-20  1.495014E-14  8.329544E-13  1.696415E-13  2.779544E-12
    401  2.137594200207E-01  3.586466E-23  8.667995E-23  1.401714E-22  2.158739E-20  1.515666E-14  1.033145E-12  2.100883E-13  3.448173E-12
    402  2.149968302441E-01  2.792968E-23  6.858650E-23  1.125260E-22  1.999550E-20  1.506486E-14  1.163039E-12  2.362981E-13  3.882236E-12
    403  2.163578604848E-01  2.112441E-23  5.304629E-23  8.867454E-23  1.837418E-20  1.478316E-14  1.317023E-12  2.673368E-13  4.396999E-12
    404  2.188327022992E-01  1.261325E-23  3.350900E-23  5.842248E-23  1.575870E-20  1.381835E-14  1.622632E-12  3.288432E-13  5.419248E-12
    405  2.210861741802E-01  7.819551E-24  2.236517E-23  4.089079E-23  1.371252E-20  1.251313E-14  1.921455E-12  3.888654E-13  6.419536E-12
    406  2.231360986547E-01  5.028120E-24  1.574460E-23  3.025919E-23  1.208834E-20  1.108395E-14  2.200337E-12  4.447754E-13  7.353741E-12
    407  2.249661932162E-01  3.370561E-24  1.170267E-23  2.360648E-23  1.080038E-20  9.707664E-15  2.447075E-12  4.941500E-13  8.180834E-12
    408  2.266023391923E-01  2.345675E-24  9.113828E-24  1.922516E-23  9.760165E-21  8.463873E-15  2.660516E-12  5.367864E-13  8.896793E-12
    409  2.291569547831E-01  1.317082E-24  6.359885E-24  1.437148E-23  8.314869E-21  6.610818E-15  2.971562E-12  5.987779E-13  9.941077E-12
    410  2.305971902523E-01  9.458676E-25  5.281542E-24  1.237533E-23  7.583760E-21  5.658527E-15  3.131793E-12  6.306356E-13  1.047954E-11
    411  2.319348711247E-01  6.924779E-25  4.490837E-24  1.085579E-23  6.952521E-21  4.849889E-15  3.269839E-12  6.580338E-13  1.094379E-11
    412  2.335360820165E-01  4.740200E-25  3.743582E-24  9.358053E-24  6.252293E-21  3.986374E-15  3.421116E-12  6.879986E-13  1.145295E-11
    413  2.351317971316E-01  3.229594E-25  3.159419E-24  8.129798E-24  5.609833E-21  3.241753E-15  3.556936E-12  7.148409E-13  1.191054E-11
    414  2.376293164755E-01  1.749868E-25  2.468450E-24  6.587984E-24  4.705731E-21  2.297748E-15  3.741547E-12  7.512161E-13  1.253339E-11
    415  2.399259738388E-01  9.823439E-26  1.995238E-24  5.460730E-24  3.974468E-21  1.641459E-15  3.884663E-12  7.793122E-13  1.301712E-11
    416  2.420046682363E-01  5.754663E-26  1.656732E-24  4.612744E-24  3.388750E-21  1.192821E-15  3.995717E-12  8.010425E-13  1.339318E-11
    417  2.451201276448E-01  2.526962E-26  1.259236E-24  3.570710E-24  2.635642E-21  7.219658E-16  4.135974E-12  8.283918E-13  1.386920E-11
    418  2.467564269033E-01  1.622879E-26  1.089680E-24  3.111642E-24  2.295539E-21  5.487996E-16  4.199728E-12  8.407903E-13  1.408605E-11
    419  2.483354027874E-01  1.051675E-26  9.463450E-25  2.717356E-24  2.000881E-21  4.185323E-16  4.256172E-12  8.517532E-13  1.427831E-11
    420  2.499258654919E-01  6.748676E-27  8.192962E-25  2.363497E-24  1.735266E-21  3.166176E-16  4.308883E-12  8.619830E-13  1.445808E-11
    421  2.515152656983E-01  4.302763E-27  7.075483E-25  2.049145E-24  1.498975E-21  2.381385E-16  4.358167E-12  8.715453E-13  1.462639E-11
    422  2.542060864984E-01  1.972143E-27  5.482439E-25  1.596466E-24  1.159258E-21  1.449877E-16  4.435666E-12  8.865888E-13  1.489144E-11
    423  2.556901221114E-01  1.272449E-27  4.744187E-25  1.385005E-24  1.001187E-21  1.095224E-16  4.475972E-12  8.944225E-13  1.502946E-11
    424  2.570805114381E-01  8.396771E-28  4.131948E-25  1.208879E-24  8.700231E-22  8.384067E-17  4.512554E-12  9.015418E-13  1.515483E-11
    425  2.598984391343E-01  3.540785E-28  3.097143E-25  9.096763E-25  6.486196E-22  4.808098E-17  4.584119E-12  9.155042E-13  1.540029E-11
    426  2.622653138568E-01  1.685060E-28  2.410471E-25  7.100666E-25  5.022302E-22  2.973010E-17  4.642410E-12  9.269195E-13  1.560041E-11
    427  2.644885215151E-01  8.265569E-29  1.891368E-25  5.585710E-25  3.920608E-22  1.870938E-17  4.696257E-12  9.375045E-13  1.578538E-11
    428  2.667229470066E-01  3.980156E-29  1.472158E-25  4.358161E-25  3.035400E-22  1.161249E-17  4.749889E-12  9.480885E-13  1.596969E-11
    429  2.687894382327E-01  1.991630E-29  1.160637E-25  3.443249E-25  2.381061E-22  7.388422E-18  4.799305E-12  9.578791E-13  1.613957E-11
    430  2.709436570286E-01  9.533916E-30  9.004537E-26  2.677060E-25  1.837490E-22  4.561068E-18  4.850817E-12  9.681252E-13  1.631672E-11
    431  2.728595154549E-01  4.890957E-30  7.149321E-26  2.129396E-25  1.451970E-22  2.942551E-18  4.896743E-12  9.772951E-13  1.647470E-11
    432  2.763050324764E-01  1.428124E-30  4.668220E-26  1.394809E-25  9.399405E-23  1.307614E-18  4.979848E-12  9.939720E-13  1.676068E-11
    433  2.797281875476E-01  1.000000E-30  3.014857E-26  9.035057E-26  6.018512E-23  5.663400E-19  5.063311E-12  1.010828E-12  1.704801E-11
    434  2.831107064370E-01  1.000000E-30  1.932990E-26  5.809317E-26  3.826260E-23  2.404020E-19  5.146852E-12  1.027804E-12  1.733576E-11
    435  2.863632962154E-01  1.000000E-30  1.247404E-26  3.758712E-26  2.449252E-23  1.025889E-19  5.228297E-12  1.044453E-12  1.761644E-11
    436  2.894106333807E-01  1.000000E-30  8.206041E-27  2.478532E-26  1.599133E-23  4.503685E-20  5.305653E-12  1.060353E-12  1.788317E-11
    437  2.941185503109E-01  1.000000E-30  4.238166E-27  1.284514E-26  8.163976E-24  1.199982E-20  5.427229E-12  1.085508E-12  1.830271E-11
    438  2.983685787405E-01  1.000000E-30  2.309367E-27  7.020519E-27  4.403094E-24  3.476175E-21  5.539178E-12  1.108845E-12  1.868942E-11
    439  3.021949729112E-01  1.000000E-30  1.329940E-27  4.054066E-27  2.513120E-24  1.111234E-21  5.641782E-12  1.130375E-12  1.904421E-11
    440  3.059150641439E-01  1.000000E-30  7.767449E-28  2.374237E-27  1.455766E-24  3.651513E-22  5.743219E-12  1.151788E-12  1.939533E-11
    441  3.094680949786E-01  1.000000E-30  4.659124E-28  1.428292E-27  8.671473E-25  1.295738E-22  5.841683E-12  1.172691E-12  1.973652E-11
    442  3.127856926026E-01  1.000000E-30  2.908717E-28  8.949223E-28  5.389098E-25  5.280294E-23  5.935048E-12  1.192615E-12  2.006039E-11
    443  3.178598433803E-01  1.000000E-30  1.458147E-28  4.514877E-28  2.688370E-25  1.666579E-23  6.080553E-12  1.223859E-12  2.056582E-11
    444  3.224504526026E-01  1.000000E-30  8.277626E-29  2.593348E-28  1.537556E-25  7.819656E-24  6.215054E-12  1.252942E-12  2.103381E-11
    445  3.266870398371E-01  1.000000E-30  5.401866E-29  1.724714E-28  1.025921E-25  4.904211E-24  6.341624E-12  1.280481E-12  2.147493E-11
    446  3.305577136787E-01  1.000000E-30  4.127221E-29  1.352990E-28  8.131180E-26  3.854288E-24  6.459340E-12  1.306236E-12  2.188583E-11
    447  3.362681054783E-01  1.000000E-30  3.672494E-29  1.236907E-28  7.465874E-26  3.590889E-24  6.636671E-12  1.345282E-12  2.250601E-11
    448  3.414589872690E-01  1.000000E-30  4.036914E-29  1.388878E-28  8.390900E-26  4.112545E-24  6.801721E-12  1.381881E-12  2.308455E-11
    449  3.462773530350E-01  1.000000E-30  4.847040E-29  1.688718E-28  1.015520E-25  5.069288E-24  6.958247E-12  1.416807E-12  2.363438E-11
    450  3.508856189623E-01  1.000000E-30  6.012752E-29  2.110512E-28  1.259417E-25  6.399274E-24  7.110968E-12  1.451080E-12  2.417196E-11
    451  3.552628710565E-01  1.000000E-30  7.477470E-29  2.638331E-28  1.561067E-25  8.067256E-24  7.258795E-12  1.484430E-12  2.469337E-11
    452  3.595141079779E-01  1.000000E-30  9.291012E-29  3.291263E-28  1.930351E-25  1.014202E-23  7.404963E-12  1.517569E-12  2.520993E-11
    453  3.636744849418E-01  1.000000E-30  1.152172E-28  4.094842E-28  2.380526E-25  1.271143E-23  7.550503E-12  1.550721E-12  2.572528E-11
    454  3.676260234901E-01  1.000000E-30  1.414918E-28  5.043189E-28  2.907439E-25  1.576585E-23  7.691040E-12  1.582874E-12  2.622384E-11
    455  3.714655117309E-01  1.000000E-30  1.728804E-28  6.177603E-28  3.532564E-25  1.944419E-23  7.829754E-12  1.614741E-12  2.671683E-11
    456  3.752653942304E-01  1.000000E-30  2.105950E-28  7.549239E-28  4.284839E-25  2.393593E-23  7.969144E-12  1.646888E-12  2.721309E-11
    457  3.809506426681E-01  1.000000E-30  2.841983E-28  1.020982E-27  5.722424E-25  3.267853E-23  8.181625E-12  1.696123E-12  2.797127E-11
    458  3.865190953769E-01  1.000000E-30  3.804490E-28  1.371368E-27  7.600804E-25  4.434553E-23  8.394345E-12  1.745678E-12  2.873225E-11
    459  3.928522091207E-01  1.000000E-30  5.300452E-28  1.918370E-27  1.050314E-24  6.277609E-23  8.641850E-12  1.803648E-12  2.962006E-11
    460  3.991093841216E-01  1.000000E-30  7.357399E-28  2.673609E-27  1.446676E-24  8.852446E-23  8.892267E-12  1.862617E-12  3.052079E-11
    461  4.054183851758E-01  1.000000E-30  1.024148E-27  3.737542E-27  1.999239E-24  1.252229E-22  9.150726E-12  1.923788E-12  3.145288E-11
    462  4.147392755742E-01  1.000000E-30  1.668169E-27  6.132206E-27  3.228447E-24  2.090964E-22  9.543684E-12  2.017335E-12  3.287449E-11
    463  4.232199499949E-01  1.000000E-30  2.603759E-27  9.633212E-27  5.000051E-24  3.334727E-22  9.912963E-12  2.105761E-12  3.421456E-11
    464  4.316976825025E-01  1.000000E-30  4.061570E-27  1.513897E-26  7.753812E-24  5.317867E-22  1.029361E-11  2.197354E-12  3.559948E-11
    465  4.393401554526E-01  1.000000E-30  6.063869E-27  2.277274E-26  1.153177E-23  8.098763E-22  1.064704E-11  2.282733E-12  3.688754E-11
    466  4.465935084243E-01  1.000000E-30  8.873335E-27  3.357796E-26  1.682726E-23  1.207100E-21  1.099182E-11  2.366264E-12  3.814571E-11
    467  4.537106765818E-01  1.000000E-30  1.289426E-26  4.919113E-26  2.441180E-23  1.785267E-21  1.133949E-11  2.450677E-12  3.941489E-11
    468  4.602314649238E-01  1.000000E-30  1.816448E-26  6.985209E-26  3.436714E-23  2.554407E-21  1.166664E-11  2.530216E-12  4.060883E-11
    469  4.709552966107E-01  1.000000E-30  3.193915E-26  1.245916E-25  6.046817E-23  4.600216E-21  1.222402E-11  2.665834E-12  4.263992E-11
    470  4.769745726746E-01  1.000000E-30  4.386354E-26  1.725858E-25  8.315570E-23  6.396279E-21  1.254837E-11  2.744733E-12  4.381874E-11
    471  4.828178172001E-01  1.000000E-30  5.971221E-26  2.370200E-25  1.134154E-22  8.803595E-21  1.287196E-11  2.823374E-12  4.499118E-11
    472  4.927188450138E-01  1.000000E-30  1.008304E-25  4.066221E-25  1.923686E-22  1.510489E-20  1.344195E-11  2.961601E-12  4.704501E-11
    473  5.000000000000E-01  1.000000E-30  1.483927E-25  6.058428E-25  2.843292E-22  2.243642E-20  1.388071E-11  3.067639E-12  4.861322E-11
