 *                                      
 * expansion:  temp0=  1.000E+10 den0=  3.000E+06 temp_stop=  1.000E+07
 *          time                hf200         hf201         hf202         hf203         hf204         hf205         hf206         hf207
      1  0.000000000000E+00  1.000000E-30  1.000000E-30  1.000000E-30  1.000000E-30  1.000000E-30  1.000000E-30  1.000000E-30  1.000000E-30
      2  1.000000000000E-16  1.000000E-30  1.000019E-30  1.000006E-30  1.000019E-30  1.000003E-30  1.000016E-30  1.000005E-30  1.000013E-30
      3  6.264265632874E-16  1.000000E-30  1.000119E-30  1.000040E-30  1.000119E-30  1.000021E-30  1.000099E-30  1.000033E-30  1.000079E-30
      4  2.206990590178E-15  1.000000E-30  1.000420E-30  1.000142E-30  1.000419E-30  1.000074E-30  1.000350E-30  1.000115E-30  1.000279E-30
      5  6.425069294186E-15  1.000000E-30  1.001221E-30  1.000413E-30  1.001217E-30  1.000215E-30  1.001016E-30  1.000333E-30  1.000810E-30
      6  1.724777641531E-14  1.000000E-30  1.003256E-30  1.001101E-30  1.003244E-30  1.000574E-30  1.002708E-30  1.000887E-30  1.002158E-30
      7  4.527785414179E-14  1.000000E-30  1.008402E-30  1.002838E-30  1.008360E-30  1.001478E-30  1.006973E-30  1.002280E-30  1.005551E-30
      8  1.231582592127E-13  1.000000E-30  1.021803E-30  1.007329E-30  1.021605E-30  1.003807E-30  1.017984E-30  1.005859E-30  1.014274E-30
      9  4.001734798240E-13  1.000000E-30  1.060291E-30  1.019953E-30  1.058938E-30  1.010278E-30  1.048747E-30  1.015685E-30  1.038313E-30
     10  1.150918682670E-12  1.000000E-30  1.117389E-30  1.037631E-30  1.111597E-30  1.019009E-30  1.091098E-30  1.028568E-30  1.070207E-30
     11  2.802808442389E-12  1.000000E-30  1.149908E-30  1.046504E-30  1.138660E-30  1.023596E-30  1.111755E-30  1.034728E-30  1.084570E-30
     12  6.912921996243E-12  1.000009E-30  1.154660E-30  1.047544E-30  1.141913E-30  1.023663E-30  1.114038E-30  1.034810E-30  1.085936E-30
     13  1.659368270033E-11  1.079405E-30  1.182670E-30  1.063240E-30  1.162911E-30  1.062213E-30  1.120045E-30  1.066824E-30  1.092289E-30
     14  1.134012897413E-10  1.000000E-30  1.000000E-30  1.000000E-30  1.000000E-30  1.000000E-30  1.000000E-30  1.000000E-30  1.000000E-30
     15  1.081477360150E-09  1.000000E-30  1.000000E-30  1.000000E-30  1.000000E-30  1.000000E-30  1.000000E-30  1.000000E-30  1.000000E-30
     16  1.076223806424E-08  1.000000E-30  1.000000E-30  1.000000E-30  1.000000E-30  1.000000E-30  1.000000E-30  1.000000E-30  1.000000E-30
     17  6.834096797002E-08  1.000000E-30  1.000000E-30  1.000000E-30  1.000000E-30  1.000000E-30  1.000000E-30  1.000000E-30  1.000000E-30
     18  2.542122411654E-07  1.000000E-30  1.000000E-30  1.000000E-30  1.000000E-30  1.000000E-30  1.000000E-30  1.000000E-30  1.000000E-30
     19  7.007518887657E-07  1.000000E-30  1.000000E-30  1.000000E-30  1.000000E-30  1.000000E-30  1.000000E-30  1.000000E-30  1.000000E-30
     20  1.724661805125E-06  1.000000E-30  1.000000E-30  1.000000E-30  1.000000E-30  1.000000E-30  1.000000E-30  1.000000E-30  1.000000E-30
     21  4.267664185819E-06  1.000000E-30  1.000000E-30  1.000000E-30  1.000000E-30  1.000000E-30  1.000000E-30  1.000000E-30  1.000000E-30
     22  1.786211798807E-05  1.000000E-30  1.000000E-30  1.000000E-30  1.000000E-30  1.000000E-30  1.000000E-30  1.000000E-30  1.000000E-30
     23  6.929007850093E-05  1.000000E-30  1.000000E-30  1.000000E-30  1.000000E-30  1.000000E-30  1.000000E-30  1.000000E-30  1.000000E-30
     24  5.835696836295E-04  1.000000E-30  1.000000E-30  1.000000E-30  1.000000E-30  1.000000E-30  1.000000E-30  1.000000E-30  1.000000E-30
     25  1.496090518789E-03  1.000000E-30  1.000000E-30  1.000000E-30  1.000000E-30  1.000000E-30  1.000000E-30  1.000000E-30  1.000000E-30
     26  2.379765156362E-03  1.000000E-30  1.000000E-30  1.000000E-30  1.000000E-30  1.000000E-30  1.000000E-30  1.000000E-30  1.000000E-30
     27  3.772948503579E-03  1.000000E-30  1.000000E-30  1.000000E-30  1.000000E-30  1.000000E-30  1.000000E-30  1.000000E-30  1.000000E-30
     28  4.957278025650E-03  1.000000E-30  1.000000E-30  1.000000E-30  1.000000E-30  1.000000E-30  1.000000E-30  1.000000E-30  1.000000E-30
     29  5.758110286319E-03  1.000000E-30  1.000000E-30  1.000000E-30  1.000000E-30  1.000000E-30  1.000000E-30  1.000000E-30  1.000000E-30
     30  6.636115041812E-03  1.000000E-30  1.000000E-30  1.000000E-30  1.000000E-30  1.000000E-30  1.000000E-30  1.000000E-30  1.000000E-30
     31  7.490864585256E-03  1.000000E-30  1.000000E-30  1.000000E-30  1.000000E-30  1.000000E-30  1.000000E-30  1.000000E-30  1.000000E-30
     32  8.026631019591E-03  1.000000E-30  1.000000E-30  1.000000E-30  1.000000E-30  1.000000E-30  1.000000E-30  1.000000E-30  1.000000E-30
     33  8.451616658664E-03  1.000000E-30  1.000000E-30  1.000000E-30  1.000000E-30  1.000000E-30  1.000000E-30  1.000000E-30  1.000000E-30
     34  9.803471762980E-03  1.000000E-30  1.000000E-30  1.000000E-30  1.000000E-30  1.000000E-30  1.000000E-30  1.000000E-30  1.000000E-30
     35  1.116687552369E-02  1.000000E-30  1.000000E-30  1.000000E-30  1.000000E-30  1.000000E-30  1.000000E-30  1.000000E-30  1.000000E-30
     36  1.219012310682E-02  1.000000E-30  1.000000E-30  1.000000E-30  1.000000E-30  1.000000E-30  1.000000E-30  1.000000E-30  1.000000E-30
     37  1.314647137106E-02  1.000000E-30  1.000000E-30  1.000000E-30  1.000000E-30  1.000000E-30  1.000000E-30  1.000000E-30  1.000000E-30
     38  1.431720408173E-02  1.000000E-30  1.000000E-30  1.000000E-30  1.000000E-30  1.000000E-30  1.000000E-30  1.000000E-30  1.000000E-30
     39  1.545287753035E-02  1.000000E-30  1.000000E-30  1.000000E-30  1.000000E-30  1.000000E-30  1.000000E-30  1.000000E-30  1.000000E-30
     40  1.716820108076E-02  1.000000E-30  1.000000E-30  1.000000E-30  1.000000E-30  1.000000E-30  1.000000E-30  1.000000E-30  1.000000E-30
     41  1.871872199221E-02  1.000000E-30  1.000000E-30  1.000000E-30  1.000000E-30  1.000000E-30  1.000000E-30  1.000000E-30  1.000000E-30
     42  2.131412024987E-02  1.000000E-30  1.000000E-30  1.000000E-30  1.000000E-30  1.000000E-30  1.000000E-30  1.000000E-30  1.000000E-30
     43  2.288535686070E-02  1.000000E-30  1.000000E-30  1.000000E-30  1.000000E-30  1.000000E-30  1.000000E-30  1.000000E-30  1.000000E-30
     44  2.437102778700E-02  1.000000E-30  1.000000E-30  1.000000E-30  1.000000E-30  1.000000E-30  1.000000E-30  1.000000E-30  1.000000E-30
     45  2.666254430666E-02  1.000000E-30  1.000000E-30  1.000000E-30  1.000000E-30  1.000000E-30  1.000000E-30  1.000000E-30  1.000000E-30
     46  2.807329513827E-02  1.000000E-30  1.000000E-30  1.000000E-30  1.000000E-30  1.000000E-30  1.000000E-30  1.000000E-30  1.000000E-30
     47  2.946719119355E-02  1.000000E-30  1.000000E-30  1.000000E-30  1.000000E-30  1.000000E-30  1.000000E-30  1.000000E-30  1.000000E-30
     48  2.982466835475E-02  1.000000E-30  1.000000E-30  1.000000E-30  1.000000E-30  1.000000E-30  1.000000E-30  1.000000E-30  1.000000E-30
     49  3.017238950627E-02  1.000000E-30  1.000000E-30  1.000000E-30  1.000000E-30  1.000000E-30  1.000000E-30  1.000000E-30  1.000000E-30
     50  3.052509122072E-02  1.000000E-30  1.000000E-30  1.000000E-30  1.000000E-30  1.000000E-30  1.000000E-30  1.000000E-30  1.000000E-30
     51  3.066477686677E-02  1.000000E-30  1.000000E-30  1.000000E-30  1.000000E-30  1.000000E-30  1.000000E-30  1.000000E-30  1.000000E-30
     52  3.080037159611E-02  1.000000E-30  1.000000E-30  1.000000E-30  1.000000E-30  1.000000E-30  1.000000E-30  1.000000E-30  1.000000E-30
     53  3.111325257314E-02  1.000000E-30  1.000000E-30  1.000000E-30  1.000000E-30  1.000000E-30  1.000000E-30  1.000000E-30  1.000000E-30
     54  3.147800645819E-02  1.000000E-30  1.000000E-30  1.000000E-30  1.000000E-30  1.000000E-30  1.000000E-30  1.000000E-30  1.000000E-30
     55  3.181357346897E-02  1.000000E-30  1.000000E-30  1.000000E-30  1.000000E-30  1.000000E-30  1.000000E-30  1.000000E-30  1.000000E-30
     56  3.217197145871E-02  1.000000E-30  1.000000E-30  1.000000E-30  1.000000E-30  1.000000E-30  1.000000E-30  1.000000E-30  1.000000E-30
     57  3.249951277145E-02  1.000000E-30  1.000000E-30  1.000000E-30  1.000000E-30  1.000000E-30  1.000000E-30  1.000000E-30  1.000000E-30
     58  3.262595809504E-02  1.000000E-30  1.000000E-30  1.000000E-30  1.000000E-30  1.000000E-30  1.000000E-30  1.000000E-30  1.000000E-30
     59  3.272641576722E-02  1.000000E-30  1.000000E-30  1.000000E-30  1.000000E-30  1.000000E-30  1.000000E-30  1.000000E-30  1.000000E-30
     60  3.304841700500E-02  1.000000E-30  1.000000E-30  1.000000E-30  1.000000E-30  1.000000E-30  1.000000E-30  1.000000E-30  1.000000E-30
     61  3.362823507679E-02  1.000000E-30  1.000000E-30  1.000000E-30  1.000000E-30  1.000000E-30  1.000000E-30  1.000000E-30  1.000000E-30
     62  3.417743618412E-02  1.000000E-30  1.000000E-30  1.000000E-30  1.000000E-30  1.000000E-30  1.000000E-30  1.000000E-30  1.000000E-30
     63  3.448472684867E-02  1.000000E-30  1.000000E-30  1.000000E-30  1.000000E-30  1.000000E-30  1.000000E-30  1.000000E-30  1.000000E-30
     64  3.459225947862E-02  1.000000E-30  1.000000E-30  1.000000E-30  1.000000E-30  1.000000E-30  1.000000E-30  1.000000E-30  1.000000E-30
     65  3.468161085917E-02  1.000000E-30  1.000000E-30  1.000000E-30  1.000000E-30  1.000000E-30  1.000000E-30  1.000000E-30  1.000000E-30
     66  3.501586344154E-02  1.000000E-30  1.000000E-30  1.000000E-30  1.000000E-30  1.000000E-30  1.000000E-30  1.000000E-30  1.000000E-30
     67  3.563385967804E-02  1.000000E-30  1.000000E-30  1.000000E-30  1.000000E-30  1.000000E-30  1.000000E-30  1.000000E-30  1.000000E-30
     68  3.619390900501E-02  1.000000E-30  1.000000E-30  1.000000E-30  1.000000E-30  1.000000E-30  1.000000E-30  1.000000E-30  1.000000E-30
     69  3.661379630041E-02  1.000000E-30  1.000000E-30  1.000000E-30  1.000000E-30  1.000000E-30  1.000000E-30  1.000000E-30  1.000000E-30
     70  3.704099468238E-02  1.000000E-30  1.000000E-30  1.000000E-30  1.000000E-30  1.000000E-30  1.000000E-30  1.000000E-30  1.000000E-30
     71  3.731378163516E-02  1.000000E-30  1.000000E-30  1.000000E-30  1.000000E-30  1.000000E-30  1.000000E-30  1.000000E-30  1.000000E-30
     72  3.757630769329E-02  1.000000E-30  1.000000E-30  1.000000E-30  1.000000E-30  1.000000E-30  1.000000E-30  1.000000E-30  1.000000E-30
     73  3.788075418501E-02  1.000000E-30  1.000000E-30  1.000000E-30  1.000000E-30  1.000000E-30  1.000000E-30  1.000000E-30  1.000000E-30
     74  3.819794660071E-02  1.000000E-30  1.000000E-30  1.000000E-30  1.000000E-30  1.000000E-30  1.000000E-30  1.000000E-30  1.000000E-30
     75  3.838080203158E-02  1.000000E-30  1.000000E-30  1.000000E-30  1.000000E-30  1.000000E-30  1.000000E-30  1.000000E-30  1.000000E-30
     76  3.859219912978E-02  1.000000E-30  1.000000E-30  1.000000E-30  1.000000E-30  1.000000E-30  1.000000E-30  1.000000E-30  1.000000E-30
     77  3.884096228080E-02  1.000000E-30  1.000000E-30  1.000000E-30  1.000000E-30  1.000000E-30  1.000000E-30  1.000000E-30  1.000000E-30
     78  3.907668434759E-02  1.000000E-30  1.000000E-30  1.000000E-30  1.000000E-30  1.000000E-30  1.000000E-30  1.000000E-30  1.000000E-30
     79  3.934936577490E-02  1.000000E-30  1.000000E-30  1.000000E-30  1.000000E-30  1.000000E-30  1.000000E-30  1.000000E-30  1.000000E-30
     80  3.961640452516E-02  1.000000E-30  1.000000E-30  1.000000E-30  1.000000E-30  1.000000E-30  1.000000E-30  1.000000E-30  1.000000E-30
     81  3.991996766101E-02  1.000000E-30  1.000000E-30  1.000000E-30  1.000000E-30  1.000000E-30  1.000000E-30  1.000000E-30  1.000000E-30
     82  4.019473378510E-02  1.000000E-30  1.000000E-30  1.000000E-30  1.000000E-30  1.000000E-30  1.000000E-30  1.000000E-30  1.000000E-30
     83  4.046928694587E-02  1.000000E-30  1.000000E-30  1.000000E-30  1.000000E-30  1.000000E-30  1.000000E-30  1.000000E-30  1.000000E-30
     84  4.074955599116E-02  1.000000E-30  1.000000E-30  1.000000E-30  1.000000E-30  1.000000E-30  1.000000E-30  1.000000E-30  1.000000E-30
     85  4.099011663524E-02  1.000000E-30  1.000000E-30  1.000000E-30  1.000000E-30  1.000000E-30  1.000000E-30  1.000000E-30  1.000000E-30
     86  4.118445936105E-02  1.000000E-30  1.000000E-30  1.000000E-30  1.000000E-30  1.000000E-30  1.000000E-30  1.000000E-30  1.000000E-30
     87  4.137235583218E-02  1.000000E-30  1.000000E-30  1.000000E-30  1.000000E-30  1.000000E-30  1.000000E-30  1.000000E-30  1.000000E-30
     88  4.152714488067E-02  1.000000E-30  1.000000E-30  1.000000E-30  1.000000E-30  1.000000E-30  1.000000E-30  1.000000E-30  1.000000E-30
     89  4.165981986900E-02  1.000000E-30  1.000000E-30  1.000000E-30  1.000000E-30  1.000000E-30  1.000000E-30  1.000000E-30  1.000000E-30
     90  4.188596337322E-02  1.000000E-30  1.000000E-30  1.000000E-30  1.000000E-30  1.000000E-30  1.000000E-30  1.000000E-30  1.000000E-30
     91  4.208159634323E-02  1.000000E-30  1.000000E-30  1.000000E-30  1.000000E-30  1.000000E-30  1.000000E-30  1.000000E-30  1.000000E-30
     92  4.230932596557E-02  1.000000E-30  1.000000E-30  1.000000E-30  1.000000E-30  1.000000E-30  1.000000E-30  1.000000E-30  1.000000E-30
     93  4.251598135750E-02  1.000000E-30  1.000000E-30  1.000000E-30  1.000000E-30  1.000000E-30  1.000000E-30  1.000000E-30  1.000000E-30
     94  4.274368410830E-02  1.000000E-30  1.000000E-30  1.000000E-30  1.000000E-30  1.000000E-30  1.000000E-30  1.000000E-30  1.000000E-30
     95  4.294191711445E-02  1.000000E-30  1.000000E-30  1.000000E-30  1.000000E-30  1.000000E-30  1.000000E-30  1.000000E-30  1.000000E-30
     96  4.316569238790E-02  1.000000E-30  1.000000E-30  1.000000E-30  1.000000E-30  1.000000E-30  1.000000E-30  1.000000E-30  1.000000E-30
     97  4.339365876136E-02  1.000000E-30  1.000000E-30  1.000000E-30  1.000000E-30  1.000000E-30  1.000000E-30  1.000000E-30  1.000000E-30
     98  4.362382833621E-02  1.000000E-30  1.000000E-30  1.000000E-30  1.000000E-30  1.000000E-30  1.000000E-30  1.000000E-30  1.000000E-30
     99  4.384703699487E-02  1.000000E-30  1.000000E-30  1.000000E-30  1.000000E-30  1.000000E-30  1.000000E-30  1.000000E-30  1.000000E-30
    100  4.408801045744E-02  1.000000E-30  1.000000E-30  1.000000E-30  1.000000E-30  1.000000E-30  1.000000E-30  1.000000E-30  1.000000E-30
    101  4.430336182063E-02  1.000000E-30  1.000000E-30  1.000000E-30  1.000000E-30  1.000000E-30  1.000000E-30  1.000000E-30  1.000000E-30
    102  4.453208602613E-02  1.000000E-30  1.000000E-30  1.000000E-30  1.000000E-30  1.000000E-30  1.000000E-30  1.000000E-30  1.000000E-30
    103  4.474836808964E-02  1.000000E-30  1.000000E-30  1.000000E-30  1.000000E-30  1.000000E-30  1.000000E-30  1.000000E-30  1.000000E-30
    104  4.497736119052E-02  1.000000E-30  1.000000E-30  1.000000E-30  1.000000E-30  1.000000E-30  1.000000E-30  1.000000E-30  1.000000E-30
    105  4.517199675598E-02  1.000000E-30  1.000000E-30  1.000000E-30  1.000000E-30  1.000000E-30  1.000000E-30  1.000000E-30  1.000000E-30
    106  4.536038532241E-02  1.000000E-30  1.000000E-30  1.000000E-30  1.000000E-30  1.000000E-30  1.000000E-30  1.000000E-30  1.000000E-30
    107  4.552484255766E-02  1.000000E-30  1.000000E-30  1.000000E-30  1.000000E-30  1.000000E-30  1.000000E-30  1.000000E-30  1.000000E-30
    108  4.581275722245E-02  1.000000E-30  1.000000E-30  1.000000E-30  1.000000E-30  1.000000E-30  1.000000E-30  1.000000E-30  1.000000E-30
    109  4.603616864208E-02  1.000000E-30  1.000000E-30  1.000000E-30  1.000000E-30  1.000000E-30  1.000000E-30  1.000000E-30  1.000000E-30
    110  4.624194314299E-02  1.000000E-30  1.000000E-30  1.000000E-30  1.000000E-30  1.000000E-30  1.000000E-30  1.000000E-30  1.000000E-30
    111  4.641297951594E-02  1.000000E-30  1.000000E-30  1.000000E-30  1.000000E-30  1.000000E-30  1.000000E-30  1.000000E-30  1.000000E-30
    112  4.656990459822E-02  1.000000E-30  1.000000E-30  1.000000E-30  1.000000E-30  1.000000E-30  1.000000E-30  1.000000E-30  1.000000E-30
    113  4.671253119976E-02  1.000000E-30  1.000000E-30  1.000000E-30  1.000000E-30  1.000000E-30  1.000000E-30  1.000000E-30  1.000000E-30
    114  4.684580987606E-02  1.000000E-30  1.000000E-30  1.000000E-30  1.000000E-30  1.000000E-30  1.000000E-30  1.000000E-30  1.000000E-30
    115  4.697520204195E-02  1.000000E-30  1.000000E-30  1.000000E-30  1.000000E-30  1.000000E-30  1.000000E-30  1.000000E-30  1.000000E-30
    116  4.709649788536E-02  1.000000E-30  1.000000E-30  1.000000E-30  1.000000E-30  1.000000E-30  1.000000E-30  1.000000E-30  1.000000E-30
    117  4.721637454993E-02  1.000000E-30  1.000000E-30  1.000000E-30  1.000000E-30  1.000000E-30  1.000000E-30  1.000000E-30  1.000000E-30
    118  4.732862910872E-02  1.000000E-30  1.000000E-30  1.000000E-30  1.000000E-30  1.000000E-30  1.000000E-30  1.000000E-30  1.000000E-30
    119  4.750539400184E-02  1.000000E-30  1.000000E-30  1.000000E-30  1.000000E-30  1.000000E-30  1.000000E-30  1.000000E-30  1.000000E-30
    120  4.767210524850E-02  1.000000E-30  1.000000E-30  1.000000E-30  1.000000E-30  1.000000E-30  1.000000E-30  1.000000E-30  1.000000E-30
    121  4.783406579930E-02  1.000000E-30  1.000000E-30  1.000000E-30  1.000000E-30  1.000000E-30  1.000000E-30  1.000000E-30  1.000000E-30
    122  4.799263518131E-02  1.000000E-30  1.000000E-30  1.000000E-30  1.000000E-30  1.000000E-30  1.000000E-30  1.000000E-30  1.000000E-30
    123  4.815339657435E-02  1.000000E-30  1.000000E-30  1.000000E-30  1.000000E-30  1.000000E-30  1.000000E-30  1.000000E-30  1.000000E-30
    124  4.832264594384E-02  1.000000E-30  1.000000E-30  1.000000E-30  1.000000E-30  1.000000E-30  1.000000E-30  1.000000E-30  1.000000E-30
    125  4.849826454798E-02  1.000000E-30  1.000000E-30  1.000000E-30  1.000000E-30  1.000000E-30  1.000000E-30  1.000000E-30  1.000000E-30
    126  4.867786870736E-02  1.000000E-30  1.000000E-30  1.000000E-30  1.000000E-30  1.000000E-30  1.000000E-30  1.000000E-30  1.000000E-30
    127  4.885872256535E-02  1.000000E-30  1.000000E-30  1.000000E-30  1.000000E-30  1.000000E-30  1.000000E-30  1.000000E-30  1.000000E-30
    128  4.903755607841E-02  1.000000E-30  1.000000E-30  1.000000E-30  1.000000E-30  1.000000E-30  1.000000E-30  1.000000E-30  1.000000E-30
    129  4.921259737621E-02  1.000000E-30  1.000000E-30  1.000000E-30  1.000000E-30  1.000000E-30  1.000000E-30  1.000000E-30  1.000000E-30
    130  4.938368810460E-02  1.000000E-30  1.000000E-30  1.000000E-30  1.000000E-30  1.000000E-30  1.000000E-30  1.000000E-30  1.000000E-30
    131  4.955132280349E-02  1.000000E-30  1.000000E-30  1.000000E-30  1.000000E-30  1.000000E-30  1.000000E-30  1.000000E-30  1.000000E-30
    132  4.971624312404E-02  1.000000E-30  1.000000E-30  1.000000E-30  1.000000E-30  1.000000E-30  1.000000E-30  1.000000E-30  1.000000E-30
    133  4.987811857735E-02  1.000000E-30  1.000000E-30  1.000000E-30  1.000000E-30  1.000000E-30  1.000000E-30  1.000000E-30  1.000000E-30
    134  5.003799836445E-02  1.000000E-30  1.000000E-30  1.000000E-30  1.000000E-30  1.000000E-30  1.000000E-30  1.000000E-30  1.000000E-30
    135  5.019682549602E-02  1.000000E-30  1.000000E-30  1.000000E-30  1.000000E-30  1.000000E-30  1.000000E-30  1.000000E-30  1.000000E-30
    136  5.035511419132E-02  1.000000E-30  1.000000E-30  1.000000E-30  1.000000E-30  1.000000E-30  1.000000E-30  1.000000E-30  1.000000E-30
    137  5.051299755300E-02  1.000000E-30  1.000000E-30  1.000000E-30  1.000000E-30  1.000000E-30  1.000000E-30  1.000000E-30  1.000000E-30
    138  5.067010535678E-02  1.000000E-30  1.000000E-30  1.000000E-30  1.000000E-30  1.000000E-30  1.000000E-30  1.000000E-30  1.000000E-30
    139  5.082726902819E-02  1.000000E-30  1.000000E-30  1.000000E-30  1.000000E-30  1.000000E-30  1.000000E-30  1.000000E-30  1.000000E-30
    140  5.098506829486E-02  1.000000E-30  1.000000E-30  1.000000E-30  1.000000E-30  1.000000E-30  1.000000E-30  1.000000E-30  1.000000E-30
    141  5.114361869269E-02  1.000000E-30  1.000000E-30  1.000000E-30  1.000000E-30  1.000000E-30  1.000000E-30  1.000000E-30  1.000000E-30
    142  5.130328078870E-02  1.000000E-30  1.000000E-30  1.000000E-30  1.000000E-30  1.000000E-30  1.000000E-30  1.000000E-30  1.000000E-30
    143  5.146205644840E-02  1.000000E-30  1.000000E-30  1.000000E-30  1.000000E-30  1.000000E-30  1.000000E-30  1.000000E-30  1.000000E-30
    144  5.162089365231E-02  1.000000E-30  1.000000E-30  1.000000E-30  1.000000E-30  1.000000E-30  1.000000E-30  1.000000E-30  1.000000E-30
    145  5.177902725711E-02  1.000000E-30  1.000000E-30  1.000000E-30  1.000000E-30  1.000000E-30  1.000000E-30  1.000000E-30  1.000000E-30
    146  5.193558292952E-02  1.000000E-30  1.000000E-30  1.000000E-30  1.000000E-30  1.000000E-30  1.000000E-30  1.000000E-30  1.000000E-30
    147  5.207655208218E-02  1.000000E-30  1.000000E-30  1.000000E-30  1.000000E-30  1.000000E-30  1.000000E-30  1.000000E-30  1.000000E-30
    148  5.220437120847E-02  1.000000E-30  1.000000E-30  1.000000E-30  1.000000E-30  1.000000E-30  1.000000E-30  1.000000E-30  1.000000E-30
    149  5.240275279905E-02  1.000000E-30  1.000000E-30  1.000000E-30  1.000000E-30  1.000000E-30  1.000000E-30  1.000000E-30  1.000000E-30
    150  5.258707116153E-02  1.000000E-30  1.000000E-30  1.000000E-30  1.000000E-30  1.000000E-30  1.000000E-30  1.000000E-30  1.000000E-30
    151  5.276353482958E-02  1.000000E-30  1.000000E-30  1.000000E-30  1.000000E-30  1.000000E-30  1.000000E-30  1.000000E-30  1.000000E-30
    152  5.293536770993E-02  1.000000E-30  1.000000E-30  1.000000E-30  1.000000E-30  1.000000E-30  1.000000E-30  1.000000E-30  1.000000E-30
    153  5.310288915571E-02  1.000000E-30  1.000000E-30  1.000000E-30  1.000000E-30  1.000000E-30  1.000000E-30  1.000000E-30  1.000000E-30
    154  5.325369291828E-02  1.000000E-30  1.000000E-30  1.000000E-30  1.000000E-30  1.000000E-30  1.000000E-30  1.000000E-30  1.000000E-30
    155  5.339308966526E-02  1.000000E-30  1.000000E-30  1.000000E-30  1.000000E-30  1.000000E-30  1.000000E-30  1.000000E-30  1.000000E-30
    156  5.362726198018E-02  1.000000E-30  1.000000E-30  1.000000E-30  1.000000E-30  1.000000E-30  1.000000E-30  1.000000E-30  1.000000E-30
    157  5.383816121000E-02  1.000000E-30  1.000000E-30  1.000000E-30  1.000000E-30  1.000000E-30  1.000000E-30  1.000000E-30  1.000000E-30
    158  5.403768730975E-02  1.000000E-30  1.000000E-30  1.000000E-30  1.000000E-30  1.000000E-30  1.000000E-30  1.000000E-30  1.000000E-30
    159  5.422986619970E-02  1.000000E-30  1.000000E-30  1.000000E-30  1.000000E-30  1.000000E-30  1.000000E-30  1.000000E-30  1.000000E-30
    160  5.440569294967E-02  1.000000E-30  1.000000E-30  1.000000E-30  1.000000E-30  1.000000E-30  1.000000E-30  1.000000E-30  1.000000E-30
    161  5.456994612052E-02  1.000000E-30  1.000000E-30  1.000000E-30  1.000000E-30  1.000000E-30  1.000000E-30  1.000000E-30  1.000000E-30
    162  5.485681963417E-02  1.000000E-30  1.000000E-30  1.000000E-30  1.000000E-30  1.000000E-30  1.000000E-30  1.000000E-30  1.000000E-30
    163  5.511708850657E-02  1.000000E-30  1.000000E-30  1.000000E-30  1.000000E-30  1.000000E-30  1.000000E-30  1.000000E-30  1.000000E-30
    164  5.536560227933E-02  1.000000E-30  1.000000E-30  1.000000E-30  1.000000E-30  1.000000E-30  1.000000E-30  1.000000E-30  1.000000E-30
    165  5.559867087093E-02  1.000000E-30  1.000000E-30  1.000000E-30  1.000000E-30  1.000000E-30  1.000000E-30  1.000000E-30  1.000000E-30
    166  5.582344501454E-02  1.000000E-30  1.000000E-30  1.000000E-30  1.000000E-30  1.000000E-30  1.000000E-30  1.000000E-30  1.000000E-30
    167  5.608267729631E-02  1.000000E-30  1.000000E-30  1.000000E-30  1.000000E-30  1.000000E-30  1.000000E-30  1.000000E-30  1.000000E-30
    168  5.632179590432E-02  1.000000E-30  1.000000E-30  1.000000E-30  1.000000E-30  1.000000E-30  1.000000E-30  1.000000E-30  1.000000E-30
    169  5.658568452696E-02  1.000000E-30  1.000000E-30  1.000000E-30  1.000000E-30  1.000000E-30  1.000000E-30  1.000000E-30  1.000000E-30
    170  5.682194908758E-02  1.000000E-30  1.000000E-30  1.000000E-30  1.000000E-30  1.000000E-30  1.000000E-30  1.000000E-30  1.000000E-30
    171  5.707748662895E-02  1.000000E-30  1.000000E-30  1.000000E-30  1.000000E-30  1.000000E-30  1.000000E-30  1.000000E-30  1.000000E-30
    172  5.730159219632E-02  1.000000E-30  1.000000E-30  1.000000E-30  1.000000E-30  1.000000E-30  1.000000E-30  1.000000E-30  1.000000E-30
    173  5.769211250520E-02  1.000000E-30  1.000000E-30  1.000000E-30  1.000000E-30  1.000000E-30  1.000000E-30  1.000000E-30  1.000000E-30
    174  5.804755660481E-02  1.000000E-30  1.000000E-30  1.000000E-30  1.000000E-30  1.000000E-30  1.000000E-30  1.000000E-30  1.000000E-30
    175  5.837706807704E-02  1.000000E-30  1.000000E-30  1.000000E-30  1.000000E-30  1.000000E-30  1.000000E-30  1.000000E-30  1.000000E-30
    176  5.868213309337E-02  1.000000E-30  1.000000E-30  1.000000E-30  1.000000E-30  1.000000E-30  1.000000E-30  1.000000E-30  1.000000E-30
    177  5.897372529375E-02  1.000000E-30  1.000000E-30  1.000000E-30  1.000000E-30  1.000000E-30  1.000000E-30  1.000000E-30  1.000000E-30
    178  5.927019313219E-02  1.000000E-30  1.000000E-30  1.000000E-30  1.000000E-30  1.000000E-30  1.000000E-30  1.000000E-30  1.000000E-30
    179  5.955970264735E-02  1.000000E-30  1.000000E-30  1.000000E-30  1.000000E-30  1.000000E-30  1.000000E-30  1.000000E-30  1.000000E-30
    180  5.987296131417E-02  1.000000E-30  1.000000E-30  1.000000E-30  1.000000E-30  1.000000E-30  1.000000E-30  1.000000E-30  1.000000E-30
    181  6.018239261751E-02  1.000000E-30  1.000000E-30  1.000000E-30  1.000000E-30  1.000000E-30  1.000000E-30  1.000000E-30  1.000000E-30
    182  6.051941164510E-02  1.000000E-30  1.000000E-30  1.000000E-30  1.000000E-30  1.000000E-30  1.000000E-30  1.000000E-30  1.000000E-30
    183  6.081686890997E-02  1.000000E-30  1.000000E-30  1.000000E-30  1.000000E-30  1.000000E-30  1.000000E-30  1.000000E-30  1.000000E-30
    184  6.107970107709E-02  1.000000E-30  1.000000E-30  1.000000E-30  1.000000E-30  1.000000E-30  1.000000E-30  1.000000E-30  1.000000E-30
    185  6.149099227918E-02  1.000000E-30  1.000000E-30  1.000000E-30  1.000000E-30  1.000000E-30  1.000000E-30  1.000000E-30  1.000000E-30
    186  6.184187848266E-02  1.000000E-30  1.000000E-30  1.000000E-30  1.000000E-30  1.000000E-30  1.000000E-30  1.000000E-30  1.000000E-30
    187  6.212841772032E-02  1.000000E-30  1.000000E-30  1.000000E-30  1.000000E-30  1.000000E-30  1.000000E-30  1.000000E-30  1.000000E-30
    188  6.241083345826E-02  1.000000E-30  1.000000E-30  1.000000E-30  1.000000E-30  1.000000E-30  1.000000E-30  1.000000E-30  1.000000E-30
    189  6.286334795077E-02  1.000000E-30  1.000000E-30  1.000000E-30  1.000000E-30  1.000000E-30  1.000000E-30  1.000000E-30  1.000000E-30
    190  6.324448148531E-02  1.000000E-30  1.000000E-30  1.000000E-30  1.000000E-30  1.000000E-30  1.000000E-30  1.000000E-30  1.000000E-30
    191  6.354755735680E-02  1.000000E-30  1.000000E-30  1.000000E-30  1.000000E-30  1.000000E-30  1.000000E-30  1.000000E-30  1.000000E-30
    192  6.382753282149E-02  1.000000E-30  1.000000E-30  1.000000E-30  1.000000E-30  1.000000E-30  1.000000E-30  1.000000E-30  1.000000E-30
    193  6.429792763326E-02  1.000000E-30  1.000000E-30  1.000000E-30  1.000000E-30  1.000000E-30  1.000000E-30  1.000000E-30  1.000000E-30
    194  6.470641913937E-02  1.000000E-30  1.000000E-30  1.000000E-30  1.000000E-30  1.000000E-30  1.000000E-30  1.000000E-30  1.000000E-30
    195  6.514351188605E-02  1.000000E-30  1.000000E-30  1.000000E-30  1.000000E-30  1.000000E-30  1.000000E-30  1.000000E-30  1.000000E-30
    196  6.551961572666E-02  1.000000E-30  1.000000E-30  1.000000E-30  1.000000E-30  1.000000E-30  1.000000E-30  1.000000E-30  1.000000E-30
    197  6.614173306661E-02  1.000000E-30  1.000000E-30  1.000000E-30  1.000000E-30  1.000000E-30  1.000000E-30  1.000000E-30  1.000000E-30
    198  6.666431851744E-02  1.000000E-30  1.000000E-30  1.000000E-30  1.000000E-30  1.000000E-30  1.000000E-30  1.000000E-30  1.000000E-30
    199  6.714973898932E-02  1.000000E-30  1.000000E-30  1.000000E-30  1.000000E-30  1.000000E-30  1.000000E-30  1.000000E-30  1.000000E-30
    200  6.763365269933E-02  1.000000E-30  1.000000E-30  1.000000E-30  1.000000E-30  1.000000E-30  1.000000E-30  1.000000E-30  1.000000E-30
    201  6.810748363549E-02  1.000000E-30  1.000000E-30  1.000000E-30  1.000000E-30  1.000000E-30  1.000000E-30  1.000000E-30  1.000000E-30
    202  6.886988901479E-02  1.000000E-30  1.000000E-30  1.000000E-30  1.000000E-30  1.000000E-30  1.000000E-30  1.000000E-30  1.000000E-30
    203  6.932442343830E-02  1.000000E-30  1.000000E-30  1.000000E-30  1.000000E-30  1.000000E-30  1.000000E-30  1.000000E-30  1.000000E-30
    204  6.977291475786E-02  1.000000E-30  1.000000E-30  1.000000E-30  1.000000E-30  1.000000E-30  1.000000E-30  1.000000E-30  1.000000E-30
    205  7.051837306122E-02  1.000000E-30  1.000000E-30  1.000000E-30  1.000000E-30  1.000000E-30  1.000000E-30  1.000000E-30  1.000000E-30
    206  7.120724846930E-02  1.000000E-30  1.000000E-30  1.000000E-30  1.000000E-30  1.000000E-30  1.000000E-30  1.000000E-30  1.000000E-30
    207  7.185571854523E-02  1.000000E-30  1.000000E-30  1.000000E-30  1.000000E-30  1.000000E-30  1.000000E-30  1.000000E-30  1.000000E-30
    208  7.250556240022E-02  1.000000E-30  1.000000E-30  1.000000E-30  1.000000E-30  1.000000E-30  1.000000E-30  1.000000E-30  1.000000E-30
    209  7.308358088908E-02  1.000000E-30  1.000000E-30  1.000000E-30  1.000000E-30  1.000000E-30  1.000000E-30  1.000000E-30  1.000000E-30
    210  7.365083251161E-02  1.000000E-30  1.000000E-30  1.000000E-30  1.000000E-30  1.000000E-30  1.000000E-30  1.000000E-30  1.000000E-30
    211  7.420607479025E-02  1.000000E-30  1.000000E-30  1.000000E-30  1.000000E-30  1.000000E-30  1.000000E-30  1.000000E-30  1.000000E-30
    212  7.477269193766E-02  1.000000E-30  1.000000E-30  1.000000E-30  1.000000E-30  1.000000E-30  1.000000E-30  1.000000E-30  1.000000E-30
    213  7.532671922740E-02  1.000000E-30  1.000000E-30  1.000000E-30  1.000000E-30  1.000000E-30  1.000000E-30  1.000000E-30  1.000000E-30
    214  7.590819975934E-02  1.000000E-30  1.000000E-30  1.000000E-30  1.000000E-30  1.000000E-30  1.000000E-30  1.000000E-30  1.000000E-30
    215  7.648106882397E-02  1.000000E-30  1.000000E-30  1.000000E-30  1.000000E-30  1.000000E-30  1.000000E-30  1.000000E-30  1.000000E-30
    216  7.706864365518E-02  1.000000E-30  1.000000E-30  1.000000E-30  1.000000E-30  1.000000E-30  1.000000E-30  1.000000E-30  1.000000E-30
    217  7.765097184480E-02  1.000000E-30  1.000000E-30  1.000000E-30  1.000000E-30  1.000000E-30  1.000000E-30  1.000000E-30  1.000000E-30
    218  7.824188421090E-02  1.000000E-30  1.000000E-30  1.000000E-30  1.000000E-30  1.000000E-30  1.000000E-30  1.000000E-30  1.000000E-30
    219  7.883216312169E-02  1.000000E-30  1.000000E-30  1.000000E-30  1.000000E-30  1.000000E-30  1.000000E-30  1.000000E-30  1.000000E-30
    220  7.934760137230E-02  1.000000E-30  1.000000E-30  1.000000E-30  1.000000E-30  1.000000E-30  1.000000E-30  1.000000E-30  1.000000E-30
    221  7.991019390762E-02  1.000000E-30  1.000000E-30  1.000000E-30  1.000000E-30  1.000000E-30  1.000000E-30  1.000000E-30  1.000000E-30
    222  8.044081450283E-02  1.000000E-30  1.000000E-30  1.000000E-30  1.000000E-30  1.000000E-30  1.000000E-30  1.000000E-30  1.000000E-30
    223  8.103419684334E-02  1.000000E-30  1.000000E-30  1.000000E-30  1.000000E-30  1.000000E-30  1.000000E-30  1.000000E-30  1.000000E-30
    224  8.158988408622E-02  1.000000E-30  1.000000E-30  1.000000E-30  1.000000E-30  1.000000E-30  1.000000E-30  1.000000E-30  1.000000E-30
    225  8.219791245697E-02  1.000000E-30  1.000000E-30  1.000000E-30  1.000000E-30  1.000000E-30  1.000000E-30  1.000000E-30  1.000000E-30
    226  8.273529679330E-02  1.000000E-30  1.000000E-30  1.000000E-30  1.000000E-30  1.000000E-30  1.000000E-30  1.000000E-30  1.000000E-30
    227  8.327310875316E-02  1.000000E-30  1.000000E-30  1.000000E-30  1.000000E-30  1.000000E-30  1.000000E-30  1.000000E-30  1.000000E-30
    228  8.381967664174E-02  1.000000E-30  1.000000E-30  1.000000E-30  1.000000E-30  1.000000E-30  1.000000E-30  1.000000E-30  1.000000E-30
    229  8.442137901789E-02  1.000000E-30  1.000000E-30  1.000000E-30  1.000000E-30  1.000000E-30  1.000000E-30  1.000000E-30  1.000000E-30
    230  8.496109010092E-02  1.000000E-30  1.000000E-30  1.000000E-30  1.000000E-30  1.000000E-30  1.000000E-30  1.000000E-30  1.000000E-30
    231  8.556251684447E-02  1.000000E-30  1.000000E-30  1.000000E-30  1.000000E-30  1.000000E-30  1.000000E-30  1.000000E-30  1.000000E-30
    232  8.609514523980E-02  1.000000E-30  1.000000E-30  1.000000E-30  1.000000E-30  1.000000E-30  1.000000E-30  1.000000E-30  1.000000E-30
    233  8.668730402486E-02  1.000000E-30  1.000000E-30  1.000000E-30  1.000000E-30  1.000000E-30  1.000000E-30  1.000000E-30  1.000000E-30
    234  8.725638446658E-02  1.000000E-30  1.000000E-30  1.000000E-30  1.000000E-30  1.000000E-30  1.000000E-30  1.000000E-30  1.000000E-30
    235  8.784892152766E-02  1.000000E-30  1.000000E-30  1.000000E-30  1.000000E-30  1.000000E-30  1.000000E-30  1.000000E-30  1.000000E-30
    236  8.837914431516E-02  1.000000E-30  1.000000E-30  1.000000E-30  1.000000E-30  1.000000E-30  1.000000E-30  1.000000E-30  1.000000E-30
    237  8.927467123273E-02  1.000000E-30  1.000000E-30  1.000000E-30  1.000000E-30  1.000000E-30  1.000000E-30  1.000000E-30  1.000000E-30
    238  9.009385267910E-02  1.000000E-30  1.000000E-30  1.000000E-30  1.000000E-30  1.000000E-30  1.000000E-30  1.000000E-30  1.000000E-30
    239  9.088007009323E-02  1.000000E-30  1.000000E-30  1.000000E-30  1.000000E-30  1.000000E-30  1.000000E-30  1.000000E-30  1.000000E-30
    240  9.160938796651E-02  1.000000E-30  1.000000E-30  1.000000E-30  1.000000E-30  1.000000E-30  1.000000E-30  1.000000E-30  1.000000E-30
    241  9.231864750676E-02  1.000000E-30  1.000000E-30  1.000000E-30  1.000000E-30  1.000000E-30  1.000000E-30  1.000000E-30  1.000000E-30
    242  9.335415502949E-02  1.000000E-30  1.000000E-30  1.000000E-30  1.000000E-30  1.000000E-30  1.000000E-30  1.000000E-30  1.000000E-30
    243  9.429165011748E-02  1.000000E-30  1.000000E-30  1.000000E-30  1.000000E-30  1.000000E-30  1.000000E-30  1.000000E-30  1.000000E-30
    244  9.514750284226E-02  1.000000E-30  1.000000E-30  1.000000E-30  1.000000E-30  1.000000E-30  1.000000E-30  1.000000E-30  1.000000E-30
    245  9.592869681963E-02  1.000000E-30  1.000000E-30  1.000000E-30  1.000000E-30  1.000000E-30  1.000000E-30  1.000000E-30  1.000000E-30
    246  9.638259128200E-02  1.000000E-30  1.000000E-30  1.000000E-30  1.000000E-30  1.000000E-30  1.000000E-30  1.000000E-30  1.000000E-30
    247  9.686466198075E-02  1.000000E-30  1.000000E-30  1.000000E-30  1.000000E-30  1.000000E-30  1.000000E-30  1.000000E-30  1.000000E-30
    248  9.745016881397E-02  1.000000E-30  1.000000E-30  1.000000E-30  1.000000E-30  1.000000E-30  1.000000E-30  1.000000E-30  1.000000E-30
    249  9.798964068785E-02  1.000000E-30  1.000000E-30  1.000000E-30  1.000000E-30  1.000000E-30  1.000000E-30  1.000000E-30  1.000000E-30
    250  9.892639389759E-02  1.000000E-30  1.000000E-30  1.000000E-30  1.000000E-30  1.000000E-30  1.000000E-30  1.000000E-30  1.000000E-30
    251  9.977784733458E-02  1.000000E-30  1.000000E-30  1.000000E-30  1.000000E-30  1.000000E-30  1.000000E-30  1.000000E-30  1.000000E-30
    252  1.005622893962E-01  1.000000E-30  1.000000E-30  1.000000E-30  1.000000E-30  1.000000E-30  1.000000E-30  1.000000E-30  1.000000E-30
    253  1.013070552067E-01  1.000000E-30  1.000000E-30  1.000000E-30  1.000000E-30  1.000000E-30  1.000000E-30  1.000000E-30  1.000000E-30
    254  1.019791947326E-01  1.000000E-30  1.000000E-30  1.000000E-30  1.000000E-30  1.000000E-30  1.000000E-30  1.000000E-30  1.000000E-30
    255  1.025982572428E-01  1.000000E-30  1.000000E-30  1.000000E-30  1.000000E-30  1.000000E-30  1.000000E-30  1.000000E-30  1.000000E-30
    256  1.032644197032E-01  1.000000E-30  1.000000E-30  1.000000E-30  1.000000E-30  1.000000E-30  1.000000E-30  1.000000E-30  1.000000E-30
    257  1.039121745974E-01  1.000000E-30  1.000000E-30  1.000000E-30  1.000000E-30  1.000000E-30  1.000000E-30  1.000000E-30  1.000000E-30
    258  1.045193471709E-01  1.000000E-30  1.000000E-30  1.000000E-30  1.000000E-30  1.000000E-30  1.000000E-30  1.000000E-30  1.000000E-30
    259  1.051181778144E-01  1.000000E-30  1.000000E-30  1.000000E-30  1.000000E-30  1.000000E-30  1.000000E-30  1.000000E-30  1.000000E-30
    260  1.056826419982E-01  1.000000E-30  1.000000E-30  1.000000E-30  1.000000E-30  1.000000E-30  1.000000E-30  1.000000E-30  1.000000E-30
    261  1.062431336111E-01  1.000000E-30  1.000000E-30  1.000000E-30  1.000000E-30  1.000000E-30  1.000000E-30  1.000000E-30  1.000000E-30
    262  1.068146627648E-01  1.000000E-30  1.000000E-30  1.000000E-30  1.000000E-30  1.000000E-30  1.000000E-30  1.000000E-30  1.000000E-30
    263  1.073656177930E-01  1.000000E-30  1.000000E-30  1.000000E-30  1.000000E-30  1.000000E-30  1.000000E-30  1.000000E-30  1.000000E-30
    264  1.079139362418E-01  1.000000E-30  1.000000E-30  1.000000E-30  1.000000E-30  1.000000E-30  1.000000E-30  1.000000E-30  1.000000E-30
    265  1.084202130578E-01  1.000000E-30  1.000000E-30  1.000000E-30  1.000000E-30  1.000000E-30  1.000000E-30  1.000000E-30  1.000000E-30
    266  1.089957947327E-01  1.000000E-30  1.000000E-30  1.000000E-30  1.000000E-30  1.000000E-30  1.000000E-30  1.000000E-30  1.000000E-30
    267  1.095139929398E-01  1.000000E-30  1.000000E-30  1.000000E-30  1.000000E-30  1.000000E-30  1.000000E-30  1.000000E-30  1.000000E-30
    268  1.100036617482E-01  1.000000E-30  1.000000E-30  1.000000E-30  1.000000E-30  1.000000E-30  1.000000E-30  1.000000E-30  1.000000E-30
    269  1.105581599754E-01  1.000000E-30  1.000000E-30  1.000000E-30  1.000000E-30  1.000000E-30  1.000000E-30  1.000000E-30  1.000000E-30
    270  1.111738162549E-01  1.000000E-30  1.000000E-30  1.000000E-30  1.000000E-30  1.000000E-30  1.000000E-30  1.000000E-30  1.000000E-30
    271  1.117276452796E-01  1.000000E-30  1.000000E-30  1.000000E-30  1.000000E-30  1.000000E-30  1.000000E-30  1.000000E-30  1.000000E-30
    272  1.122547306619E-01  1.000000E-30  1.000000E-30  1.000000E-30  1.000000E-30  1.000000E-30  1.000000E-30  1.000000E-30  1.000000E-30
    273  1.128196390807E-01  1.000000E-30  1.000000E-30  1.000000E-30  1.000000E-30  1.000000E-30  1.000000E-30  1.000000E-30  1.000000E-30
    274  1.134172103791E-01  1.000000E-30  1.000000E-30  1.000000E-30  1.000000E-30  1.000000E-30  1.000000E-30  1.000000E-30  1.000000E-30
    275  1.139661173569E-01  1.000000E-30  1.000000E-30  1.000000E-30  1.000000E-30  1.000000E-30  1.000000E-30  1.000000E-30  1.000000E-30
    276  1.145721141816E-01  1.000000E-30  1.000000E-30  1.000000E-30  1.000000E-30  1.000000E-30  1.000000E-30  1.000000E-30  1.000000E-30
    277  1.151138636995E-01  1.000000E-30  1.000000E-30  1.000000E-30  1.000000E-30  1.000000E-30  1.000000E-30  1.000000E-30  1.000000E-30
    278  1.160623872824E-01  1.000000E-30  1.000000E-30  1.000000E-30  1.000000E-30  1.000000E-30  1.000000E-30  1.000000E-30  1.000000E-30
    279  1.166131253687E-01  1.000000E-30  1.000000E-30  1.000000E-30  1.000000E-30  1.000000E-30  1.000000E-30  1.000000E-30  1.000000E-30
    280  1.171578902390E-01  1.000000E-30  1.000000E-30  1.000000E-30  1.000000E-30  1.000000E-30  1.000000E-30  1.000000E-30  1.000000E-30
    281  1.179966344325E-01  1.000000E-30  1.000000E-30  1.000000E-30  1.000000E-30  1.000000E-30  1.000000E-30  1.000000E-30  1.000000E-30
    282  1.184626561866E-01  1.000000E-30  1.000000E-30  1.000000E-30  1.000000E-30  1.000000E-30  1.000000E-30  1.000000E-30  1.000000E-30
    283  1.189221956404E-01  1.000000E-30  1.000000E-30  1.000000E-30  1.000000E-30  1.000000E-30  1.000000E-30  1.000000E-30  1.000000E-30
    284  1.197605220964E-01  1.000000E-30  1.000000E-30  1.000000E-30  1.000000E-30  1.000000E-30  1.000000E-30  1.000000E-30  1.000000E-30
    285  1.205341475296E-01  1.000000E-30  1.000000E-30  1.000000E-30  1.000000E-30  1.000000E-30  1.000000E-30  1.000000E-30  1.000000E-30
    286  1.212540834288E-01  1.000000E-30  1.000000E-30  1.000000E-30  1.000000E-30  1.000000E-30  1.000000E-30  1.000000E-30  1.000000E-30
    287  1.219299358624E-01  1.000000E-30  1.000000E-30  1.000000E-30  1.000000E-30  1.000000E-30  1.000000E-30  1.000000E-30  1.000000E-30
    288  1.225766858039E-01  1.000000E-30  1.000000E-30  1.000000E-30  1.000000E-30  1.000000E-30  1.000000E-30  1.000000E-30  1.000000E-30
    289  1.231854533608E-01  1.000000E-30  1.000000E-30  1.000000E-30  1.000000E-30  1.000000E-30  1.000000E-30  1.000000E-30  1.000000E-30
    290  1.237219182154E-01  1.000000E-30  1.000000E-30  1.000000E-30  1.000000E-30  1.000000E-30  1.000000E-30  1.000000E-30  1.000000E-30
    291  1.242404039059E-01  1.000000E-30  1.000000E-30  1.000000E-30  1.000000E-30  1.000000E-30  1.000000E-30  1.000000E-30  1.000000E-30
    292  1.248086455930E-01  1.000000E-30  1.000000E-30  1.000000E-30  1.000000E-30  1.000000E-30  1.000000E-30  1.000000E-30  1.000000E-30
    293  1.253177247642E-01  1.000000E-30  1.000000E-30  1.000000E-30  1.000000E-30  1.000000E-30  1.000000E-30  1.000000E-30  1.000000E-30
    294  1.258810647447E-01  1.000000E-30  1.000000E-30  1.000000E-30  1.000000E-30  1.000000E-30  1.000000E-30  1.000000E-30  1.000000E-30
    295  1.264205598797E-01  1.000000E-30  1.000000E-30  1.000000E-30  1.000000E-30  1.000000E-30  1.000000E-30  1.000000E-30  1.000000E-30
    296  1.270317883483E-01  1.000000E-30  1.000000E-30  1.000000E-30  1.000000E-30  1.000000E-30  1.000000E-30  1.000000E-30  1.000000E-30
    297  1.275757308169E-01  1.000000E-30  1.000000E-30  1.000000E-30  1.000000E-30  1.000000E-30  1.000000E-30  1.000000E-30  1.000000E-30
    298  1.286048671531E-01  1.000000E-30  1.000000E-30  1.000000E-30  1.000000E-30  1.000000E-30  1.000000E-30  1.000000E-30  1.000000E-30
    299  1.290949488661E-01  1.000000E-30  1.000000E-30  1.000000E-30  1.000000E-30  1.000000E-30  1.000000E-30  1.000000E-30  1.000000E-30
    300  1.295345101683E-01  1.160489E-27  1.000000E-30  1.000000E-30  1.000000E-30  1.000000E-30  1.000000E-30  1.000000E-30  1.000000E-30
    301  1.303954523490E-01  1.000000E-30  1.000000E-30  1.000000E-30  1.000000E-30  1.000000E-30  1.000000E-30  1.000000E-30  1.000000E-30
    302  1.308549873199E-01  2.194675E-27  1.863995E-30  1.000000E-30  1.000000E-30  1.000000E-30  1.000000E-30  1.000000E-30  1.000000E-30
    303  1.312776310019E-01  5.853237E-27  4.804944E-30  1.000000E-30  1.000000E-30  1.000000E-30  1.000000E-30  1.000000E-30  1.000000E-30
    304  1.320787884157E-01  1.000000E-30  1.000000E-30  1.000000E-30  1.000000E-30  1.000000E-30  1.000000E-30  1.000000E-30  1.000000E-30
    305  1.327308179063E-01  1.000000E-30  1.000000E-30  1.000000E-30  1.000000E-30  1.000000E-30  1.000000E-30  1.000000E-30  1.000000E-30
    306  1.333821207310E-01  1.000000E-30  1.000000E-30  1.000000E-30  1.000000E-30  1.000000E-30  1.000000E-30  1.000000E-30  1.000000E-30
    307  1.339749669338E-01  1.000000E-30  1.000000E-30  1.000000E-30  1.000000E-30  1.000000E-30  1.000000E-30  1.000000E-30  1.000000E-30
    308  1.345530840576E-01  2.676597E-27  2.414068E-30  1.000000E-30  1.000000E-30  1.000000E-30  1.000000E-30  1.000000E-30  1.000000E-30
    309  1.351098094661E-01  8.408585E-27  7.452292E-30  1.000000E-30  1.000000E-30  1.000000E-30  1.000000E-30  1.000000E-30  1.000000E-30
    310  1.359304916944E-01  1.000000E-30  1.000000E-30  1.000000E-30  1.000000E-30  1.000000E-30  1.000000E-30  1.000000E-30  1.000000E-30
    311  1.363572082699E-01  1.827578E-26  1.663062E-29  1.000000E-30  1.000000E-30  1.000000E-30  1.000000E-30  1.000000E-30  1.000000E-30
    312  1.367788244083E-01  4.030636E-26  3.707376E-29  1.333953E-30  1.000000E-30  1.000000E-30  1.000000E-30  1.000000E-30  1.000000E-30
    313  1.375777712339E-01  2.861322E-26  2.680999E-29  1.044273E-30  1.000000E-30  1.000000E-30  1.000000E-30  1.000000E-30  1.000000E-30
    314  1.380438267916E-01  5.891206E-26  5.581129E-29  2.275631E-30  1.000000E-30  1.000000E-30  1.000000E-30  1.000000E-30  1.000000E-30
    315  1.384690951451E-01  9.712991E-26  9.296326E-29  3.996807E-30  1.000000E-30  1.000000E-30  1.000000E-30  1.000000E-30  1.000000E-30
    316  1.391087445178E-01  1.304891E-25  1.268642E-28  5.918907E-30  1.000000E-30  1.000000E-30  1.000000E-30  1.000000E-30  1.000000E-30
    317  1.397002518981E-01  1.805736E-25  1.781750E-28  8.963731E-30  1.000000E-30  1.000000E-30  1.000000E-30  1.000000E-30  1.000000E-30
    318  1.402705851668E-01  2.466425E-25  2.469339E-28  1.336562E-29  1.000000E-30  1.000000E-30  1.000000E-30  1.000000E-30  1.000000E-30
    319  1.408634912375E-01  3.268323E-25  3.323044E-28  1.940998E-29  1.000000E-30  1.000000E-30  1.000000E-30  1.000000E-30  1.000000E-30
    320  1.414089642241E-01  4.301527E-25  4.437252E-28  2.782796E-29  1.000000E-30  1.000000E-30  1.000000E-30  1.000000E-30  1.000000E-30
    321  1.419220762512E-01  5.558456E-25  5.813743E-28  3.899154E-29  1.000000E-30  1.000000E-30  1.000000E-30  1.000000E-30  1.000000E-30
    322  1.422771704232E-01  6.855315E-25  7.240117E-28  5.088695E-29  1.000000E-30  1.000000E-30  1.000000E-30  1.000000E-30  1.000000E-30
    323  1.426029315631E-01  8.248552E-25  8.790349E-28  6.450099E-29  1.000000E-30  1.000000E-30  1.000000E-30  1.000000E-30  1.000000E-30
    324  1.430135230101E-01  1.006709E-24  1.085221E-27  8.409663E-29  1.000000E-30  1.000000E-30  1.000000E-30  1.000000E-30  1.000000E-30
    325  1.434683796643E-01  1.229388E-24  1.342458E-27  1.105353E-28  1.000000E-30  1.000000E-30  1.000000E-30  1.000000E-30  1.000000E-30
    326  1.440315208021E-01  1.519609E-24  1.686483E-27  1.497547E-28  1.000000E-30  1.000000E-30  1.000000E-30  1.000000E-30  1.000000E-30
    327  1.445490332405E-01  1.855512E-24  2.090667E-27  1.990608E-28  1.000000E-30  1.000000E-30  1.000000E-30  1.000000E-30  1.000000E-30
    328  1.451370980342E-01  2.281587E-24  2.616067E-27  2.697613E-28  1.003474E-30  1.000000E-30  1.000000E-30  1.000000E-30  1.000000E-30
    329  1.457052374241E-01  2.788285E-24  3.252430E-27  3.623809E-28  1.370599E-30  1.000000E-30  1.000000E-30  1.000000E-30  1.000000E-30
    330  1.463107957421E-01  3.422139E-24  4.066818E-27  4.923909E-28  1.896198E-30  1.000000E-30  1.000000E-30  1.000000E-30  1.000000E-30
    331  1.468752132891E-01  4.155806E-24  5.026654E-27  6.579067E-28  2.575812E-30  1.000000E-30  1.000000E-30  1.000000E-30  1.000000E-30
    332  1.475510939381E-01  5.131829E-24  6.342283E-27  9.117410E-28  3.642940E-30  1.000000E-30  1.000000E-30  1.000000E-30  1.000000E-30
    333  1.481899111058E-01  6.294697E-24  7.942427E-27  1.248456E-27  5.086998E-30  1.324612E-30  1.000000E-30  1.000000E-30  1.000000E-30
    334  1.491767377555E-01  8.048231E-24  1.049339E-26  1.895505E-27  7.963746E-30  2.404276E-30  1.000000E-30  1.000000E-30  1.000000E-30
    335  1.497116139607E-01  9.635820E-24  1.279352E-26  2.493345E-27  1.065318E-29  3.491806E-30  1.000000E-30  1.000000E-30  1.000000E-30
    336  1.502421520731E-01  1.148194E-23  1.552571E-26  3.264169E-27  1.418357E-29  5.042984E-30  1.000000E-30  1.000000E-30  1.000000E-30
    337  1.509052103900E-01  1.403515E-23  1.942384E-26  4.491895E-27  1.994031E-29  7.882331E-30  1.000000E-30  1.000000E-30  1.000000E-30
    338  1.515352476696E-01  1.698101E-23  2.403434E-26  6.087628E-27  2.758678E-29  1.207183E-29  1.000000E-30  1.000000E-30  1.000000E-30
    339  1.521327102765E-01  2.034184E-23  2.942102E-26  8.129225E-27  3.757567E-29  1.813485E-29  1.000000E-30  1.000000E-30  1.000000E-30
    340  1.526678407657E-01  2.392016E-23  3.528423E-26  1.054360E-26  4.961774E-29  2.612523E-29  1.000000E-30  1.000000E-30  1.000000E-30
    341  1.532481602429E-01  2.830930E-23  4.267325E-26  1.388738E-26  6.665414E-29  3.861859E-29  1.000000E-30  1.000000E-30  1.000000E-30
    342  1.535863948111E-01  3.143897E-23  4.800050E-26  1.642112E-26  7.973491E-29  4.886723E-29  1.000000E-30  1.000000E-30  1.000000E-30
    343  1.538995751697E-01  3.460693E-23  5.347164E-26  1.916361E-26  9.406298E-29  6.072761E-29  1.251780E-30  1.043634E-30  1.000000E-30
    344  1.546020187628E-01  4.160089E-23  6.604519E-26  2.628406E-26  1.322178E-28  9.604428E-29  2.054728E-30  1.933261E-30  1.000000E-30
    345  1.552062305672E-01  4.874984E-23  7.925230E-26  3.452999E-26  1.774547E-28  1.427388E-28  3.151979E-30  3.266898E-30  1.000000E-30
    346  1.557875935888E-01  5.657314E-23  9.412501E-26  4.477158E-26  2.349355E-28  2.086047E-28  4.750038E-30  5.404375E-30  1.000000E-30
    347  1.566447447202E-01  6.863215E-23  1.182249E-25  6.406202E-26  3.468167E-28  3.566698E-28  8.502580E-30  1.114279E-29  1.000000E-30
    348  1.574294426159E-01  8.150523E-23  1.450275E-25  8.861268E-26  4.938768E-28  5.816480E-28  1.446564E-29  2.159588E-29  1.000000E-30
    349  1.581710514975E-01  9.522334E-23  1.748054E-25  1.197776E-25  6.864677E-28  9.201973E-28  2.382825E-29  4.026471E-29  1.000000E-30
    350  1.588328903187E-01  1.088676E-22  2.055864E-25  1.561221E-25  9.176656E-28  1.381764E-27  3.710984E-29  7.018775E-29  1.213349E-30
    351  1.594606073659E-01  1.228524E-22  2.383963E-25  1.996953E-25  1.202638E-27  2.023436E-27  5.627315E-29  1.185698E-28  2.144995E-30
    352  1.600565792087E-01  1.370197E-22  2.729428E-25  2.511310E-25  1.548126E-27  2.896770E-27  8.329814E-29  1.946558E-28  3.640712E-30
    353  1.607059625219E-01  1.528609E-22  3.134336E-25  3.195851E-25  2.021529E-27  4.249485E-27  1.267633E-28  3.318048E-28  6.437199E-30
    354  1.613957576202E-01  1.701104E-22  3.598426E-25  4.094728E-25  2.662941E-27  6.339682E-27  1.967002E-28  5.813879E-28  1.173213E-29
    355  1.620398820205E-01  1.868155E-22  4.070119E-25  5.135781E-25  3.428771E-27  9.178457E-27  2.955287E-28  9.795039E-28  2.051074E-29
    356  1.627691861850E-01  2.054876E-22  4.631214E-25  6.572904E-25  4.522409E-27  1.383473E-26  4.647171E-28  1.755002E-27  3.833378E-29
    357  1.634667099868E-01  2.236143E-22  5.208220E-25  8.278460E-25  5.864756E-27  2.040457E-26  7.140006E-28  3.058113E-27  6.956854E-29
    358  1.645369737572E-01  2.481152E-22  6.083538E-25  1.152342E-24  8.544781E-27  3.628464E-26  1.352892E-27  7.043117E-27  1.706370E-28
    359  1.651200899964E-01  2.633373E-22  6.643223E-25  1.385385E-24  1.053593E-26  4.991212E-26  1.927325E-27  1.116898E-26  2.801272E-28
    360  1.656939516385E-01  2.781241E-22  7.217968E-25  1.656040E-24  1.291540E-26  6.820526E-26  2.726816E-27  1.757866E-26  4.562812E-28
    361  1.664404283242E-01  2.959260E-22  7.972333E-25  2.072174E-24  1.670625E-26  1.016850E-25  4.255056E-27  3.153231E-26  8.561023E-28
    362  1.671401020014E-01  3.124108E-22  8.720783E-25  2.549755E-24  2.121580E-26  1.476421E-25  6.450815E-27  5.452376E-26  1.544517E-27
    363  1.682228463170E-01  3.338819E-22  9.856218E-25  3.463890E-24  3.029113E-26  2.599315E-25  1.215216E-26  1.262043E-25  3.820466E-27
    364  1.688914277275E-01  3.484421E-22  1.065363E-24  4.197479E-24  3.787099E-26  3.701855E-25  1.805533E-26  2.131343E-25  6.724543E-27
    365  1.695862681704E-01  3.627789E-22  1.150961E-24  5.113025E-24  4.767396E-26  5.343348E-25  2.724568E-26  3.679987E-25  1.212537E-26
    366  1.708796298676E-01  3.819789E-22  1.299839E-24  7.230760E-24  7.176126E-26  1.039437E-24  5.763921E-26  1.002873E-24  3.586288E-26
    367  1.720689125062E-01  3.957755E-22  1.438536E-24  9.870319E-24  1.038877E-25  1.911286E-24  1.146343E-25  2.523185E-24  9.732921E-26
    368  1.730357271347E-01  3.997803E-22  1.534587E-24  1.250322E-23  1.381672E-25  3.092187E-24  1.978686E-25  5.289386E-24  2.172916E-25
    369  1.739185931198E-01  3.857145E-22  1.557502E-24  1.487198E-23  1.719576E-25  4.613285E-24  3.135060E-25  1.003514E-23  4.369920E-25
    370  1.748109107026E-01  3.276175E-22  1.400643E-24  1.603259E-23  1.954858E-25  6.494209E-24  4.757991E-25  1.897590E-23  8.864698E-25
    371  1.757092013639E-01  2.962326E-22  1.485567E-24  2.859665E-23  4.008838E-25  2.151324E-23  1.808471E-24  9.765904E-23  4.961098E-24
    372  1.765567714958E-01  1.828487E-21  8.256197E-24  1.101436E-22  1.401279E-24  5.521749E-23  4.252398E-24  1.970998E-22  9.664835E-24
    373  1.775373762473E-01  1.000000E-30  1.000000E-30  1.000000E-30  1.000000E-30  6.554734E-24  1.649435E-24  3.119035E-22  2.060296E-23
    374  1.784803688374E-01  1.000000E-30  1.000000E-30  8.425072E-24  2.331200E-25  3.224022E-23  3.346726E-24  3.795643E-22  2.359615E-23
    375  1.795112536071E-01  9.633057E-23  5.115343E-25  1.853680E-23  2.906272E-25  1.778200E-23  1.890997E-24  1.873037E-22  1.142014E-23
    376  1.804824008025E-01  2.976594E-23  1.739500E-25  4.716341E-24  7.410870E-26  6.563459E-24  6.827148E-25  7.735822E-23  5.175731E-24
    377  1.815169070317E-01  4.544319E-24  2.843398E-26  9.482511E-25  1.577699E-26  1.775886E-24  2.011968E-25  3.173301E-23  2.330654E-24
    378  1.825428215499E-01  6.581636E-25  4.246429E-27  1.696035E-25  3.097702E-27  5.110808E-25  6.514202E-26  1.309558E-23  1.036089E-24
    379  1.841355644659E-01  4.290711E-25  2.829105E-27  5.091981E-26  8.482906E-28  8.519435E-26  1.191222E-26  3.265264E-24  2.897545E-25
    380  1.856860183354E-01  1.762743E-23  1.513708E-25  2.136068E-24  4.027762E-26  7.856078E-25  1.032988E-25  1.479396E-23  1.422766E-24
    381  1.870847965371E-01  2.027089E-23  1.656332E-25  2.350245E-24  4.387827E-26  9.717095E-25  1.277194E-25  4.051374E-23  4.463203E-24
    382  1.883699545972E-01  1.515364E-25  1.331755E-27  3.298094E-26  7.132267E-28  2.590705E-25  5.880736E-26  3.472904E-23  4.287621E-24
    383  1.895671856375E-01  1.000000E-30  1.000000E-30  2.208452E-27  4.448218E-28  1.364334E-25  3.084375E-26  1.907813E-23  2.552869E-24
    384  1.907324824205E-01  1.143207E-27  3.624230E-29  1.036159E-26  3.679212E-28  5.102347E-26  1.211123E-26  8.802639E-24  1.302995E-24
    385  1.917913284253E-01  1.441864E-27  2.553006E-29  3.854483E-27  1.308486E-28  1.970469E-26  5.193381E-27  4.142686E-24  6.676186E-25
    386  1.928179034582E-01  1.000000E-30  1.000000E-30  1.117126E-27  4.376664E-29  7.963340E-27  2.307884E-27  1.955543E-24  3.429424E-25
    387  1.939781308337E-01  1.000000E-30  1.000000E-30  2.478706E-28  1.222608E-29  2.943946E-27  9.533000E-28  8.544912E-25  1.649891E-25
    388  1.950365569225E-01  1.000000E-30  1.000000E-30  1.000000E-30  1.000000E-30  1.191834E-27  4.333553E-28  4.169080E-25  8.803269E-26
    389  1.963061656501E-01  1.000000E-30  1.000000E-30  1.000000E-30  1.000000E-30  4.123830E-28  1.725502E-28  1.888696E-25  4.451375E-26
    390  1.975160386553E-01  1.000000E-30  1.000000E-30  1.000000E-30  1.000000E-30  1.231814E-28  6.963454E-29  9.534072E-26  2.499078E-26
    391  1.988970783448E-01  1.000000E-30  1.000000E-30  1.000000E-30  1.000000E-30  2.825777E-29  2.506870E-29  4.642385E-26  1.377487E-26
    392  2.001908516564E-01  1.000000E-30  1.000000E-30  1.000000E-30  1.000000E-30  1.000000E-30  8.674702E-30  2.454463E-26  8.196211E-27
    393  2.023233395230E-01  1.000000E-30  1.000000E-30  1.000000E-30  1.000000E-30  1.000000E-30  1.000000E-30  8.830103E-27  3.602425E-27
    394  2.035207364909E-01  1.000000E-30  1.000000E-30  1.000000E-30  1.000000E-30  1.000000E-30  1.000000E-30  4.990513E-27  2.282183E-27
    395  2.047171141817E-01  1.000000E-30  1.000000E-30  1.000000E-30  1.000000E-30  1.000000E-30  1.000000E-30  2.785852E-27  1.439734E-27
    396  2.061861175315E-01  1.000000E-30  1.000000E-30  1.000000E-30  1.000000E-30  1.000000E-30  1.000000E-30  1.358329E-27  8.150800E-28
    397  2.075162532616E-01  1.000000E-30  1.000000E-30  1.000000E-30  1.000000E-30  1.000000E-30  1.000000E-30  7.209564E-28  4.860857E-28
    398  2.088103947538E-01  1.000000E-30  1.000000E-30  1.000000E-30  1.000000E-30  1.000000E-30  1.000000E-30  3.590386E-28  2.890025E-28
    399  2.102374295066E-01  1.000000E-30  1.000000E-30  1.000000E-30  1.000000E-30  1.000000E-30  1.000000E-30  1.822445E-28  1.638413E-28
    400  2.116254943500E-01  1.000000E-30  1.000000E-30  1.000000E-30  1.000000E-30  1.000000E-30  1.000000E-30  6.899491E-29  9.104423E-29
    401  2.137594200207E-01  1.000000E-30  1.000000E-30  1.000000E-30  1.000000E-30  1.000000E-30  1.000000E-30  8.993300E-30  3.664175E-29
    402  2.149968302441E-01  1.000000E-30  1.000000E-30  1.000000E-30  1.000000E-30  1.000000E-30  1.000000E-30  1.000000E-30  2.137442E-29
    403  2.163578604848E-01  1.000000E-30  1.000000E-30  1.000000E-30  1.000000E-30  1.000000E-30  1.000000E-30  1.000000E-30  9.690870E-30
    404  2.188327022992E-01  1.000000E-30  1.000000E-30  1.000000E-30  1.000000E-30  1.000000E-30  1.000000E-30  1.000000E-30  2.022474E-30
    405  2.210861741802E-01  1.000000E-30  1.000000E-30  1.000000E-30  1.000000E-30  1.000000E-30  1.000000E-30  1.000000E-30  1.000000E-30
    406  2.231360986547E-01  1.000000E-30  1.000000E-30  1.000000E-30  1.000000E-30  1.000000E-30  1.000000E-30  1.000000E-30  1.000000E-30
    407  2.249661932162E-01  1.000000E-30  1.000000E-30  1.000000E-30  1.000000E-30  1.000000E-30  1.000000E-30  1.000000E-30  1.000000E-30
    408  2.266023391923E-01  1.000000E-30  1.000000E-30  1.000000E-30  1.000000E-30  1.000000E-30  1.000000E-30  1.000000E-30  1.000000E-30
    409  2.291569547831E-01  1.000000E-30  1.000000E-30  1.000000E-30  1.000000E-30  1.000000E-30  1.000000E-30  1.000000E-30  1.000000E-30
    410  2.305971902523E-01  1.000000E-30  1.000000E-30  1.000000E-30  1.000000E-30  1.000000E-30  1.000000E-30  1.000000E-30  1.000000E-30
    411  2.319348711247E-01  1.000000E-30  1.000000E-30  1.000000E-30  1.000000E-30  1.000000E-30  1.000000E-30  1.000000E-30  1.000000E-30
    412  2.335360820165E-01  1.000000E-30  1.000000E-30  1.000000E-30  1.000000E-30  3.777273E-30  1.122968E-30  1.679677E-29  1.692318E-30
    413  2.351317971316E-01  1.000000E-30  1.731391E-30  1.514737E-29  1.641648E-30  2.401566E-29  3.195143E-30  4.306081E-29  3.891983E-30
    414  2.376293164755E-01  1.000000E-30  1.573288E-29  8.292688E-29  4.973795E-30  6.404299E-29  8.024478E-30  1.029934E-28  9.212151E-30
    415  2.399259738388E-01  2.215363E-28  6.126791E-29  3.082256E-28  1.312717E-29  1.828614E-28  1.924040E-29  2.580986E-28  2.073161E-29
    416  2.420046682363E-01  4.882982E-28  1.328882E-28  6.667346E-28  2.533497E-29  3.735725E-28  3.658170E-29  5.108333E-28  3.855925E-29
    417  2.451201276448E-01  1.029362E-27  3.115184E-28  1.593951E-27  5.919704E-29  9.132628E-28  8.637190E-29  1.255009E-27  9.000137E-29
    418  2.467564269033E-01  1.864183E-27  5.254869E-28  2.687277E-27  9.434734E-29  1.503655E-27  1.368624E-28  2.038791E-27  1.406566E-28
    419  2.483354027874E-01  2.625515E-27  7.844098E-28  4.047734E-27  1.404481E-28  2.296205E-27  2.053921E-28  3.125133E-27  2.099503E-28
    420  2.499258654919E-01  3.638516E-27  1.160366E-27  6.037817E-27  2.074981E-28  3.478046E-27  3.060448E-28  4.754339E-27  3.111799E-28
    421  2.515152656983E-01  4.961169E-27  1.699498E-27  8.917693E-27  3.037434E-28  5.218787E-27  4.518685E-28  7.165245E-27  4.569874E-28
    422  2.542060864984E-01  8.326394E-27  3.206072E-27  1.703332E-26  5.712697E-28  1.021282E-26  8.605689E-28  1.410679E-26  8.616381E-28
    423  2.556901221114E-01  1.128056E-26  4.551661E-27  2.431924E-26  8.054901E-28  1.471714E-26  1.219726E-27  2.035795E-26  1.213360E-27
    424  2.570805114381E-01  1.466313E-26  6.257072E-27  3.362126E-26  1.103065E-27  2.055998E-26  1.679341E-27  2.849677E-26  1.660866E-27
    425  2.598984391343E-01  2.490651E-26  1.180012E-26  6.403378E-26  2.059095E-27  3.990261E-26  3.164552E-27  5.546492E-26  3.090808E-27
    426  2.622653138568E-01  3.917066E-26  1.992885E-26  1.089066E-25  3.436305E-27  6.872901E-26  5.314639E-27  9.562195E-26  5.132391E-27
    427  2.644885215151E-01  5.965029E-26  3.227074E-26  1.773780E-25  5.497417E-27  1.131599E-25  8.547292E-27  1.574869E-25  8.164130E-27
    428  2.667229470066E-01  9.074855E-26  5.188913E-26  2.866580E-25  8.725272E-27  1.846983E-25  1.362945E-26  2.569986E-25  1.287178E-26
    429  2.687894382327E-01  1.334341E-25  7.984809E-26  4.429026E-25  1.325813E-26  2.877799E-25  2.078966E-26  4.002017E-25  1.942470E-26
    430  2.709436570286E-01  1.987257E-25  1.240919E-25  6.908035E-25  2.032764E-26  4.525523E-25  3.198972E-26  6.287700E-25  2.955180E-26
    431  2.728595154549E-01  2.822960E-25  1.823784E-25  1.018050E-24  2.951236E-26  6.715459E-25  4.657779E-26  9.320663E-25  4.258972E-26
    432  2.763050324764E-01  5.254243E-25  3.585448E-25  2.009197E-24  5.675546E-26  1.341077E-24  8.998764E-26  1.857122E-24  8.076177E-26
    433  2.797281875476E-01  9.616790E-25  6.878581E-25  3.864673E-24  1.065488E-25  2.608485E-24  1.696020E-25  3.602615E-24  1.493825E-25
    434  2.831107064370E-01  1.723285E-24  1.285138E-24  7.231142E-24  1.949629E-25  4.933456E-24  3.113855E-25  6.793838E-24  2.691816E-25
    435  2.863632962154E-01  2.979910E-24  2.305659E-24  1.297938E-23  3.430987E-25  8.946081E-24  5.495275E-25  1.228267E-23  4.665411E-25
    436  2.894106333807E-01  4.921024E-24  3.932468E-24  2.212912E-23  5.751402E-25  1.539853E-23  9.232966E-25  2.107933E-23  7.706807E-25
    437  2.941185503109E-01  1.046702E-23  8.761533E-24  4.920513E-23  1.249629E-24  3.474606E-23  2.011965E-24  4.733800E-23  1.635967E-24
    438  2.983685787405E-01  2.030894E-23  1.767035E-23  9.892038E-23  2.468124E-24  7.078586E-23  3.981857E-24  9.600621E-23  3.162256E-24
    439  3.021949729112E-01  3.644340E-23  3.275044E-23  1.826215E-22  4.495872E-24  1.322524E-22  7.262895E-24  1.786266E-22  5.647427E-24
    440  3.059150641439E-01  6.383944E-23  5.906023E-23  3.277850E-22  7.983150E-24  2.401466E-22  1.290736E-23  3.230112E-22  9.833970E-24
    441  3.094680949786E-01  1.085883E-22  1.030386E-22  5.688787E-22  1.374095E-23  4.214008E-22  2.222557E-23  5.645238E-22  1.661000E-23
    442  3.127856926026E-01  1.780468E-22  1.726224E-22  9.478282E-22  2.275789E-23  7.093336E-22  3.681065E-23  9.466170E-22  2.702420E-23
    443  3.178598433803E-01  3.788594E-22  3.782693E-22  2.057537E-21  4.910992E-23  1.563931E-21  7.938460E-23  2.074761E-21  5.673772E-23
    444  3.224504526026E-01  7.459268E-22  7.632089E-22  4.112496E-21  9.795528E-23  3.170046E-21  1.581507E-22  4.182932E-21  1.103838E-22
    445  3.266870398371E-01  1.374593E-21  1.438196E-21  7.678013E-21  1.830398E-22  5.995743E-21  2.950469E-22  7.872676E-21  2.015832E-22
    446  3.305577136787E-01  2.359006E-21  2.519264E-21  1.333046E-20  3.187572E-22  1.053401E-20  5.128527E-22  1.377041E-20  3.438004E-22
    447  3.362681054783E-01  5.044948E-21  5.545673E-21  2.894738E-20  6.978110E-22  2.327540E-20  1.118809E-21  3.023103E-20  7.300082E-22
    448  3.414589872690E-01  9.726533E-21  1.093878E-20  5.637471E-20  1.373659E-21  4.603385E-20  2.193701E-21  5.944681E-20  1.398125E-21
    449  3.462773530350E-01  1.747481E-20  1.998834E-20  1.017889E-19  2.511592E-21  8.428013E-20  3.993513E-21  1.082650E-19  2.492847E-21
    450  3.508856189623E-01  3.010558E-20  3.484811E-20  1.754558E-19  4.390860E-21  1.471481E-19  6.948330E-21  1.880918E-19  4.256174E-21
    451  3.552628710565E-01  4.987950E-20  5.816027E-20  2.897463E-19  7.361751E-21  2.458563E-19  1.159058E-20  3.128253E-19  6.980302E-21
    452  3.595141079779E-01  8.072020E-20  9.443585E-20  4.658091E-19  1.202816E-20  3.995684E-19  1.883500E-20  5.062033E-19  1.116849E-20
    453  3.636744849418E-01  1.283693E-19  1.501292E-19  7.336682E-19  1.927127E-20  6.357475E-19  3.000331E-20  8.020982E-19  1.753978E-20
    454  3.676260234901E-01  1.983478E-19  2.311092E-19  1.120060E-18  2.993194E-20  9.794711E-19  4.632673E-20  1.231090E-18  2.674414E-20
    455  3.714655117309E-01  3.014227E-19  3.487960E-19  1.677795E-18  4.563016E-20  1.479532E-18  7.019308E-20  1.853027E-18  4.006675E-20
    456  3.752653942304E-01  4.545729E-19  5.206959E-19  2.487767E-18  6.888857E-20  2.210876E-18  1.052940E-19  2.759658E-18  5.948894E-20
    457  3.809506426681E-01  8.369376E-19  9.378883E-19  4.442215E-18  1.264814E-19  3.989535E-18  1.913492E-19  4.956035E-18  1.066519E-19
    458  3.865190953769E-01  1.518194E-18  1.651122E-18  7.768516E-18  2.274538E-19  7.039245E-18  3.403993E-19  8.706384E-18  1.876276E-19
    459  3.928522091207E-01  2.992485E-18  3.109913E-18  1.455991E-17  4.401186E-19  1.330150E-17  6.499934E-19  1.637631E-17  3.547310E-19
    460  3.991093841216E-01  5.884406E-18  5.771361E-18  2.697104E-17  8.409451E-19  2.478246E-17  1.224579E-18  3.038459E-17  6.637273E-19
    461  4.054183851758E-01  1.174795E-17  1.072217E-17  5.018778E-17  1.612433E-18  4.626172E-17  2.312535E-18  5.650248E-17  1.248566E-18
    462  4.147392755742E-01  3.330742E-17  2.670986E-17  1.262118E-16  4.222749E-18  1.162608E-16  5.910267E-18  1.412885E-16  3.191466E-18
    463  4.232199499949E-01  8.757894E-17  6.124024E-17  2.942710E-16  1.015950E-17  2.692895E-16  1.388199E-17  3.260006E-16  7.544504E-18
    464  4.316976825025E-01  2.331801E-16  1.402195E-16  6.910311E-16  2.445479E-17  6.243873E-16  3.256496E-17  7.534477E-16  1.792254E-17
    465  4.393401554526E-01  5.683347E-16  2.955221E-16  1.501224E-15  5.396253E-17  1.333496E-15  7.009342E-17  1.605153E-15  3.922492E-17
    466  4.465935084243E-01  1.331531E-15  5.988771E-16  3.153440E-15  1.142024E-16  2.741156E-15  1.446816E-16  3.292712E-15  8.264441E-17
    467  4.537106765818E-01  3.084386E-15  1.197261E-15  6.573809E-15  2.380349E-16  5.563999E-15  2.938175E-16  6.670433E-15  1.719943E-16
    468  4.602314649238E-01  6.680285E-15  2.259458E-15  1.296592E-14  4.660821E-16  1.065702E-14  5.609967E-16  1.275260E-14  3.370913E-16
    469  4.709552966107E-01  2.388908E-14  6.435219E-15  4.016925E-14  1.404956E-15  3.114778E-14  1.617766E-15  3.714723E-14  1.022307E-15
    470  4.769745726746E-01  4.881450E-14  1.159403E-14  7.631754E-14  2.606851E-15  5.698984E-14  2.923751E-15  6.782571E-14  1.908021E-15
    471  4.828178172001E-01  9.743644E-14  2.054028E-14  1.428419E-13  4.743856E-15  1.025424E-13  5.181676E-15  1.217855E-13  3.497670E-15
    472  4.927188450138E-01  3.108143E-13  5.402525E-14  4.147975E-13  1.300518E-14  2.772463E-13  1.356515E-14  3.282086E-13  9.749971E-15
    473  5.000000000000E-01  7.192629E-13  1.094495E-13  9.060202E-13  2.707014E-14  5.735219E-13  2.728671E-14  6.778560E-13  2.062844E-14
