 *                                      
 * expansion:  temp0=  1.000E+10 den0=  3.000E+06 temp_stop=  1.000E+07
 *          time                bi203         bi204         bi205         bi206         bi207         bi208         bi209         bi210
      1  0.000000000000E+00  1.000000E-30  1.000000E-30  1.000000E-30  1.000000E-30  1.000000E-30  1.000000E-30  1.000000E-30  1.000000E-30
      2  1.000000000000E-16  1.000000E-30  1.001067E-30  1.003680E-30  1.000000E-30  1.008536E-30  1.000000E-30  1.000000E-30  1.000000E-30
      3  6.264265632874E-16  1.000000E-30  1.007088E-30  1.022482E-30  1.000000E-30  1.052381E-30  1.000000E-30  1.000000E-30  1.000000E-30
      4  2.206990590178E-15  1.000000E-30  1.028625E-30  1.073570E-30  1.000000E-30  1.173635E-30  1.000000E-30  1.000000E-30  1.000000E-30
      5  6.425069294186E-15  1.000000E-30  1.101257E-30  1.177655E-30  1.000000E-30  1.432324E-30  1.000000E-30  1.000000E-30  1.000000E-30
      6  1.724777641531E-14  1.000000E-30  1.291519E-30  1.314963E-30  1.005647E-30  1.809395E-30  1.000000E-30  1.000000E-30  1.000000E-30
      7  4.527785414179E-14  1.131560E-30  1.613776E-30  1.546643E-30  1.159929E-30  2.062248E-30  1.000000E-30  1.000000E-30  1.000000E-30
      8  1.231582592127E-13  1.377642E-30  1.865321E-30  1.675955E-30  1.200890E-30  2.095712E-30  1.000007E-30  1.000000E-30  1.000000E-30
      9  4.001734798240E-13  1.380284E-30  1.869700E-30  1.680299E-30  1.194624E-30  2.094024E-30  1.000000E-30  1.000061E-30  1.000000E-30
     10  1.150918682670E-12  1.373306E-30  1.882616E-30  1.703337E-30  1.189465E-30  2.077753E-30  1.000000E-30  1.000000E-30  1.000745E-30
     11  2.802808442389E-12  1.436973E-30  1.897281E-30  1.738850E-30  1.273312E-30  2.214928E-30  1.037596E-30  1.005361E-30  1.002499E-30
     12  6.912921996243E-12  1.410563E-30  1.874869E-30  1.694739E-30  1.202980E-30  2.335751E-30  1.091753E-30  1.053078E-30  1.000000E-30
     13  1.659368270033E-11  1.000000E-30  1.000000E-30  1.000000E-30  1.000000E-30  1.000000E-30  1.000000E-30  1.000000E-30  1.000000E-30
     14  1.134012897413E-10  1.000000E-30  1.000000E-30  1.000000E-30  1.000000E-30  1.000000E-30  1.000000E-30  1.000000E-30  1.000000E-30
     15  1.081477360150E-09  1.000000E-30  1.000000E-30  1.000000E-30  1.000000E-30  1.000000E-30  1.000000E-30  1.000000E-30  1.000000E-30
     16  1.076223806424E-08  1.000000E-30  1.000000E-30  1.000000E-30  1.000000E-30  1.000000E-30  1.000000E-30  1.000000E-30  1.000000E-30
     17  6.834096797002E-08  1.000000E-30  1.000000E-30  1.000000E-30  1.000000E-30  1.000000E-30  1.000000E-30  1.000000E-30  1.000000E-30
     18  2.542122411654E-07  1.000000E-30  1.000000E-30  1.000000E-30  1.000000E-30  1.000000E-30  1.000000E-30  1.000000E-30  1.000000E-30
     19  7.007518887657E-07  1.000000E-30  1.000000E-30  1.000000E-30  1.000000E-30  1.000000E-30  1.000000E-30  1.000000E-30  1.000000E-30
     20  1.724661805125E-06  1.000000E-30  1.000000E-30  1.000000E-30  1.000000E-30  1.000000E-30  1.000000E-30  1.000000E-30  1.000000E-30
     21  4.267664185819E-06  1.000000E-30  1.000000E-30  1.000000E-30  1.000000E-30  1.000000E-30  1.000000E-30  1.000000E-30  1.000000E-30
     22  1.786211798807E-05  1.000000E-30  1.000000E-30  1.000000E-30  1.000000E-30  1.000000E-30  1.000000E-30  1.000000E-30  1.000000E-30
     23  6.929007850093E-05  1.000000E-30  1.000000E-30  1.000000E-30  1.000000E-30  1.000000E-30  1.000000E-30  1.000000E-30  1.000000E-30
     24  5.835696836295E-04  1.000000E-30  1.000000E-30  1.000000E-30  1.000000E-30  1.000000E-30  1.000000E-30  1.000000E-30  1.000000E-30
     25  1.496090518789E-03  1.000000E-30  1.000000E-30  1.000000E-30  1.000000E-30  1.000000E-30  1.000000E-30  1.000000E-30  1.000000E-30
     26  2.379765156362E-03  1.000000E-30  1.000000E-30  1.000000E-30  1.000000E-30  1.000000E-30  1.000000E-30  1.000000E-30  1.000000E-30
     27  3.772948503579E-03  1.000000E-30  1.000000E-30  1.000000E-30  1.000000E-30  1.000000E-30  1.000000E-30  1.000000E-30  1.000000E-30
     28  4.957278025650E-03  1.000000E-30  1.000000E-30  1.000000E-30  1.000000E-30  1.000000E-30  1.000000E-30  1.000000E-30  1.000000E-30
     29  5.758110286319E-03  1.000000E-30  1.000000E-30  1.000000E-30  1.000000E-30  1.000000E-30  1.000000E-30  1.000000E-30  1.000000E-30
     30  6.636115041812E-03  1.000000E-30  1.000000E-30  1.000000E-30  1.000000E-30  1.000000E-30  1.000000E-30  1.000000E-30  1.000000E-30
     31  7.490864585256E-03  1.000000E-30  1.000000E-30  1.000000E-30  1.000000E-30  1.000000E-30  1.000000E-30  1.000000E-30  1.000000E-30
     32  8.026631019591E-03  1.000000E-30  1.000000E-30  1.000000E-30  1.000000E-30  1.000000E-30  1.000000E-30  1.000000E-30  1.000000E-30
     33  8.451616658664E-03  1.000000E-30  1.000000E-30  1.000000E-30  1.000000E-30  1.000000E-30  1.000000E-30  1.000000E-30  1.000000E-30
     34  9.803471762980E-03  1.000000E-30  1.000000E-30  1.000000E-30  1.000000E-30  1.000000E-30  1.000000E-30  1.000000E-30  1.000000E-30
     35  1.116687552369E-02  1.000000E-30  1.000000E-30  1.000000E-30  1.000000E-30  1.000000E-30  1.000000E-30  1.000000E-30  1.000000E-30
     36  1.219012310682E-02  1.000000E-30  1.000000E-30  1.000000E-30  1.000000E-30  1.000000E-30  1.000000E-30  1.000000E-30  1.000000E-30
     37  1.314647137106E-02  1.000000E-30  1.000000E-30  1.000000E-30  1.000000E-30  1.000000E-30  1.000000E-30  1.000000E-30  1.000000E-30
     38  1.431720408173E-02  1.000000E-30  1.000000E-30  1.000000E-30  1.000000E-30  1.000000E-30  1.000000E-30  1.000000E-30  1.000000E-30
     39  1.545287753035E-02  1.000000E-30  1.000000E-30  1.000000E-30  1.000000E-30  1.000000E-30  1.000000E-30  1.000000E-30  1.000000E-30
     40  1.716820108076E-02  1.000000E-30  1.000000E-30  1.000000E-30  1.000000E-30  1.000000E-30  1.000000E-30  1.000000E-30  1.000000E-30
     41  1.871872199221E-02  1.000000E-30  1.000000E-30  1.000000E-30  1.000000E-30  1.000000E-30  1.000000E-30  1.000000E-30  1.000000E-30
     42  2.131412024987E-02  1.000000E-30  1.000000E-30  1.000000E-30  1.000000E-30  1.000000E-30  1.000000E-30  1.000000E-30  1.000000E-30
     43  2.288535686070E-02  1.000000E-30  1.000000E-30  1.000000E-30  1.000000E-30  1.000000E-30  1.000000E-30  1.000000E-30  1.000000E-30
     44  2.437102778700E-02  1.000000E-30  1.000000E-30  1.000000E-30  1.000000E-30  1.000000E-30  1.000000E-30  1.000000E-30  1.000000E-30
     45  2.666254430666E-02  1.000000E-30  1.000000E-30  1.000000E-30  1.000000E-30  1.000000E-30  1.000000E-30  1.000000E-30  1.000000E-30
     46  2.807329513827E-02  1.000000E-30  1.000000E-30  1.000000E-30  1.000000E-30  1.000000E-30  1.000000E-30  1.000000E-30  1.000000E-30
     47  2.946719119355E-02  1.000000E-30  1.000000E-30  1.000000E-30  1.000000E-30  1.000000E-30  1.000000E-30  1.000000E-30  1.000000E-30
     48  2.982466835475E-02  1.000000E-30  1.000000E-30  1.000000E-30  1.000000E-30  1.000000E-30  1.000000E-30  1.000000E-30  1.000000E-30
     49  3.017238950627E-02  1.000000E-30  1.000000E-30  1.000000E-30  1.000000E-30  1.000000E-30  1.000000E-30  1.000000E-30  1.000000E-30
     50  3.052509122072E-02  1.000000E-30  1.000000E-30  1.000000E-30  1.000000E-30  1.000000E-30  1.000000E-30  1.000000E-30  1.000000E-30
     51  3.066477686677E-02  1.000000E-30  1.000000E-30  1.000000E-30  1.000000E-30  1.000000E-30  1.000000E-30  1.000000E-30  1.000000E-30
     52  3.080037159611E-02  1.000000E-30  1.000000E-30  1.000000E-30  1.000000E-30  1.000000E-30  1.000000E-30  1.000000E-30  1.000000E-30
     53  3.111325257314E-02  1.000000E-30  1.000000E-30  1.000000E-30  1.000000E-30  1.000000E-30  1.000000E-30  1.000000E-30  1.000000E-30
     54  3.147800645819E-02  1.000000E-30  1.000000E-30  1.000000E-30  1.000000E-30  1.000000E-30  1.000000E-30  1.000000E-30  1.000000E-30
     55  3.181357346897E-02  1.000000E-30  1.000000E-30  1.000000E-30  1.000000E-30  1.000000E-30  1.000000E-30  1.000000E-30  1.000000E-30
     56  3.217197145871E-02  1.000000E-30  1.000000E-30  1.000000E-30  1.000000E-30  1.000000E-30  1.000000E-30  1.000000E-30  1.000000E-30
     57  3.249951277145E-02  1.000000E-30  1.000000E-30  1.000000E-30  1.000000E-30  1.000000E-30  1.000000E-30  1.000000E-30  1.000000E-30
     58  3.262595809504E-02  1.000000E-30  1.000000E-30  1.000000E-30  1.000000E-30  1.000000E-30  1.000000E-30  1.000000E-30  1.000000E-30
     59  3.272641576722E-02  1.000000E-30  1.000000E-30  1.000000E-30  1.000000E-30  1.000000E-30  1.000000E-30  1.000000E-30  1.000000E-30
     60  3.304841700500E-02  1.000000E-30  1.000000E-30  1.000000E-30  1.000000E-30  1.000000E-30  1.000000E-30  1.000000E-30  1.000000E-30
     61  3.362823507679E-02  1.000000E-30  1.000000E-30  1.000000E-30  1.000000E-30  1.000000E-30  1.000000E-30  1.000000E-30  1.000000E-30
     62  3.417743618412E-02  1.000000E-30  1.000000E-30  1.000000E-30  1.000000E-30  1.000000E-30  1.000000E-30  1.000000E-30  1.000000E-30
     63  3.448472684867E-02  1.000000E-30  1.000000E-30  1.000000E-30  1.000000E-30  1.000000E-30  1.000000E-30  1.000000E-30  1.000000E-30
     64  3.459225947862E-02  1.000000E-30  1.000000E-30  1.000000E-30  1.000000E-30  1.000000E-30  1.000000E-30  1.000000E-30  1.000000E-30
     65  3.468161085917E-02  1.000000E-30  1.000000E-30  1.000000E-30  1.000000E-30  1.000000E-30  1.000000E-30  1.000000E-30  1.000000E-30
     66  3.501586344154E-02  1.000000E-30  1.000000E-30  1.000000E-30  1.000000E-30  1.000000E-30  1.000000E-30  1.000000E-30  1.000000E-30
     67  3.563385967804E-02  1.236918E-30  1.000000E-30  1.000000E-30  1.000000E-30  1.000000E-30  1.000000E-30  1.000000E-30  1.000000E-30
     68  3.619390900501E-02  1.428039E-30  1.000000E-30  1.000000E-30  1.000000E-30  1.000000E-30  1.000000E-30  1.000000E-30  1.000000E-30
     69  3.661379630041E-02  1.325477E-30  1.000000E-30  1.000000E-30  1.000000E-30  1.000000E-30  1.000000E-30  1.000000E-30  1.000000E-30
     70  3.704099468238E-02  1.566887E-30  1.000000E-30  1.000000E-30  1.000000E-30  1.000000E-30  1.000000E-30  1.000000E-30  1.000000E-30
     71  3.731378163516E-02  1.161806E-30  1.000000E-30  1.000000E-30  1.000000E-30  1.000000E-30  1.000000E-30  1.000000E-30  1.000000E-30
     72  3.757630769329E-02  1.221616E-30  1.000000E-30  1.000000E-30  1.000000E-30  1.000000E-30  1.000000E-30  1.000000E-30  1.000000E-30
     73  3.788075418501E-02  1.535721E-30  1.011739E-30  1.050369E-30  1.000000E-30  1.000000E-30  1.000000E-30  1.000000E-30  1.000000E-30
     74  3.819794660071E-02  1.750657E-30  1.192905E-30  1.279110E-30  1.000000E-30  1.000000E-30  1.000000E-30  1.000000E-30  1.000000E-30
     75  3.838080203158E-02  1.106784E-30  1.000000E-30  1.000000E-30  1.000000E-30  1.000000E-30  1.000000E-30  1.000000E-30  1.000000E-30
     76  3.859219912978E-02  1.342044E-30  1.000000E-30  1.096409E-30  1.000000E-30  1.000000E-30  1.000000E-30  1.000000E-30  1.000000E-30
     77  3.884096228080E-02  1.664521E-30  1.230033E-30  1.427025E-30  1.000000E-30  1.000000E-30  1.000000E-30  1.000000E-30  1.000000E-30
     78  3.907668434759E-02  1.674729E-30  1.273980E-30  1.520622E-30  1.000000E-30  1.000000E-30  1.000000E-30  1.000000E-30  1.000000E-30
     79  3.934936577490E-02  2.040594E-30  1.595941E-30  1.957586E-30  1.254804E-30  1.000000E-30  1.000000E-30  1.000000E-30  1.000000E-30
     80  3.961640452516E-02  2.113723E-30  1.707439E-30  2.186756E-30  1.448766E-30  1.000000E-30  1.000000E-30  1.000000E-30  1.000000E-30
     81  3.991996766101E-02  2.583314E-30  2.175662E-30  2.797220E-30  1.899960E-30  1.234702E-30  1.000000E-30  1.000000E-30  1.000000E-30
     82  4.019473378510E-02  2.481265E-30  2.174874E-30  2.895380E-30  2.037346E-30  1.365637E-30  1.000000E-30  1.000000E-30  1.000000E-30
     83  4.046928694587E-02  2.623021E-30  2.340025E-30  3.283659E-30  2.329876E-30  1.604384E-30  1.000000E-30  1.000000E-30  1.000000E-30
     84  4.074955599116E-02  2.681068E-30  2.403836E-30  3.441069E-30  2.671882E-30  1.904780E-30  1.000000E-30  1.000000E-30  1.000000E-30
     85  4.099011663524E-02  2.371275E-30  2.284058E-30  3.465452E-30  2.817358E-30  2.070934E-30  1.000000E-30  1.000000E-30  1.000000E-30
     86  4.118445936105E-02  1.949846E-30  1.922786E-30  3.061604E-30  2.510732E-30  1.893598E-30  1.000000E-30  1.000000E-30  1.000000E-30
     87  4.137235583218E-02  1.917283E-30  1.936768E-30  3.134550E-30  2.671777E-30  2.062295E-30  1.000000E-30  1.000000E-30  1.000000E-30
     88  4.152714488067E-02  1.603678E-30  1.658288E-30  2.756257E-30  2.333857E-30  1.837858E-30  1.000000E-30  1.000000E-30  1.000000E-30
     89  4.165981986900E-02  1.391879E-30  1.467424E-30  2.452582E-30  2.112084E-30  1.693666E-30  1.000000E-30  1.000000E-30  1.000000E-30
     90  4.188596337322E-02  2.372910E-30  2.516551E-30  4.260104E-30  3.790250E-30  3.147472E-30  1.572118E-30  1.000000E-30  1.000000E-30
     91  4.208159634323E-02  2.056238E-30  2.328164E-30  4.100651E-30  3.683941E-30  3.255670E-30  1.669819E-30  1.000000E-30  1.000000E-30
     92  4.230932596557E-02  2.379125E-30  2.786706E-30  4.974651E-30  4.610517E-30  4.020098E-30  2.115327E-30  1.000000E-30  1.000000E-30
     93  4.251598135750E-02  2.265205E-30  2.603693E-30  4.732753E-30  4.554894E-30  4.082769E-30  2.266164E-30  1.000000E-30  1.000000E-30
     94  4.274368410830E-02  2.359237E-30  2.968126E-30  5.676416E-30  5.571067E-30  5.009070E-30  2.798890E-30  1.000000E-30  1.000000E-30
     95  4.294191711445E-02  2.073040E-30  2.649809E-30  5.350887E-30  5.621174E-30  5.371069E-30  3.041428E-30  1.000000E-30  1.000000E-30
     96  4.316569238790E-02  2.356346E-30  3.019759E-30  6.055484E-30  6.323843E-30  6.071409E-30  3.587771E-30  1.000000E-30  1.000000E-30
     97  4.339365876136E-02  2.311358E-30  3.119258E-30  6.620258E-30  7.331274E-30  7.416883E-30  4.425595E-30  1.000000E-30  1.000000E-30
     98  4.362382833621E-02  2.309497E-30  3.168137E-30  6.969803E-30  7.999784E-30  8.408879E-30  5.138939E-30  1.087279E-30  1.000000E-30
     99  4.384703699487E-02  2.202020E-30  3.164068E-30  7.155595E-30  8.442807E-30  9.138032E-30  5.667124E-30  1.229732E-30  1.000000E-30
    100  4.408801045744E-02  2.352373E-30  3.314817E-30  7.789296E-30  9.572058E-30  1.075604E-29  7.106283E-30  1.577517E-30  1.000000E-30
    101  4.430336182063E-02  2.007721E-30  3.071896E-30  7.388846E-30  9.267638E-30  1.068486E-29  7.083970E-30  1.618385E-30  1.000000E-30
    102  4.453208602613E-02  2.128999E-30  3.253617E-30  8.101915E-30  1.044654E-29  1.225382E-29  8.746527E-30  2.043274E-30  1.000000E-30
    103  4.474836808964E-02  2.069302E-30  3.124655E-30  7.514767E-30  9.410117E-30  1.088701E-29  7.555126E-30  1.822596E-30  1.000000E-30
    104  4.497736119052E-02  2.099941E-30  3.316626E-30  8.212482E-30  1.073781E-29  1.299104E-29  9.242737E-30  2.396236E-30  1.000000E-30
    105  4.517199675598E-02  1.650513E-30  2.755396E-30  7.370739E-30  1.033199E-29  1.304137E-29  1.002126E-29  2.622030E-30  1.000000E-30
    106  4.536038532241E-02  1.572639E-30  2.640130E-30  7.242979E-30  1.035207E-29  1.331585E-29  1.048773E-29  2.658273E-30  1.000000E-30
    107  4.552484255766E-02  1.388800E-30  2.327339E-30  6.350772E-30  8.982280E-30  1.158771E-29  8.974569E-30  2.439795E-30  1.000000E-30
    108  4.581275722245E-02  2.266378E-30  3.920927E-30  1.135464E-29  1.689244E-29  2.282238E-29  1.866461E-29  5.472028E-30  1.000000E-30
    109  4.603616864208E-02  1.691568E-30  3.085336E-30  9.010821E-30  1.361293E-29  1.927101E-29  1.574137E-29  4.346855E-30  1.000000E-30
    110  4.624194314299E-02  1.503667E-30  2.793751E-30  8.347966E-30  1.315630E-29  1.921609E-29  1.646554E-29  4.771759E-30  1.000000E-30
    111  4.641297951594E-02  1.222359E-30  2.285140E-30  7.074623E-30  1.119084E-29  1.654880E-29  1.421375E-29  4.172003E-30  1.000000E-30
    112  4.656990459822E-02  1.051111E-30  2.087192E-30  6.602007E-30  1.069313E-29  1.620422E-29  1.437162E-29  4.298726E-30  1.000000E-30
    113  4.671253119976E-02  1.000000E-30  1.875177E-30  6.005347E-30  9.905211E-30  1.528039E-29  1.375356E-29  4.221558E-30  1.000000E-30
    114  4.684580987606E-02  1.000000E-30  1.727962E-30  5.643433E-30  9.489825E-30  1.491614E-29  1.369594E-29  4.282283E-30  1.000000E-30
    115  4.697520204195E-02  1.000000E-30  1.654445E-30  5.499270E-30  9.418877E-30  1.507940E-29  1.412069E-29  4.528710E-30  1.000000E-30
    116  4.709649788536E-02  1.000000E-30  1.521827E-30  5.195640E-30  9.052533E-30  1.468453E-29  1.391489E-29  4.538222E-30  1.000000E-30
    117  4.721637454993E-02  1.000000E-30  1.483305E-30  5.144858E-30  9.105812E-30  1.503915E-29  1.452930E-29  4.908582E-30  1.000000E-30
    118  4.732862910872E-02  1.000000E-30  1.369501E-30  4.827453E-30  8.704360E-30  1.452958E-29  1.416852E-29  4.842051E-30  1.000000E-30
    119  4.750539400184E-02  1.000000E-30  2.108692E-30  7.570609E-30  1.389095E-29  2.387168E-29  2.392069E-29  8.349617E-30  1.000000E-30
    120  4.767210524850E-02  1.000000E-30  1.958888E-30  7.118641E-30  1.361910E-29  2.312310E-29  2.297958E-29  8.288684E-30  1.000000E-30
    121  4.783406579930E-02  1.000000E-30  1.866891E-30  6.898293E-30  1.348426E-29  2.347967E-29  2.391875E-29  8.749977E-30  1.000000E-30
    122  4.799263518131E-02  1.000000E-30  1.792448E-30  6.731327E-30  1.343528E-29  2.396145E-29  2.497071E-29  9.302649E-30  1.000000E-30
    123  4.815339657435E-02  1.000000E-30  1.770310E-30  6.822627E-30  1.383865E-29  2.536853E-29  2.711197E-29  1.027674E-29  1.006148E-30
    124  4.832264594384E-02  1.000000E-30  1.805610E-30  7.187207E-30  1.478603E-29  2.792486E-29  3.062634E-29  1.192688E-29  1.177173E-30
    125  4.849826454798E-02  1.000000E-30  1.820670E-30  7.423805E-30  1.558192E-29  3.021903E-29  3.393449E-29  1.353330E-29  1.348038E-30
    126  4.867786870736E-02  1.000000E-30  1.805513E-30  7.547632E-30  1.619286E-29  3.223400E-29  3.705314E-29  1.498153E-29  1.508317E-30
    127  4.885872256535E-02  1.000000E-30  1.762042E-30  7.542627E-30  1.656699E-29  3.379820E-29  3.974058E-29  1.631504E-29  1.660676E-30
    128  4.903755607841E-02  1.000000E-30  1.687952E-30  7.394292E-30  1.663158E-29  3.473344E-29  4.176574E-29  1.747846E-29  1.798403E-30
    129  4.921259737621E-02  1.000000E-30  1.600692E-30  7.165205E-30  1.650618E-29  3.528074E-29  4.337685E-29  1.853032E-29  1.926944E-30
    130  4.938368810460E-02  1.000000E-30  1.522347E-30  6.910514E-30  1.630724E-29  3.573156E-29  4.497085E-29  1.963703E-29  2.113252E-30
    131  4.955132280349E-02  1.000000E-30  1.450645E-30  6.678186E-30  1.612663E-29  3.621473E-29  4.662826E-29  2.080361E-29  2.176837E-30
    132  4.971624312404E-02  1.000000E-30  1.379053E-30  6.486642E-30  1.602763E-29  3.687357E-29  4.853750E-29  2.214963E-29  2.390448E-30
    133  4.987811857735E-02  1.000000E-30  1.300421E-30  6.285773E-30  1.591163E-29  3.745690E-29  5.036450E-29  2.359189E-29  2.563070E-30
    134  5.003799836445E-02  1.000000E-30  1.235271E-30  6.125094E-30  1.585966E-29  3.820933E-29  5.249532E-29  2.524899E-29  2.759109E-30
    135  5.019682549602E-02  1.000000E-30  1.176874E-30  6.005209E-30  1.588814E-29  3.914599E-29  5.490143E-29  2.708885E-29  3.001983E-30
    136  5.035511419132E-02  1.000000E-30  1.123280E-30  5.902791E-30  1.595386E-29  4.018577E-29  5.750871E-29  2.909793E-29  3.257177E-30
    137  5.051299755300E-02  1.000000E-30  1.074931E-30  5.799382E-30  1.600818E-29  4.121272E-29  6.016904E-29  3.120281E-29  3.515336E-30
    138  5.067010535678E-02  1.000000E-30  1.025599E-30  5.679628E-30  1.601396E-29  4.211744E-29  6.270754E-29  3.330482E-29  3.750334E-30
    139  5.082726902819E-02  1.000000E-30  1.000000E-30  5.584316E-30  1.605887E-29  4.317770E-29  6.559965E-29  3.573217E-29  4.108326E-30
    140  5.098506829486E-02  1.000000E-30  1.000000E-30  5.506121E-30  1.614865E-29  4.440241E-29  6.885238E-29  3.845139E-29  4.459736E-30
    141  5.114361869269E-02  1.000000E-30  1.000000E-30  5.427998E-30  1.624080E-29  4.566403E-29  7.226490E-29  4.134573E-29  4.842006E-30
    142  5.130328078870E-02  1.000000E-30  1.000000E-30  5.356968E-30  1.635794E-29  4.704544E-29  7.599834E-29  4.456094E-29  5.165580E-30
    143  5.146205644840E-02  1.000000E-30  1.000000E-30  5.202796E-30  1.622782E-29  4.771896E-29  7.868682E-29  4.723774E-29  5.628843E-30
    144  5.162089365231E-02  1.000000E-30  1.000000E-30  5.083536E-30  1.617685E-29  4.870930E-29  8.207064E-29  5.056291E-29  6.142321E-30
    145  5.177902725711E-02  1.000000E-30  1.000000E-30  4.937478E-30  1.605789E-29  4.947593E-29  8.512822E-29  5.372445E-29  6.513438E-30
    146  5.193558292952E-02  1.000000E-30  1.000000E-30  4.739110E-30  1.620292E-29  5.027031E-29  8.728551E-29  5.669259E-29  7.006539E-30
    147  5.207655208218E-02  1.000000E-30  1.000000E-30  4.172066E-30  1.438400E-29  4.593673E-29  8.143808E-29  5.427905E-29  6.735601E-30
    148  5.220437120847E-02  1.000000E-30  1.000000E-30  3.732207E-30  1.303923E-29  4.243765E-29  7.647647E-29  5.187509E-29  6.482428E-30
    149  5.240275279905E-02  1.000000E-30  1.000000E-30  5.576044E-30  2.018150E-29  6.701683E-29  1.238835E-28  8.662950E-29  1.107728E-29
    150  5.258707116153E-02  1.000000E-30  1.000000E-30  5.076412E-30  1.835170E-29  6.336485E-29  1.207818E-28  8.529261E-29  1.080039E-29
    151  5.276353482958E-02  1.000000E-30  1.000000E-30  4.696681E-30  1.742664E-29  6.193492E-29  1.211904E-28  8.844883E-29  1.140148E-29
    152  5.293536770993E-02  1.000000E-30  1.000000E-30  4.442836E-30  1.690389E-29  6.155635E-29  1.231830E-28  9.225031E-29  1.206353E-29
    153  5.310288915571E-02  1.000000E-30  1.000000E-30  4.148812E-30  1.658084E-29  6.057663E-29  1.221547E-28  9.377661E-29  1.237044E-29
    154  5.325369291828E-02  1.000000E-30  1.000000E-30  3.642941E-30  1.479978E-29  5.565962E-29  1.146392E-28  9.010773E-29  1.194852E-29
    155  5.339308966526E-02  1.000000E-30  1.000000E-30  3.328653E-30  1.362410E-29  5.138511E-29  1.065908E-28  8.369029E-29  1.134182E-29
    156  5.362726198018E-02  1.000000E-30  1.000000E-30  5.254646E-30  2.263645E-29  8.874734E-29  1.904800E-28  1.571671E-28  2.172299E-29
    157  5.383816121000E-02  1.000000E-30  1.000000E-30  4.563757E-30  1.955757E-29  8.123007E-29  1.825901E-28  1.551692E-28  2.097358E-29
    158  5.403768730975E-02  1.000000E-30  1.000000E-30  4.149596E-30  1.822647E-29  7.792060E-29  1.800018E-28  1.583784E-28  2.167532E-29
    159  5.422986619970E-02  1.000000E-30  1.000000E-30  3.774549E-30  1.763080E-29  7.565974E-29  1.766881E-28  1.602029E-28  2.308686E-29
    160  5.440569294967E-02  1.000000E-30  1.000000E-30  3.335350E-30  1.587682E-29  7.003981E-29  1.672995E-28  1.555433E-28  2.257382E-29
    161  5.456994612052E-02  1.000000E-30  1.000000E-30  3.072959E-30  1.468836E-29  6.561548E-29  1.584235E-28  1.476200E-28  2.113854E-29
    162  5.485681963417E-02  1.000000E-30  1.000000E-30  4.915645E-30  2.513293E-29  1.165201E-28  2.914649E-28  2.878851E-28  4.301982E-29
    163  5.511708850657E-02  1.000000E-30  1.000000E-30  4.222218E-30  2.129120E-29  1.072106E-28  2.861047E-28  2.942367E-28  4.297746E-29
    164  5.536560227933E-02  1.000000E-30  1.000000E-30  3.714529E-30  2.030961E-29  1.025040E-28  2.782309E-28  3.004880E-28  4.630708E-29
    165  5.559867087093E-02  1.000000E-30  1.000000E-30  3.304639E-30  1.855889E-29  9.683404E-29  2.701785E-28  3.010559E-28  4.707500E-29
    166  5.582344501454E-02  1.000000E-30  1.000000E-30  3.117674E-30  1.744985E-29  9.353563E-29  2.654288E-28  2.965150E-28  4.557703E-29
    167  5.608267729631E-02  1.000000E-30  1.000000E-30  3.345383E-30  1.925259E-29  1.083160E-28  3.191149E-28  3.701958E-28  5.789201E-29
    168  5.632179590432E-02  1.000000E-30  1.000000E-30  2.829567E-30  1.705346E-29  1.000017E-28  3.072880E-28  3.764675E-28  6.021599E-29
    169  5.658568452696E-02  1.000000E-30  1.000000E-30  2.968636E-30  1.829979E-29  1.106881E-28  3.482849E-28  4.355820E-28  7.014389E-29
    170  5.682194908758E-02  1.000000E-30  1.000000E-30  2.487264E-30  1.594068E-29  9.842271E-29  3.176746E-28  4.123103E-28  6.749391E-29
    171  5.707748662895E-02  1.000000E-30  1.000000E-30  2.487537E-30  1.633222E-29  1.062476E-28  3.573788E-28  4.829628E-28  8.027770E-29
    172  5.730159219632E-02  1.000000E-30  1.000000E-30  2.034136E-30  1.402550E-29  9.285188E-29  3.193951E-28  4.460584E-28  7.522806E-29
    173  5.769211250520E-02  1.000000E-30  1.000000E-30  3.104595E-30  2.302236E-29  1.590808E-28  5.752742E-28  8.850925E-28  1.566642E-28
    174  5.804755660481E-02  1.000000E-30  1.000000E-30  2.454222E-30  1.781652E-29  1.428881E-28  5.739025E-28  9.220377E-28  1.625150E-28
    175  5.837706807704E-02  1.000000E-30  1.000000E-30  2.092200E-30  1.663536E-29  1.295102E-28  5.249343E-28  9.090039E-28  1.683176E-28
    176  5.868213309337E-02  1.000000E-30  1.000000E-30  1.773014E-30  1.448309E-29  1.182300E-28  4.954206E-28  8.910498E-28  1.677247E-28
    177  5.897372529375E-02  1.000000E-30  1.000000E-30  1.557789E-30  1.303569E-29  1.112171E-28  4.825302E-28  8.991409E-28  1.715342E-28
    178  5.927019313219E-02  1.000000E-30  1.000000E-30  1.438921E-30  1.252580E-29  1.112050E-28  4.985113E-28  9.615438E-28  1.858930E-28
    179  5.955970264735E-02  1.000000E-30  1.000000E-30  1.301874E-30  1.132892E-29  1.057955E-28  4.953146E-28  1.003440E-27  1.976900E-28
    180  5.987296131417E-02  1.000000E-30  1.000000E-30  1.253626E-30  1.161557E-29  1.123317E-28  5.418533E-28  1.135842E-27  2.268854E-28
    181  6.018239261751E-02  1.000000E-30  1.000000E-30  1.057716E-30  1.051331E-29  1.080709E-28  5.495990E-28  1.193239E-27  2.397172E-28
    182  6.051941164510E-02  1.000000E-30  1.000000E-30  1.023376E-30  1.035842E-29  1.136243E-28  6.079492E-28  1.391262E-27  2.851699E-28
    183  6.081686890997E-02  1.000000E-30  1.000000E-30  1.000000E-30  8.251396E-30  9.583631E-29  5.393392E-28  1.322792E-27  2.791840E-28
    184  6.107970107709E-02  1.000000E-30  1.000000E-30  1.000000E-30  6.501450E-30  8.055143E-29  4.818434E-28  1.273478E-27  2.770895E-28
    185  6.149099227918E-02  1.000000E-30  1.000000E-30  1.000000E-30  9.068162E-30  1.192615E-28  7.550133E-28  2.131787E-27  4.759404E-28
    186  6.184187848266E-02  1.000000E-30  1.000000E-30  1.000000E-30  6.814685E-30  9.603411E-29  6.453981E-28  1.945020E-27  4.450401E-28
    187  6.212841772032E-02  1.000000E-30  1.000000E-30  1.000000E-30  5.172805E-30  7.557898E-29  5.240312E-28  1.639133E-27  3.807075E-28
    188  6.241083345826E-02  1.000000E-30  1.000000E-30  1.000000E-30  4.716585E-30  7.140522E-29  5.124266E-28  1.677358E-27  3.970596E-28
    189  6.286334795077E-02  1.000000E-30  1.000000E-30  1.000000E-30  6.481632E-30  1.056615E-28  8.112264E-28  2.867949E-27  6.992815E-28
    190  6.324448148531E-02  1.000000E-30  1.000000E-30  1.000000E-30  4.672113E-30  8.224623E-29  6.749421E-28  2.563141E-27  6.420579E-28
    191  6.354755735680E-02  1.000000E-30  1.000000E-30  1.000000E-30  3.696171E-30  6.485577E-29  5.337790E-28  2.020916E-27  5.054549E-28
    192  6.382753282149E-02  1.000000E-30  1.000000E-30  1.000000E-30  2.927634E-30  5.491967E-29  4.817776E-28  1.989247E-27  5.156364E-28
    193  6.429792763326E-02  1.000000E-30  1.000000E-30  1.000000E-30  4.234280E-30  8.486533E-29  7.939920E-28  3.474076E-27  9.180884E-28
    194  6.470641913937E-02  1.000000E-30  1.000000E-30  1.000000E-30  3.606775E-30  7.221534E-29  6.758105E-28  2.991569E-27  7.969673E-28
    195  6.514351188605E-02  1.000000E-30  1.000000E-30  1.000000E-30  3.097673E-30  6.853829E-29  7.044286E-28  3.400991E-27  9.330416E-28
    196  6.551961572666E-02  1.000000E-30  1.000000E-30  1.000000E-30  2.334192E-30  5.329550E-29  5.684692E-28  3.073944E-27  8.910094E-28
    197  6.614173306661E-02  1.000000E-30  1.000000E-30  1.000000E-30  2.975489E-30  7.911282E-29  9.400396E-28  5.196196E-27  1.501887E-27
    198  6.666431851744E-02  1.000000E-30  1.000000E-30  1.000000E-30  2.172487E-30  5.550603E-29  6.930138E-28  4.653191E-27  1.472450E-27
    199  6.714973898932E-02  1.000000E-30  1.000000E-30  1.000000E-30  1.751458E-30  4.775652E-29  6.169607E-28  4.358187E-27  1.416321E-27
    200  6.763365269933E-02  1.000000E-30  1.000000E-30  1.000000E-30  1.446524E-30  4.289207E-29  5.917241E-28  4.409193E-27  1.461337E-27
    201  6.810748363549E-02  1.000000E-30  1.000000E-30  1.000000E-30  1.159989E-30  3.680184E-29  5.464034E-28  4.414107E-27  1.507564E-27
    202  6.886988901479E-02  1.000000E-30  1.000000E-30  1.000000E-30  1.561472E-30  5.251510E-29  7.703024E-28  7.128177E-27  2.653517E-27
    203  6.932442343830E-02  1.000000E-30  1.000000E-30  1.000000E-30  1.000000E-30  1.977927E-29  4.124248E-28  4.598047E-27  1.744742E-27
    204  6.977291475786E-02  1.000000E-30  1.000000E-30  1.000000E-30  1.000000E-30  2.171683E-29  4.036839E-28  4.365912E-27  1.677085E-27
    205  7.051837306122E-02  1.000000E-30  1.000000E-30  1.000000E-30  1.000000E-30  3.244030E-29  6.035893E-28  7.138765E-27  2.932850E-27
    206  7.120724846930E-02  1.000000E-30  1.000000E-30  1.000000E-30  1.000000E-30  1.500348E-29  4.466543E-28  7.131619E-27  3.047310E-27
    207  7.185571854523E-02  1.000000E-30  1.000000E-30  1.000000E-30  1.000000E-30  1.131083E-29  3.715281E-28  6.668310E-27  2.968083E-27
    208  7.250556240022E-02  1.000000E-30  1.000000E-30  1.000000E-30  1.000000E-30  1.433315E-29  3.622262E-28  6.256118E-27  2.930706E-27
    209  7.308358088908E-02  1.000000E-30  1.000000E-30  1.000000E-30  1.000000E-30  9.603544E-30  2.844854E-28  5.526657E-27  2.713762E-27
    210  7.365083251161E-02  1.000000E-30  1.000000E-30  1.000000E-30  1.000000E-30  8.049629E-30  2.567541E-28  5.351053E-27  2.696417E-27
    211  7.420607479025E-02  1.000000E-30  1.000000E-30  1.000000E-30  1.000000E-30  6.472362E-30  2.244551E-28  5.167878E-27  2.702832E-27
    212  7.477269193766E-02  1.000000E-30  1.000000E-30  1.000000E-30  1.000000E-30  5.498733E-30  2.056746E-28  5.179841E-27  2.807196E-27
    213  7.532671922740E-02  1.000000E-30  1.000000E-30  1.000000E-30  1.000000E-30  4.351536E-30  1.762737E-28  4.963375E-27  2.815334E-27
    214  7.590819975934E-02  1.000000E-30  1.000000E-30  1.000000E-30  1.000000E-30  3.866576E-30  1.661542E-28  5.087907E-27  2.987705E-27
    215  7.648106882397E-02  1.000000E-30  1.000000E-30  1.000000E-30  1.000000E-30  3.068175E-30  1.412417E-28  4.880213E-27  3.014211E-27
    216  7.706864365518E-02  1.000000E-30  1.000000E-30  1.000000E-30  1.000000E-30  2.666894E-30  1.280720E-28  4.862417E-27  3.126101E-27
    217  7.765097184480E-02  1.000000E-30  1.000000E-30  1.000000E-30  1.000000E-30  2.112546E-30  1.095177E-28  4.666383E-27  3.149809E-27
    218  7.824188421090E-02  1.000000E-30  1.000000E-30  1.000000E-30  1.000000E-30  1.619548E-30  9.469086E-29  4.664474E-27  3.245325E-27
    219  7.883216312169E-02  1.000000E-30  1.000000E-30  1.000000E-30  1.000000E-30  1.367664E-30  8.207447E-29  4.488025E-27  3.272181E-27
    220  7.934760137230E-02  1.000000E-30  1.000000E-30  1.000000E-30  1.000000E-30  1.094421E-30  6.400634E-29  3.773796E-27  2.860434E-27
    221  7.991019390762E-02  1.000000E-30  1.000000E-30  1.000000E-30  1.000000E-30  1.000000E-30  5.810551E-29  3.980929E-27  3.180461E-27
    222  8.044081450283E-02  1.000000E-30  1.000000E-30  1.000000E-30  1.000000E-30  1.000000E-30  4.909747E-29  3.604963E-27  2.989683E-27
    223  8.103419684334E-02  1.000000E-30  1.000000E-30  1.000000E-30  1.000000E-30  1.000000E-30  4.939024E-29  3.829716E-27  3.317908E-27
    224  8.158988408622E-02  1.000000E-30  1.000000E-30  1.000000E-30  1.000000E-30  1.000000E-30  3.794702E-29  3.459928E-27  3.147865E-27
    225  8.219791245697E-02  1.000000E-30  1.000000E-30  1.000000E-30  1.000000E-30  1.000000E-30  3.416909E-29  3.613470E-27  3.471116E-27
    226  8.273529679330E-02  1.000000E-30  1.000000E-30  1.000000E-30  1.000000E-30  1.000000E-30  2.647975E-29  2.959549E-27  3.050769E-27
    227  8.327310875316E-02  1.000000E-30  1.000000E-30  1.000000E-30  1.000000E-30  1.000000E-30  2.397421E-29  2.842406E-27  3.008542E-27
    228  8.381967664174E-02  1.000000E-30  1.000000E-30  1.000000E-30  1.000000E-30  1.000000E-30  1.980389E-29  2.800312E-27  3.080811E-27
    229  8.442137901789E-02  1.000000E-30  1.000000E-30  1.000000E-30  1.000000E-30  1.000000E-30  1.807472E-29  2.914446E-27  3.380179E-27
    230  8.496109010092E-02  1.000000E-30  1.000000E-30  1.000000E-30  1.000000E-30  1.000000E-30  1.480754E-29  2.469031E-27  2.973077E-27
    231  8.556251684447E-02  1.000000E-30  1.000000E-30  1.000000E-30  1.000000E-30  1.000000E-30  1.302381E-29  2.586928E-27  3.316763E-27
    232  8.609514523980E-02  1.000000E-30  1.000000E-30  1.000000E-30  1.000000E-30  1.000000E-30  1.076171E-29  2.157219E-27  2.864233E-27
    233  8.668730402486E-02  1.000000E-30  1.000000E-30  1.000000E-30  1.000000E-30  1.000000E-30  1.006890E-29  2.226688E-27  3.094293E-27
    234  8.725638446658E-02  1.000000E-30  1.000000E-30  1.000000E-30  1.000000E-30  1.000000E-30  8.003219E-30  2.013302E-27  2.978887E-27
    235  8.784892152766E-02  1.000000E-30  1.000000E-30  1.000000E-30  1.000000E-30  1.000000E-30  6.837280E-30  1.946306E-27  3.050212E-27
    236  8.837914431516E-02  1.000000E-30  1.000000E-30  1.000000E-30  1.000000E-30  1.000000E-30  5.285174E-30  1.623726E-27  2.645160E-27
    237  8.927467123273E-02  1.000000E-30  1.000000E-30  1.000000E-30  1.000000E-30  1.000000E-30  8.042563E-30  2.288260E-27  3.981088E-27
    238  9.009385267910E-02  1.000000E-30  1.000000E-30  1.000000E-30  1.000000E-30  1.000000E-30  3.275120E-30  1.909856E-27  4.153807E-27
    239  9.088007009323E-02  1.000000E-30  1.000000E-30  1.000000E-30  1.000000E-30  1.000000E-30  2.728467E-30  1.613746E-27  3.554321E-27
    240  9.160938796651E-02  1.000000E-30  1.000000E-30  1.000000E-30  1.000000E-30  1.000000E-30  2.087890E-30  1.277669E-27  3.154396E-27
    241  9.231864750676E-02  1.000000E-30  1.000000E-30  1.000000E-30  1.000000E-30  1.000000E-30  2.607261E-30  1.079979E-27  2.583162E-27
    242  9.335415502949E-02  1.000000E-30  1.000000E-30  1.000000E-30  1.000000E-30  1.000000E-30  3.167490E-30  1.094235E-27  2.999658E-27
    243  9.429165011748E-02  1.000000E-30  1.000000E-30  1.000000E-30  1.000000E-30  1.000000E-30  1.454488E-30  1.050993E-27  3.706684E-27
    244  9.514750284226E-02  1.000000E-30  1.000000E-30  1.000000E-30  1.000000E-30  1.000000E-30  1.331954E-30  8.047380E-28  2.361002E-27
    245  9.592869681963E-02  1.000000E-30  1.000000E-30  1.000000E-30  1.000000E-30  1.000000E-30  1.158016E-30  4.086004E-28  1.757598E-27
    246  9.638259128200E-02  1.000000E-30  1.000000E-30  1.000000E-30  1.000000E-30  1.000000E-30  1.000000E-30  2.372408E-28  9.559048E-28
    247  9.686466198075E-02  1.000000E-30  1.000000E-30  1.000000E-30  1.000000E-30  1.000000E-30  1.000000E-30  2.513941E-28  9.533684E-28
    248  9.745016881397E-02  1.000000E-30  1.000000E-30  1.000000E-30  1.000000E-30  1.000000E-30  1.000000E-30  2.504480E-28  1.021131E-27
    249  9.798964068785E-02  1.000000E-30  1.000000E-30  1.000000E-30  1.000000E-30  1.000000E-30  1.000000E-30  1.993254E-28  8.290300E-28
    250  9.892639389759E-02  1.000000E-30  1.000000E-30  1.000000E-30  1.000000E-30  1.000000E-30  1.226185E-30  3.445019E-28  1.162799E-27
    251  9.977784733458E-02  1.000000E-30  1.000000E-30  1.000000E-30  1.000000E-30  1.000000E-30  1.058684E-30  1.702238E-28  6.178016E-28
    252  1.005622893962E-01  1.000000E-30  1.000000E-30  1.000000E-30  1.000000E-30  1.000000E-30  1.000000E-30  6.983195E-29  3.476256E-28
    253  1.013070552067E-01  1.000000E-30  1.000000E-30  1.000000E-30  1.000000E-30  1.000000E-30  1.000000E-30  9.649956E-29  4.842744E-28
    254  1.019791947326E-01  1.000000E-30  1.000000E-30  1.000000E-30  1.000000E-30  1.000000E-30  1.000000E-30  2.953099E-29  1.794018E-28
    255  1.025982572428E-01  1.000000E-30  1.000000E-30  1.000000E-30  1.000000E-30  1.000000E-30  1.000000E-30  2.618173E-29  1.556104E-28
    256  1.032644197032E-01  1.000000E-30  1.000000E-30  1.000000E-30  1.000000E-30  1.000000E-30  1.000000E-30  2.142065E-29  1.276006E-28
    257  1.039121745974E-01  1.000000E-30  1.000000E-30  1.000000E-30  1.000000E-30  1.000000E-30  1.000000E-30  1.756929E-29  9.844499E-29
    258  1.045193471709E-01  1.000000E-30  1.000000E-30  1.000000E-30  1.000000E-30  1.000000E-30  1.000000E-30  1.295622E-29  6.481623E-29
    259  1.051181778144E-01  1.000000E-30  1.000000E-30  1.000000E-30  1.000000E-30  1.000000E-30  1.000000E-30  1.038074E-29  4.774865E-29
    260  1.056826419982E-01  1.000000E-30  1.000000E-30  1.000000E-30  1.000000E-30  1.000000E-30  1.000000E-30  8.589485E-30  3.236191E-29
    261  1.062431336111E-01  1.000000E-30  1.000000E-30  1.000000E-30  1.000000E-30  1.000000E-30  1.000000E-30  7.445923E-30  2.379825E-29
    262  1.068146627648E-01  1.000000E-30  1.000000E-30  1.000000E-30  1.000000E-30  1.000000E-30  1.000000E-30  6.852688E-30  1.731178E-29
    263  1.073656177930E-01  1.000000E-30  1.000000E-30  1.000000E-30  1.000000E-30  1.000000E-30  1.000000E-30  6.125935E-30  1.199780E-29
    264  1.079139362418E-01  1.000000E-30  1.000000E-30  1.000000E-30  1.000000E-30  1.000000E-30  1.000000E-30  5.638131E-30  8.659579E-30
    265  1.084202130578E-01  1.000000E-30  1.000000E-30  1.000000E-30  1.000000E-30  1.000000E-30  1.000000E-30  4.902963E-30  6.136878E-30
    266  1.089957947327E-01  1.000000E-30  1.000000E-30  1.000000E-30  1.000000E-30  1.000000E-30  1.000000E-30  5.492630E-30  5.520153E-30
    267  1.095139929398E-01  1.000000E-30  1.000000E-30  1.000000E-30  1.000000E-30  1.000000E-30  1.000000E-30  4.913934E-30  4.308287E-30
    268  1.100036617482E-01  1.000000E-30  1.000000E-30  1.000000E-30  1.000000E-30  1.000000E-30  1.000000E-30  4.517511E-30  3.620521E-30
    269  1.105581599754E-01  1.000000E-30  1.000000E-30  1.000000E-30  1.000000E-30  1.000000E-30  1.000000E-30  4.926421E-30  3.749909E-30
    270  1.111738162549E-01  1.000000E-30  1.000000E-30  1.000000E-30  1.000000E-30  1.000000E-30  1.000000E-30  5.411983E-30  3.924715E-30
    271  1.117276452796E-01  1.000000E-30  1.000000E-30  1.000000E-30  1.000000E-30  1.000000E-30  1.000000E-30  4.931164E-30  3.546665E-30
    272  1.122547306619E-01  1.000000E-30  1.000000E-30  1.000000E-30  1.000000E-30  1.000000E-30  1.000000E-30  4.588833E-30  3.204740E-30
    273  1.128196390807E-01  1.000000E-30  1.000000E-30  1.000000E-30  1.000000E-30  1.000000E-30  1.000000E-30  4.768160E-30  3.379761E-30
    274  1.134172103791E-01  1.000000E-30  1.000000E-30  1.000000E-30  1.000000E-30  1.000000E-30  1.000000E-30  5.158170E-30  3.617646E-30
    275  1.139661173569E-01  1.000000E-30  1.000000E-30  1.000000E-30  1.000000E-30  1.000000E-30  1.000000E-30  4.594755E-30  3.257546E-30
    276  1.145721141816E-01  1.000000E-30  1.000000E-30  1.000000E-30  1.000000E-30  1.000000E-30  1.000000E-30  4.930294E-30  3.448464E-30
    277  1.151138636995E-01  1.000000E-30  1.000000E-30  1.000000E-30  1.000000E-30  1.000000E-30  1.000000E-30  4.443946E-30  3.158145E-30
    278  1.160623872824E-01  1.000000E-30  1.000000E-30  1.000000E-30  1.000000E-30  1.000000E-30  1.000000E-30  7.763986E-30  5.377284E-30
    279  1.166131253687E-01  1.000000E-30  1.000000E-30  1.000000E-30  1.000000E-30  1.000000E-30  1.000000E-30  4.339158E-30  3.006295E-30
    280  1.171578902390E-01  1.000000E-30  1.000000E-30  1.000000E-30  1.000000E-30  1.000000E-30  1.000000E-30  4.215772E-30  2.929327E-30
    281  1.179966344325E-01  1.000000E-30  1.000000E-30  1.000000E-30  1.000000E-30  1.000000E-30  1.000000E-30  6.444923E-30  4.478831E-30
    282  1.184626561866E-01  1.000000E-30  1.000000E-30  1.000000E-30  1.000000E-30  1.000000E-30  1.000000E-30  3.563921E-30  2.352829E-30
    283  1.189221956404E-01  1.000000E-30  1.000000E-30  1.000000E-30  1.000000E-30  1.000000E-30  1.000000E-30  3.491612E-30  2.365854E-30
    284  1.197605220964E-01  1.000000E-30  1.000000E-30  1.000000E-30  1.000000E-30  1.000000E-30  1.000000E-30  6.220614E-30  4.270750E-30
    285  1.205341475296E-01  1.000000E-30  1.000000E-30  1.000000E-30  1.000000E-30  1.000000E-30  1.000000E-30  5.925646E-30  3.861108E-30
    286  1.212540834288E-01  1.000000E-30  1.000000E-30  1.000000E-30  1.000000E-30  1.000000E-30  1.000000E-30  5.178945E-30  3.421842E-30
    287  1.219299358624E-01  1.000000E-30  1.000000E-30  1.000000E-30  1.000000E-30  1.000000E-30  1.000000E-30  4.793234E-30  3.315273E-30
    288  1.225766858039E-01  1.000000E-30  1.000000E-30  1.000000E-30  1.000000E-30  1.000000E-30  1.000000E-30  4.701201E-30  2.946989E-30
    289  1.231854533608E-01  1.000000E-30  1.000000E-30  1.000000E-30  1.000000E-30  1.000000E-30  1.000000E-30  4.200130E-30  2.774233E-30
    290  1.237219182154E-01  1.000000E-30  1.000000E-30  1.000000E-30  1.000000E-30  1.000000E-30  1.000000E-30  3.857990E-30  2.470805E-30
    291  1.242404039059E-01  1.000000E-30  1.000000E-30  1.000000E-30  1.000000E-30  1.000000E-30  1.000000E-30  3.568180E-30  2.357884E-30
    292  1.248086455930E-01  1.000000E-30  1.000000E-30  1.000000E-30  1.000000E-30  1.000000E-30  1.000000E-30  3.904012E-30  2.449669E-30
    293  1.253177247642E-01  1.000000E-30  1.000000E-30  1.000000E-30  1.000000E-30  1.000000E-30  1.000000E-30  3.477010E-30  2.278671E-30
    294  1.258810647447E-01  1.000000E-30  1.000000E-30  1.000000E-30  1.000000E-30  1.000000E-30  1.000000E-30  3.777006E-30  2.387886E-30
    295  1.264205598797E-01  1.000000E-30  1.000000E-30  1.000000E-30  1.000000E-30  1.000000E-30  1.000000E-30  3.566820E-30  2.332258E-30
    296  1.270317883483E-01  1.000000E-30  1.000000E-30  1.000000E-30  1.000000E-30  1.000000E-30  1.000000E-30  3.962561E-30  2.630373E-30
    297  1.275757308169E-01  1.000000E-30  1.000000E-30  1.000000E-30  1.000000E-30  1.000000E-30  1.000000E-30  3.545884E-30  2.305821E-30
    298  1.286048671531E-01  1.000000E-30  1.000000E-30  1.000000E-30  1.000000E-30  1.000000E-30  1.000000E-30  6.574069E-30  4.227055E-30
    299  1.290949488661E-01  1.000000E-30  1.000000E-30  1.000000E-30  1.000000E-30  1.000000E-30  1.000000E-30  3.153017E-30  1.941314E-30
    300  1.295345101683E-01  1.000000E-30  1.000000E-30  1.000000E-30  1.000000E-30  1.000000E-30  1.000000E-30  2.764902E-30  1.722868E-30
    301  1.303954523490E-01  1.000000E-30  1.000000E-30  1.000000E-30  1.000000E-30  1.000000E-30  1.000000E-30  5.595552E-30  3.269415E-30
    302  1.308549873199E-01  1.000000E-30  1.000000E-30  1.000000E-30  1.000000E-30  1.000000E-30  1.000000E-30  2.828194E-30  1.749150E-30
    303  1.312776310019E-01  1.000000E-30  1.000000E-30  1.000000E-30  1.000000E-30  1.000000E-30  1.000000E-30  2.521533E-30  1.587696E-30
    304  1.320787884157E-01  1.000000E-30  1.000000E-30  1.000000E-30  1.000000E-30  1.000000E-30  1.000000E-30  4.925156E-30  2.974489E-30
    305  1.327308179063E-01  1.000000E-30  1.000000E-30  1.000000E-30  1.000000E-30  1.000000E-30  1.000000E-30  3.945294E-30  2.442058E-30
    306  1.333821207310E-01  1.000000E-30  1.000000E-30  1.000000E-30  1.000000E-30  1.000000E-30  1.000000E-30  3.897229E-30  2.256493E-30
    307  1.339749669338E-01  1.000000E-30  1.000000E-30  1.000000E-30  1.000000E-30  1.000000E-30  1.000000E-30  3.475796E-30  2.109356E-30
    308  1.345530840576E-01  1.000000E-30  1.000000E-30  1.000000E-30  1.000000E-30  1.000000E-30  1.000000E-30  3.436348E-30  2.002077E-30
    309  1.351098094661E-01  1.000000E-30  1.000000E-30  1.000000E-30  1.000000E-30  1.000000E-30  1.000000E-30  3.137256E-30  1.899185E-30
    310  1.359304916944E-01  1.000000E-30  1.000000E-30  1.000000E-30  1.000000E-30  1.000000E-30  1.000000E-30  4.560801E-30  2.836751E-30
    311  1.363572082699E-01  1.000000E-30  1.000000E-30  1.000000E-30  1.000000E-30  1.000000E-30  1.000000E-30  2.318630E-30  1.417135E-30
    312  1.367788244083E-01  1.000000E-30  1.000000E-30  1.000000E-30  1.000000E-30  1.000000E-30  1.000000E-30  2.365713E-30  1.383391E-30
    313  1.375777712339E-01  1.000000E-30  1.000000E-30  1.000000E-30  1.000000E-30  1.000000E-30  1.000000E-30  4.460409E-30  2.610875E-30
    314  1.380438267916E-01  1.000000E-30  1.000000E-30  1.000000E-30  1.000000E-30  1.000000E-30  1.000000E-30  2.558730E-30  1.483132E-30
    315  1.384690951451E-01  1.000000E-30  1.000000E-30  1.000000E-30  1.000000E-30  1.000000E-30  1.000000E-30  2.234498E-30  1.341155E-30
    316  1.391087445178E-01  1.000000E-30  1.000000E-30  1.000000E-30  1.000000E-30  1.000000E-30  1.000000E-30  3.328107E-30  1.977515E-30
    317  1.397002518981E-01  1.000000E-30  1.000000E-30  1.000000E-30  1.000000E-30  1.000000E-30  1.000000E-30  3.087380E-30  1.805213E-30
    318  1.402705851668E-01  1.000000E-30  1.000000E-30  1.000000E-30  1.000000E-30  1.000000E-30  1.000000E-30  2.927865E-30  1.717801E-30
    319  1.408634912375E-01  1.000000E-30  1.000000E-30  1.000000E-30  1.000000E-30  1.000000E-30  1.000000E-30  3.050906E-30  1.754155E-30
    320  1.414089642241E-01  1.000000E-30  1.000000E-30  1.000000E-30  1.000000E-30  1.000000E-30  1.000000E-30  2.740094E-30  1.594407E-30
    321  1.419220762512E-01  1.000000E-30  1.000000E-30  1.000000E-30  1.000000E-30  1.000000E-30  1.000000E-30  2.514362E-30  1.479954E-30
    322  1.422771704232E-01  1.000000E-30  1.000000E-30  1.000000E-30  1.000000E-30  1.000000E-30  1.000000E-30  1.775495E-30  1.019783E-30
    323  1.426029315631E-01  1.000000E-30  1.000000E-30  1.000000E-30  1.000000E-30  1.000000E-30  1.000000E-30  1.618291E-30  1.000000E-30
    324  1.430135230101E-01  1.000000E-30  1.000000E-30  1.000000E-30  1.000000E-30  1.000000E-30  1.000000E-30  2.021445E-30  1.155974E-30
    325  1.434683796643E-01  1.000000E-30  1.000000E-30  1.000000E-30  1.000000E-30  1.000000E-30  1.000000E-30  2.283506E-30  1.264785E-30
    326  1.440315208021E-01  1.000000E-30  1.000000E-30  1.000000E-30  1.000000E-30  1.000000E-30  1.000000E-30  2.684594E-30  1.542602E-30
    327  1.445490332405E-01  1.000000E-30  1.000000E-30  1.000000E-30  1.000000E-30  1.000000E-30  1.000000E-30  2.425890E-30  1.398987E-30
    328  1.451370980342E-01  1.000000E-30  1.000000E-30  1.000000E-30  1.000000E-30  1.000000E-30  1.000000E-30  2.861100E-30  1.564218E-30
    329  1.457052374241E-01  1.000000E-30  1.000000E-30  1.000000E-30  1.000000E-30  1.000000E-30  1.000000E-30  2.591664E-30  1.490920E-30
    330  1.463107957421E-01  1.000000E-30  1.000000E-30  1.000000E-30  1.000000E-30  1.000000E-30  1.000000E-30  2.795701E-30  1.566641E-30
    331  1.468752132891E-01  1.000000E-30  1.000000E-30  1.000000E-30  1.000000E-30  1.000000E-30  1.000000E-30  2.516427E-30  1.439244E-30
    332  1.475510939381E-01  1.000000E-30  1.000000E-30  1.000000E-30  1.000000E-30  1.000000E-30  1.000000E-30  3.182322E-30  1.690722E-30
    333  1.481899111058E-01  1.000000E-30  1.000000E-30  1.000000E-30  1.000000E-30  1.000000E-30  1.000000E-30  2.865505E-30  1.576799E-30
    334  1.491767377555E-01  1.000000E-30  1.000000E-30  1.000000E-30  1.000000E-30  1.000000E-30  1.000000E-30  4.476965E-30  2.295982E-30
    335  1.497116139607E-01  1.000000E-30  1.000000E-30  1.000000E-30  1.000000E-30  1.000000E-30  1.000000E-30  2.293603E-30  1.276097E-30
    336  1.502421520731E-01  1.000000E-30  1.000000E-30  1.000000E-30  1.000000E-30  1.000000E-30  1.000000E-30  2.343948E-30  1.246516E-30
    337  1.509052103900E-01  1.000000E-30  1.000000E-30  1.000000E-30  1.000000E-30  1.000000E-30  1.000000E-30  2.921355E-30  1.527823E-30
    338  1.515352476696E-01  1.000000E-30  1.000000E-30  1.000000E-30  1.000000E-30  1.000000E-30  1.000000E-30  2.562773E-30  1.430564E-30
    339  1.521327102765E-01  1.000000E-30  1.000000E-30  1.000000E-30  1.000000E-30  1.000000E-30  1.000000E-30  2.597260E-30  1.340828E-30
    340  1.526678407657E-01  1.000000E-30  1.000000E-30  1.000000E-30  1.000000E-30  1.000000E-30  1.000000E-30  2.262111E-30  1.184613E-30
    341  1.532481602429E-01  1.000000E-30  1.000000E-30  1.000000E-30  1.000000E-30  1.000000E-30  1.000000E-30  2.380633E-30  1.265059E-30
    342  1.535863948111E-01  1.000000E-30  1.000000E-30  1.000000E-30  1.000000E-30  1.000000E-30  1.000000E-30  1.375146E-30  1.000000E-30
    343  1.538995751697E-01  1.000000E-30  1.000000E-30  1.000000E-30  1.000000E-30  1.000000E-30  1.000000E-30  1.263141E-30  1.000000E-30
    344  1.546020187628E-01  1.000000E-30  1.000000E-30  1.000000E-30  1.000000E-30  1.000000E-30  1.000000E-30  2.807067E-30  1.479709E-30
    345  1.552062305672E-01  1.000000E-30  1.000000E-30  1.000000E-30  1.000000E-30  1.000000E-30  1.000000E-30  2.301960E-30  1.257965E-30
    346  1.557875935888E-01  1.000000E-30  1.000000E-30  1.000000E-30  1.000000E-30  1.000000E-30  1.000000E-30  2.214534E-30  1.194392E-30
    347  1.566447447202E-01  1.000000E-30  1.000000E-30  1.000000E-30  1.000000E-30  1.000000E-30  1.000000E-30  3.383332E-30  1.715966E-30
    348  1.574294426159E-01  1.000000E-30  1.000000E-30  1.000000E-30  1.000000E-30  1.000000E-30  1.000000E-30  2.942435E-30  1.545153E-30
    349  1.581710514975E-01  1.000000E-30  1.000000E-30  1.000000E-30  1.000000E-30  1.000000E-30  1.000000E-30  2.718294E-30  1.430787E-30
    350  1.588328903187E-01  1.000000E-30  1.000000E-30  1.000000E-30  1.000000E-30  1.000000E-30  1.000000E-30  2.456634E-30  1.259581E-30
    351  1.594606073659E-01  1.000000E-30  1.000000E-30  1.000000E-30  1.000000E-30  1.000000E-30  1.000000E-30  2.212847E-30  1.178029E-30
    352  1.600565792087E-01  1.000000E-30  1.000000E-30  1.000000E-30  1.000000E-30  1.000000E-30  1.000000E-30  2.215591E-30  1.103776E-30
    353  1.607059625219E-01  1.000000E-30  1.000000E-30  1.000000E-30  1.000000E-30  1.000000E-30  1.000000E-30  2.357528E-30  1.178298E-30
    354  1.613957576202E-01  1.000000E-30  1.000000E-30  1.000000E-30  1.000000E-30  1.000000E-30  1.000000E-30  2.434351E-30  1.232911E-30
    355  1.620398820205E-01  1.000000E-30  1.000000E-30  1.000000E-30  1.000000E-30  1.000000E-30  1.000000E-30  2.303391E-30  1.131747E-30
    356  1.627691861850E-01  1.000000E-30  1.000000E-30  1.000000E-30  1.000000E-30  1.000000E-30  1.000000E-30  2.391591E-30  1.256343E-30
    357  1.634667099868E-01  1.000000E-30  1.000000E-30  1.000000E-30  1.000000E-30  1.000000E-30  1.000000E-30  2.255880E-30  1.185879E-30
    358  1.645369737572E-01  1.000000E-30  1.000000E-30  1.000000E-30  1.000000E-30  1.000000E-30  1.000000E-30  3.439275E-30  1.760511E-30
    359  1.651200899964E-01  1.000000E-30  1.000000E-30  1.000000E-30  1.000000E-30  1.000000E-30  1.000000E-30  1.895390E-30  1.000000E-30
    360  1.656939516385E-01  1.000000E-30  1.000000E-30  1.000000E-30  1.000000E-30  1.000000E-30  1.000000E-30  1.837217E-30  1.000000E-30
    361  1.664404283242E-01  1.000000E-30  1.000000E-30  1.000000E-30  1.000000E-30  1.000000E-30  1.000000E-30  2.354126E-30  1.176563E-30
    362  1.671401020014E-01  1.000000E-30  1.000000E-30  1.000000E-30  1.000000E-30  1.000000E-30  1.000000E-30  2.251053E-30  1.089567E-30
    363  1.682228463170E-01  1.000000E-30  1.000000E-30  1.000000E-30  1.000000E-30  1.000000E-30  1.000000E-30  3.369477E-30  1.630726E-30
    364  1.688914277275E-01  1.000000E-30  1.000000E-30  1.000000E-30  1.000000E-30  1.000000E-30  1.000000E-30  2.014952E-30  1.000028E-30
    365  1.695862681704E-01  1.000000E-30  1.000000E-30  1.000000E-30  1.000000E-30  1.000000E-30  1.000000E-30  2.055897E-30  1.017159E-30
    366  1.708796298676E-01  1.000000E-30  1.000000E-30  1.000000E-30  1.000000E-30  1.000000E-30  1.000000E-30  3.892457E-30  1.818390E-30
    367  1.720689125062E-01  1.000000E-30  1.000000E-30  1.000000E-30  1.000000E-30  1.000000E-30  1.000000E-30  3.301609E-30  1.625100E-30
    368  1.730357271347E-01  1.000000E-30  1.000000E-30  1.000000E-30  1.000000E-30  1.000000E-30  1.000000E-30  2.684416E-30  1.305496E-30
    369  1.739185931198E-01  1.000000E-30  1.000000E-30  1.000000E-30  1.000000E-30  1.000000E-30  1.000000E-30  2.415616E-30  1.164300E-30
    370  1.748109107026E-01  1.000000E-30  1.000000E-30  1.000000E-30  1.000000E-30  1.000000E-30  1.000000E-30  2.379774E-30  1.160094E-30
    371  1.757092013639E-01  1.000000E-30  1.000000E-30  1.000000E-30  1.000000E-30  1.000000E-30  1.000000E-30  2.302946E-30  1.135519E-30
    372  1.765567714958E-01  1.000000E-30  1.000000E-30  1.000000E-30  1.000000E-30  1.000000E-30  1.000000E-30  2.280978E-30  1.048164E-30
    373  1.775373762473E-01  1.000000E-30  1.000000E-30  1.000000E-30  1.000000E-30  1.000000E-30  1.000000E-30  2.380606E-30  1.181352E-30
    374  1.784803688374E-01  1.000000E-30  1.000000E-30  1.000000E-30  1.000000E-30  1.000000E-30  1.000000E-30  2.424391E-30  1.112304E-30
    375  1.795112536071E-01  1.000000E-30  1.000000E-30  1.000000E-30  1.000000E-30  1.000000E-30  1.000000E-30  2.398170E-30  1.184677E-30
    376  1.804824008025E-01  1.000000E-30  1.000000E-30  1.000000E-30  1.000000E-30  1.000000E-30  1.000000E-30  2.419313E-30  1.092712E-30
    377  1.815169070317E-01  1.000000E-30  1.000000E-30  1.000000E-30  1.000000E-30  1.000000E-30  1.000000E-30  2.378414E-30  1.134770E-30
    378  1.825428215499E-01  1.000000E-30  1.000000E-30  1.000000E-30  1.000000E-30  1.000000E-30  1.000000E-30  2.272498E-30  1.103225E-30
    379  1.841355644659E-01  1.000000E-30  1.000000E-30  1.000000E-30  1.000000E-30  1.000000E-30  1.000000E-30  3.479975E-30  1.633385E-30
    380  1.856860183354E-01  1.000000E-30  1.000000E-30  1.000000E-30  1.000000E-30  1.000000E-30  1.000000E-30  3.541145E-30  1.537037E-30
    381  1.870847965371E-01  1.000000E-30  1.000000E-30  1.000000E-30  1.000000E-30  1.000000E-30  1.000000E-30  2.963031E-30  1.350000E-30
    382  1.883699545972E-01  1.000000E-30  1.000000E-30  1.000000E-30  1.000000E-30  1.000000E-30  1.000000E-30  2.642164E-30  1.210231E-30
    383  1.895671856375E-01  1.000000E-30  1.000000E-30  1.000000E-30  1.000000E-30  1.000000E-30  1.000000E-30  2.385460E-30  1.102077E-30
    384  1.907324824205E-01  1.000000E-30  1.000000E-30  1.000000E-30  1.000000E-30  1.000000E-30  1.000000E-30  2.165792E-30  1.037904E-30
    385  1.917913284253E-01  1.000000E-30  1.000000E-30  1.000000E-30  1.000000E-30  1.000000E-30  1.000000E-30  2.026463E-30  1.000000E-30
    386  1.928179034582E-01  1.000000E-30  1.000000E-30  1.000000E-30  1.000000E-30  1.000000E-30  1.000000E-30  1.917735E-30  1.000000E-30
    387  1.939781308337E-01  1.000000E-30  1.000000E-30  1.000000E-30  1.000000E-30  1.000000E-30  1.000000E-30  2.265741E-30  1.000000E-30
    388  1.950365569225E-01  1.000000E-30  1.000000E-30  1.000000E-30  1.000000E-30  1.000000E-30  1.000000E-30  1.892652E-30  1.000000E-30
    389  1.963061656501E-01  1.000000E-30  1.000000E-30  1.000000E-30  1.000000E-30  1.000000E-30  1.000000E-30  2.172860E-30  1.000000E-30
    390  1.975160386553E-01  1.000000E-30  1.000000E-30  1.000000E-30  1.000000E-30  1.000000E-30  1.000000E-30  2.053539E-30  1.000000E-30
    391  1.988970783448E-01  1.000000E-30  1.000000E-30  1.000000E-30  1.000000E-30  1.000000E-30  1.000000E-30  2.154906E-30  1.023189E-30
    392  2.001908516564E-01  1.000000E-30  1.000000E-30  1.000000E-30  1.000000E-30  1.000000E-30  1.000000E-30  2.227364E-30  1.000000E-30
    393  2.023233395230E-01  1.000000E-30  1.000000E-30  1.000000E-30  1.000000E-30  1.000000E-30  1.000000E-30  3.408432E-30  1.447939E-30
    394  2.035207364909E-01  1.000000E-30  1.000000E-30  1.000000E-30  1.000000E-30  1.000000E-30  1.000000E-30  1.826198E-30  1.000000E-30
    395  2.047171141817E-01  1.000000E-30  1.000000E-30  1.000000E-30  1.000000E-30  1.000000E-30  1.000000E-30  1.770367E-30  1.000000E-30
    396  2.061861175315E-01  1.000000E-30  1.000000E-30  1.000000E-30  1.000000E-30  1.000000E-30  1.000000E-30  2.290897E-30  1.000000E-30
    397  2.075162532616E-01  1.000000E-30  1.000000E-30  1.000000E-30  1.000000E-30  1.000000E-30  1.000000E-30  1.902608E-30  1.000000E-30
    398  2.088103947538E-01  1.000000E-30  1.000000E-30  1.000000E-30  1.000000E-30  1.000000E-30  1.000000E-30  1.781902E-30  1.000000E-30
    399  2.102374295066E-01  1.000000E-30  1.000000E-30  1.000000E-30  1.000000E-30  1.000000E-30  1.000000E-30  1.933218E-30  1.000000E-30
    400  2.116254943500E-01  1.000000E-30  1.000000E-30  1.000000E-30  1.000000E-30  1.000000E-30  1.000000E-30  1.807630E-30  1.000000E-30
    401  2.137594200207E-01  1.000000E-30  1.000000E-30  1.000000E-30  1.000000E-30  1.000000E-30  1.000000E-30  2.674287E-30  1.149273E-30
    402  2.149968302441E-01  1.000000E-30  1.000000E-30  1.000000E-30  1.000000E-30  1.000000E-30  1.000000E-30  1.527130E-30  1.000000E-30
    403  2.163578604848E-01  1.000000E-30  1.000000E-30  1.000000E-30  1.000000E-30  1.000000E-30  1.000000E-30  1.611179E-30  1.000000E-30
    404  2.188327022992E-01  1.000000E-30  1.000000E-30  1.000000E-30  1.000000E-30  1.000000E-30  1.000000E-30  3.069303E-30  1.196094E-30
    405  2.210861741802E-01  1.000000E-30  1.000000E-30  1.000000E-30  1.000000E-30  1.000000E-30  1.000000E-30  2.350053E-30  1.051733E-30
    406  2.231360986547E-01  1.000000E-30  1.000000E-30  1.000000E-30  1.000000E-30  1.000000E-30  1.000000E-30  2.400831E-30  1.000000E-30
    407  2.249661932162E-01  1.000000E-30  1.000000E-30  1.000000E-30  1.000000E-30  1.000000E-30  1.000000E-30  1.841507E-30  1.000000E-30
    408  2.266023391923E-01  1.000000E-30  1.000000E-30  1.000000E-30  1.000000E-30  1.000000E-30  1.000000E-30  1.612832E-30  1.000000E-30
    409  2.291569547831E-01  1.000000E-30  1.000000E-30  1.000000E-30  1.000000E-30  1.000000E-30  1.000000E-30  2.192473E-30  1.020233E-30
    410  2.305971902523E-01  1.000000E-30  1.000000E-30  1.000000E-30  1.000000E-30  1.000000E-30  1.000000E-30  1.340921E-30  1.000000E-30
    411  2.319348711247E-01  1.000000E-30  1.000000E-30  1.000000E-30  1.000000E-30  1.000000E-30  1.000000E-30  1.199124E-30  1.000000E-30
    412  2.335360820165E-01  1.000000E-30  1.000000E-30  1.000000E-30  1.000000E-30  1.000000E-30  1.000000E-30  1.405535E-30  1.000000E-30
    413  2.351317971316E-01  1.000000E-30  1.000000E-30  1.000000E-30  1.000000E-30  1.000000E-30  1.000000E-30  1.364768E-30  1.000000E-30
    414  2.376293164755E-01  1.000000E-30  1.000000E-30  1.000000E-30  1.000000E-30  1.000000E-30  1.000000E-30  2.054443E-30  1.000000E-30
    415  2.399259738388E-01  1.000000E-30  1.000000E-30  1.000000E-30  1.000000E-30  1.000000E-30  1.000000E-30  1.797253E-30  1.000000E-30
    416  2.420046682363E-01  1.000000E-30  1.000000E-30  1.000000E-30  1.000000E-30  1.000000E-30  1.000000E-30  1.548381E-30  1.000000E-30
    417  2.451201276448E-01  1.000000E-30  1.000000E-30  1.000000E-30  1.000000E-30  1.000000E-30  1.000000E-30  1.836494E-30  1.000000E-30
    418  2.467564269033E-01  1.000000E-30  1.000000E-30  1.000000E-30  1.000000E-30  1.000000E-30  1.000000E-30  1.162606E-30  1.000000E-30
    419  2.483354027874E-01  1.000000E-30  1.000000E-30  1.000000E-30  1.000000E-30  1.000000E-30  1.000000E-30  1.101813E-30  1.000000E-30
    420  2.499258654919E-01  1.000000E-30  1.000000E-30  1.000000E-30  1.000000E-30  1.000000E-30  1.000000E-30  1.083468E-30  1.000000E-30
    421  2.515152656983E-01  1.000000E-30  1.000000E-30  1.000000E-30  1.000000E-30  1.000000E-30  1.000000E-30  1.017082E-30  1.000000E-30
    422  2.542060864984E-01  1.000000E-30  1.000000E-30  1.000000E-30  1.000000E-30  1.000000E-30  1.000000E-30  1.659251E-30  1.000000E-30
    423  2.556901221114E-01  1.000000E-30  1.000000E-30  1.000000E-30  1.000000E-30  1.000000E-30  1.000000E-30  1.000000E-30  1.000000E-30
    424  2.570805114381E-01  1.000000E-30  1.000000E-30  1.000000E-30  1.000000E-30  1.000000E-30  1.000000E-30  1.000000E-30  1.000000E-30
    425  2.598984391343E-01  1.000000E-30  1.000000E-30  1.000000E-30  1.000000E-30  1.000000E-30  1.000000E-30  1.531138E-30  1.000000E-30
    426  2.622653138568E-01  1.000000E-30  1.000000E-30  1.000000E-30  1.000000E-30  1.000000E-30  1.000000E-30  1.270849E-30  1.000000E-30
    427  2.644885215151E-01  1.000000E-30  1.000000E-30  1.000000E-30  1.000000E-30  1.000000E-30  1.000000E-30  1.168558E-30  1.000000E-30
    428  2.667229470066E-01  1.000000E-30  1.000000E-30  1.000000E-30  1.000000E-30  1.000000E-30  1.000000E-30  1.138339E-30  1.000000E-30
    429  2.687894382327E-01  1.000000E-30  1.000000E-30  1.000000E-30  1.000000E-30  1.000000E-30  1.000000E-30  1.000000E-30  1.000000E-30
    430  2.709436570286E-01  1.000000E-30  1.000000E-30  1.000000E-30  1.000000E-30  1.000000E-30  1.000000E-30  1.000000E-30  1.000000E-30
    431  2.728595154549E-01  1.000000E-30  1.000000E-30  1.000000E-30  1.000000E-30  1.000000E-30  1.000000E-30  1.000000E-30  1.000000E-30
    432  2.763050324764E-01  1.000000E-30  1.000000E-30  1.000000E-30  1.000000E-30  1.000000E-30  1.000000E-30  1.507382E-30  1.000000E-30
    433  2.797281875476E-01  1.000000E-30  1.000000E-30  1.000000E-30  1.000000E-30  1.000000E-30  1.000000E-30  1.441916E-30  1.000000E-30
    434  2.831107064370E-01  1.000000E-30  1.000000E-30  1.000000E-30  1.000000E-30  1.000000E-30  1.000000E-30  1.378864E-30  1.000000E-30
    435  2.863632962154E-01  1.000000E-30  1.000000E-30  1.000000E-30  1.000000E-30  1.000000E-30  1.000000E-30  1.302668E-30  1.000000E-30
    436  2.894106333807E-01  1.000000E-30  1.000000E-30  1.000000E-30  1.000000E-30  1.000000E-30  1.000000E-30  1.092561E-30  1.000000E-30
    437  2.941185503109E-01  1.000000E-30  1.000000E-30  1.000000E-30  1.000000E-30  1.000000E-30  1.000000E-30  1.535149E-30  1.000000E-30
    438  2.983685787405E-01  1.000000E-30  1.000000E-30  1.000000E-30  1.000000E-30  1.000000E-30  1.000000E-30  1.376082E-30  1.000000E-30
    439  3.021949729112E-01  1.000000E-30  1.000000E-30  1.000000E-30  1.000000E-30  1.000000E-30  1.000000E-30  1.260804E-30  1.000000E-30
    440  3.059150641439E-01  1.000000E-30  1.000000E-30  1.000000E-30  1.000000E-30  1.000000E-30  1.000000E-30  1.219537E-30  1.000000E-30
    441  3.094680949786E-01  1.000000E-30  1.000000E-30  1.000000E-30  1.000000E-30  1.000000E-30  1.000000E-30  1.185029E-30  1.000000E-30
    442  3.127856926026E-01  1.000000E-30  1.000000E-30  1.000000E-30  1.000000E-30  1.000000E-30  1.000000E-30  1.000000E-30  1.000000E-30
    443  3.178598433803E-01  1.000000E-30  1.000000E-30  1.000000E-30  1.000000E-30  1.000000E-30  1.000000E-30  1.306428E-30  1.000000E-30
    444  3.224504526026E-01  1.000000E-30  1.000000E-30  1.000000E-30  1.000000E-30  1.000000E-30  1.000000E-30  1.241531E-30  1.000000E-30
    445  3.266870398371E-01  1.000000E-30  1.000000E-30  1.000000E-30  1.000000E-30  1.000000E-30  1.000000E-30  1.225470E-30  1.000000E-30
    446  3.305577136787E-01  1.000000E-30  1.000000E-30  1.000000E-30  1.000000E-30  1.000000E-30  1.000000E-30  1.000000E-30  1.000000E-30
    447  3.362681054783E-01  1.000000E-30  1.000000E-30  1.000000E-30  1.000000E-30  1.000000E-30  1.000000E-30  1.287251E-30  1.000000E-30
    448  3.414589872690E-01  1.000000E-30  1.000000E-30  1.000000E-30  1.000000E-30  1.000000E-30  1.000000E-30  1.301487E-30  1.000000E-30
    449  3.462773530350E-01  1.000000E-30  1.000000E-30  1.000000E-30  1.000000E-30  1.000000E-30  1.000000E-30  1.367194E-30  1.000000E-30
    450  3.508856189623E-01  1.000000E-30  1.000000E-30  1.000000E-30  1.000000E-30  1.000000E-30  1.000000E-30  1.465117E-30  1.000000E-30
    451  3.552628710565E-01  1.000000E-30  1.000000E-30  1.000000E-30  1.000000E-30  1.000000E-30  1.000000E-30  1.604023E-30  1.000000E-30
    452  3.595141079779E-01  1.000000E-30  1.000000E-30  1.000000E-30  1.000000E-30  1.000000E-30  1.000000E-30  1.761583E-30  1.000000E-30
    453  3.636744849418E-01  1.000000E-30  1.000000E-30  1.000000E-30  1.000000E-30  1.000000E-30  1.000000E-30  1.943703E-30  1.000000E-30
    454  3.676260234901E-01  1.000000E-30  1.000000E-30  1.000000E-30  1.000000E-30  1.000000E-30  1.000000E-30  2.201800E-30  1.110806E-30
    455  3.714655117309E-01  1.000000E-30  1.000000E-30  1.000000E-30  1.000000E-30  1.000000E-30  1.000000E-30  2.465475E-30  1.236869E-30
    456  3.752653942304E-01  1.000000E-30  1.000000E-30  1.000000E-30  1.000000E-30  1.000000E-30  1.000000E-30  1.454442E-30  1.000000E-30
    457  3.809506426681E-01  1.000000E-30  1.000000E-30  1.000000E-30  1.000000E-30  1.000000E-30  1.000000E-30  2.286868E-30  1.181541E-30
    458  3.865190953769E-01  1.000000E-30  1.000000E-30  1.000000E-30  1.000000E-30  1.000000E-30  1.000000E-30  2.649930E-30  1.354453E-30
    459  3.928522091207E-01  1.000000E-30  1.000000E-30  1.000000E-30  1.000000E-30  1.000000E-30  1.000000E-30  2.807827E-30  1.439478E-30
    460  3.991093841216E-01  1.000000E-30  1.000000E-30  1.000000E-30  1.000000E-30  1.000000E-30  1.000000E-30  3.698108E-30  1.685238E-30
    461  4.054183851758E-01  1.000000E-30  1.000000E-30  1.000000E-30  1.000000E-30  1.000000E-30  1.000000E-30  2.221166E-30  1.156669E-30
    462  4.147392755742E-01  1.000000E-30  1.000000E-30  1.000000E-30  1.000000E-30  1.000000E-30  1.000000E-30  4.289807E-30  1.898505E-30
    463  4.232199499949E-01  1.000000E-30  1.000000E-30  1.000000E-30  1.000000E-30  1.000000E-30  1.000000E-30  6.934890E-30  2.448410E-30
    464  4.316976825025E-01  1.000000E-30  1.000000E-30  1.000000E-30  1.000000E-30  1.000000E-30  1.000000E-30  5.446874E-30  1.831570E-30
    465  4.393401554526E-01  1.000000E-30  1.000000E-30  1.000000E-30  1.000000E-30  1.000000E-30  1.000000E-30  9.193907E-30  4.152973E-30
    466  4.465935084243E-01  1.000000E-30  1.000000E-30  1.000000E-30  1.000000E-30  1.000000E-30  1.000000E-30  5.938461E-30  2.645111E-30
    467  4.537106765818E-01  1.000000E-30  1.000000E-30  1.000000E-30  1.000000E-30  1.000000E-30  1.000000E-30  7.545409E-30  3.319904E-30
    468  4.602314649238E-01  1.000000E-30  1.000000E-30  1.000000E-30  1.000000E-30  1.000000E-30  1.000000E-30  1.001531E-29  4.182226E-30
    469  4.709552966107E-01  1.000000E-30  1.000000E-30  1.000000E-30  1.000000E-30  1.000000E-30  1.000000E-30  1.620991E-29  6.915211E-30
    470  4.769745726746E-01  1.000000E-30  1.000000E-30  1.000000E-30  1.000000E-30  1.000000E-30  1.000000E-30  1.363786E-29  6.284916E-30
    471  4.828178172001E-01  1.000000E-30  1.000000E-30  1.000000E-30  1.000000E-30  1.000000E-30  1.000000E-30  1.806310E-29  6.930522E-30
    472  4.927188450138E-01  1.000000E-30  1.000000E-30  1.000000E-30  1.000000E-30  1.000000E-30  1.024487E-30  2.552653E-29  1.079352E-29
    473  5.000000000000E-01  1.000000E-30  1.000000E-30  1.000000E-30  1.000000E-30  1.000000E-30  1.000000E-30  2.023210E-29  7.524606E-30
