 *                                      
 * expansion:  temp0=  1.000E+10 den0=  3.000E+06 temp_stop=  1.000E+07
 *          time                v58           v59           v60           v61           v62           v63           v64           v65  
      1  0.000000000000E+00  1.000000E-30  1.000000E-30  1.000000E-30  1.000000E-30  1.000000E-30  1.000000E-30  1.000000E-30  1.000000E-30
      2  1.000000000000E-16  1.000000E-30  1.000683E-30  1.000291E-30  1.000000E-30  1.000778E-30  1.000000E-30  1.002968E-30  1.000000E-30
      3  6.264265632874E-16  1.000000E-30  1.004259E-30  1.001784E-30  1.000000E-30  1.004780E-30  1.000000E-30  1.018376E-30  1.000000E-30
      4  2.206990590178E-15  1.000000E-30  1.014798E-30  1.005889E-30  1.000000E-30  1.015922E-30  1.000000E-30  1.062539E-30  1.000000E-30
      5  6.425069294186E-15  1.000000E-30  1.041113E-30  1.014524E-30  1.000000E-30  1.040110E-30  1.000000E-30  1.166337E-30  1.000000E-30
      6  1.724777641531E-14  1.005320E-30  1.094250E-30  1.026675E-30  1.000000E-30  1.076910E-30  1.000000E-30  1.358823E-30  1.000000E-30
      7  4.527785414179E-14  1.057769E-30  1.156808E-30  1.034383E-30  1.001460E-30  1.103806E-30  1.000000E-30  1.581515E-30  1.000000E-30
      8  1.231582592127E-13  1.105526E-30  1.198628E-30  1.062447E-30  1.034609E-30  1.116083E-30  1.000000E-30  1.669266E-30  1.000000E-30
      9  4.001734798240E-13  1.135851E-30  1.229149E-30  1.087858E-30  1.058292E-30  1.123657E-30  1.000000E-30  1.670405E-30  1.000000E-30
     10  1.150918682670E-12  1.138299E-30  1.233113E-30  1.094398E-30  1.063558E-30  1.123452E-30  1.000000E-30  1.671556E-30  1.005169E-30
     11  2.802808442389E-12  1.138062E-30  1.232959E-30  1.105421E-30  1.078476E-30  1.162825E-30  1.040738E-30  1.696226E-30  1.002393E-30
     12  6.912921996243E-12  1.044715E-30  1.160189E-30  1.007102E-30  1.000000E-30  1.000000E-30  1.000000E-30  1.541857E-30  1.000000E-30
     13  1.659368270033E-11  1.000000E-30  1.000000E-30  1.000000E-30  1.000000E-30  1.000000E-30  1.000000E-30  1.000000E-30  1.000000E-30
     14  1.134012897413E-10  1.000000E-30  1.000000E-30  1.000000E-30  1.000000E-30  1.000000E-30  1.000000E-30  1.000000E-30  1.000000E-30
     15  1.081477360150E-09  1.000000E-30  1.000000E-30  1.000000E-30  1.000000E-30  1.000000E-30  1.000000E-30  1.000000E-30  1.000000E-30
     16  1.076223806424E-08  1.000000E-30  1.000000E-30  1.000000E-30  1.000000E-30  1.000000E-30  1.000000E-30  1.000000E-30  1.000000E-30
     17  6.834096797002E-08  1.000000E-30  1.000000E-30  1.000000E-30  1.000000E-30  1.000000E-30  1.000000E-30  1.000000E-30  1.000000E-30
     18  2.542122411654E-07  1.000000E-30  1.000000E-30  1.000000E-30  1.000000E-30  1.000000E-30  1.000000E-30  1.000000E-30  1.000000E-30
     19  7.007518887657E-07  1.000000E-30  1.000000E-30  1.000000E-30  1.000000E-30  1.000000E-30  1.000000E-30  1.000000E-30  1.000000E-30
     20  1.724661805125E-06  1.000000E-30  1.000000E-30  1.000000E-30  1.000000E-30  1.000000E-30  1.000000E-30  1.000000E-30  1.000000E-30
     21  4.267664185819E-06  1.000000E-30  1.000000E-30  1.000000E-30  1.000000E-30  1.000000E-30  1.000000E-30  1.000000E-30  1.000000E-30
     22  1.786211798807E-05  1.000000E-30  1.000000E-30  1.000000E-30  1.000000E-30  1.000000E-30  1.000000E-30  1.000000E-30  1.000000E-30
     23  6.929007850093E-05  1.000000E-30  1.000000E-30  1.000000E-30  1.000000E-30  1.000000E-30  1.000000E-30  1.000000E-30  1.000000E-30
     24  5.835696836295E-04  1.000000E-30  1.000000E-30  1.000000E-30  1.000000E-30  1.000000E-30  1.000000E-30  1.000000E-30  1.000000E-30
     25  1.496090518789E-03  1.000000E-30  1.000000E-30  1.000000E-30  1.000000E-30  1.000000E-30  1.000000E-30  1.000000E-30  1.000000E-30
     26  2.379765156362E-03  1.000000E-30  1.000000E-30  1.000000E-30  1.000000E-30  1.000000E-30  1.000000E-30  1.000000E-30  1.000000E-30
     27  3.772948503579E-03  1.000000E-30  1.000000E-30  1.000000E-30  1.000000E-30  1.000000E-30  1.000000E-30  1.000000E-30  1.000000E-30
     28  4.957278025650E-03  1.000000E-30  1.000000E-30  1.000000E-30  1.000000E-30  1.000000E-30  1.000000E-30  1.000000E-30  1.000000E-30
     29  5.758110286319E-03  1.000000E-30  1.000000E-30  1.000000E-30  1.000000E-30  1.000000E-30  1.000000E-30  1.000000E-30  1.000000E-30
     30  6.636115041812E-03  1.000000E-30  1.000000E-30  1.000000E-30  1.000000E-30  1.000000E-30  1.000000E-30  1.000000E-30  1.000000E-30
     31  7.490864585256E-03  1.000000E-30  1.000000E-30  1.000000E-30  1.000000E-30  1.000000E-30  1.000000E-30  1.000000E-30  1.000000E-30
     32  8.026631019591E-03  1.000000E-30  1.000000E-30  1.000000E-30  1.000000E-30  1.000000E-30  1.000000E-30  1.000000E-30  1.000000E-30
     33  8.451616658664E-03  1.000000E-30  1.000000E-30  1.000000E-30  1.000000E-30  1.000000E-30  1.000000E-30  1.000000E-30  1.000000E-30
     34  9.803471762980E-03  1.000000E-30  1.000000E-30  1.000000E-30  1.000000E-30  1.000000E-30  1.000000E-30  1.000000E-30  1.000000E-30
     35  1.116687552369E-02  1.000000E-30  1.000000E-30  1.000000E-30  1.000000E-30  1.000000E-30  1.000000E-30  1.000000E-30  1.000000E-30
     36  1.219012310682E-02  1.000000E-30  1.000000E-30  1.000000E-30  1.000000E-30  1.000000E-30  1.000000E-30  1.000000E-30  1.000000E-30
     37  1.314647137106E-02  1.000000E-30  1.000000E-30  1.000000E-30  1.000000E-30  1.000000E-30  1.000000E-30  1.000000E-30  1.000000E-30
     38  1.431720408173E-02  1.000000E-30  1.000000E-30  1.000000E-30  1.000000E-30  1.000000E-30  1.000000E-30  1.000000E-30  1.000000E-30
     39  1.545287753035E-02  1.000000E-30  1.000000E-30  1.000000E-30  1.000000E-30  1.000000E-30  1.000000E-30  1.000000E-30  1.000000E-30
     40  1.716820108076E-02  1.000000E-30  1.000000E-30  1.000000E-30  1.000000E-30  1.000000E-30  1.000000E-30  1.000000E-30  1.000000E-30
     41  1.871872199221E-02  1.000000E-30  1.000000E-30  1.000000E-30  1.000000E-30  1.000000E-30  1.000000E-30  1.000000E-30  1.000000E-30
     42  2.131412024987E-02  1.000000E-30  1.000000E-30  1.000000E-30  1.000000E-30  1.000000E-30  1.000000E-30  1.000000E-30  1.000000E-30
     43  2.288535686070E-02  1.000000E-30  1.000000E-30  1.000000E-30  1.000000E-30  1.000000E-30  1.000000E-30  1.000000E-30  1.000000E-30
     44  2.437102778700E-02  1.000000E-30  1.000000E-30  1.000000E-30  1.000000E-30  1.000000E-30  1.000000E-30  1.000000E-30  1.000000E-30
     45  2.666254430666E-02  1.000000E-30  1.000000E-30  1.000000E-30  1.000000E-30  1.000000E-30  1.000000E-30  1.000000E-30  1.000000E-30
     46  2.807329513827E-02  1.000000E-30  1.000000E-30  1.000000E-30  1.000000E-30  1.000000E-30  1.000000E-30  1.000000E-30  1.000000E-30
     47  2.946719119355E-02  1.000000E-30  1.000000E-30  1.000000E-30  1.000000E-30  1.000000E-30  1.000000E-30  1.000000E-30  1.000000E-30
     48  2.982466835475E-02  8.573980E-30  1.000000E-30  1.000000E-30  1.000000E-30  1.000000E-30  1.000000E-30  1.000000E-30  1.000000E-30
     49  3.017238950627E-02  1.994756E-29  1.000000E-30  1.000000E-30  1.000000E-30  1.000000E-30  1.000000E-30  1.000000E-30  1.000000E-30
     50  3.052509122072E-02  5.021849E-29  1.000000E-30  1.000000E-30  1.000000E-30  1.000000E-30  1.000000E-30  1.000000E-30  1.000000E-30
     51  3.066477686677E-02  7.209283E-29  1.000000E-30  1.000000E-30  1.000000E-30  1.000000E-30  1.000000E-30  1.000000E-30  1.000000E-30
     52  3.080037159611E-02  1.025986E-28  1.252143E-30  1.000000E-30  1.000000E-30  1.000000E-30  1.000000E-30  1.000000E-30  1.000000E-30
     53  3.111325257314E-02  2.311701E-28  2.898170E-30  1.000000E-30  1.000000E-30  1.000000E-30  1.000000E-30  1.000000E-30  1.000000E-30
     54  3.147800645819E-02  5.904535E-28  7.601843E-30  1.000000E-30  1.000000E-30  1.000000E-30  1.000000E-30  1.000000E-30  1.000000E-30
     55  3.181357346897E-02  1.385237E-27  1.827928E-29  1.000000E-30  1.000000E-30  1.000000E-30  1.000000E-30  1.000000E-30  1.000000E-30
     56  3.217197145871E-02  3.407347E-27  4.616514E-29  1.000000E-30  1.000000E-30  1.000000E-30  1.000000E-30  1.000000E-30  1.000000E-30
     57  3.249951277145E-02  7.684558E-27  1.066749E-28  1.000000E-30  1.000000E-30  1.000000E-30  1.000000E-30  1.000000E-30  1.000000E-30
     58  3.262595809504E-02  1.048761E-26  1.469449E-28  1.000000E-30  1.000000E-30  1.000000E-30  1.000000E-30  1.000000E-30  1.000000E-30
     59  3.272641576722E-02  1.344615E-26  1.898086E-28  1.000000E-30  1.000000E-30  1.000000E-30  1.000000E-30  1.000000E-30  1.000000E-30
     60  3.304841700500E-02  2.970855E-26  4.295571E-28  1.000000E-30  1.000000E-30  1.000000E-30  1.000000E-30  1.000000E-30  1.000000E-30
     61  3.362823507679E-02  1.217637E-25  1.839862E-27  3.705532E-30  1.000000E-30  1.000000E-30  1.000000E-30  1.000000E-30  1.000000E-30
     62  3.417743618412E-02  4.553859E-25  7.163916E-27  1.473028E-29  1.000000E-30  1.000000E-30  1.000000E-30  1.000000E-30  1.000000E-30
     63  3.448472684867E-02  9.527183E-25  1.534822E-26  3.192425E-29  1.000000E-30  1.000000E-30  1.000000E-30  1.000000E-30  1.000000E-30
     64  3.459225947862E-02  1.231332E-24  1.999785E-26  4.175880E-29  1.000000E-30  1.000000E-30  1.000000E-30  1.000000E-30  1.000000E-30
     65  3.468161085917E-02  1.525489E-24  2.494424E-26  5.225935E-29  1.000000E-30  1.000000E-30  1.000000E-30  1.000000E-30  1.000000E-30
     66  3.501586344154E-02  3.397896E-24  5.699769E-26  1.208950E-28  1.000000E-30  1.000000E-30  1.000000E-30  1.000000E-30  1.000000E-30
     67  3.563385967804E-02  1.488533E-23  2.621821E-25  5.693889E-28  4.142124E-30  1.000000E-30  1.000000E-30  1.000000E-30  1.000000E-30
     68  3.619390900501E-02  5.613054E-23  1.030894E-24  2.284090E-27  1.733994E-29  1.000000E-30  1.000000E-30  1.000000E-30  1.000000E-30
     69  3.661379630041E-02  1.523043E-22  2.890632E-24  6.506189E-27  5.109059E-29  1.000000E-30  1.000000E-30  1.000000E-30  1.000000E-30
     70  3.704099468238E-02  4.204318E-22  8.250793E-24  1.886973E-26  1.533626E-28  1.000000E-30  1.000000E-30  1.000000E-30  1.000000E-30
     71  3.731378163516E-02  8.030190E-22  1.610304E-23  3.720897E-26  3.091925E-28  1.000000E-30  1.000000E-30  1.000000E-30  1.000000E-30
     72  3.757630769329E-02  1.492000E-21  3.055118E-23  7.130050E-26  6.054101E-28  1.000000E-30  1.000000E-30  1.000000E-30  1.000000E-30
     73  3.788075418501E-02  3.046384E-21  6.390809E-23  1.508755E-25  1.313485E-27  1.521343E-30  1.000000E-30  1.000000E-30  1.000000E-30
     74  3.819794660071E-02  6.371972E-21  1.371012E-22  3.275850E-25  2.927450E-27  3.401035E-30  1.000000E-30  1.000000E-30  1.000000E-30
     75  3.838080203158E-02  9.715965E-21  2.121229E-22  5.103566E-25  4.630087E-27  5.412989E-30  1.000000E-30  1.000000E-30  1.000000E-30
     76  3.859219912978E-02  1.582574E-20  3.514348E-22  8.523646E-25  7.869929E-27  9.267493E-30  1.000000E-30  1.000000E-30  1.000000E-30
     77  3.884096228080E-02  2.797671E-20  6.338524E-22  1.551990E-24  1.463006E-26  1.737591E-29  1.000000E-30  1.000000E-30  1.000000E-30
     78  3.907668434759E-02  4.776596E-20  1.103018E-21  2.725157E-24  2.620069E-26  3.137159E-29  1.000000E-30  1.000000E-30  1.000000E-30
     79  3.934936577490E-02  8.816915E-20  2.081589E-21  5.196853E-24  5.112349E-26  6.179262E-29  1.000000E-30  1.000000E-30  1.000000E-30
     80  3.961640452516E-02  1.595993E-19  3.850806E-21  9.712842E-24  9.772689E-26  1.192198E-28  1.000000E-30  1.000000E-30  1.000000E-30
     81  3.991996766101E-02  3.108090E-19  7.687744E-21  1.961862E-23  2.025453E-25  2.497147E-28  1.088509E-30  1.000000E-30  1.000000E-30
     82  4.019473378510E-02  5.635711E-19  1.425748E-20  3.677158E-23  3.886219E-25  4.837412E-28  2.156706E-30  1.000000E-30  1.000000E-30
     83  4.046928694587E-02  1.014680E-18  2.625488E-20  6.843387E-23  7.403568E-25  9.304261E-28  4.232858E-30  1.000000E-30  1.000000E-30
     84  4.074955599116E-02  1.836376E-18  4.863287E-20  1.281503E-22  1.420286E-24  1.802622E-27  8.374063E-30  1.000000E-30  1.000000E-30
     85  4.099011663524E-02  3.032877E-18  8.194128E-20  2.179497E-22  2.466273E-24  3.156890E-27  1.493177E-29  1.000000E-30  1.000000E-30
     86  4.118445936105E-02  4.524321E-18  1.242265E-19  3.329259E-22  3.831120E-24  4.937662E-27  2.369662E-29  1.000000E-30  1.000000E-30
     87  4.137235583218E-02  6.631190E-18  1.849525E-19  4.993155E-22  5.840320E-24  7.577438E-27  3.688241E-29  1.000000E-30  1.000000E-30
     88  4.152714488067E-02  9.054370E-18  2.558248E-19  6.948317E-22  8.237315E-24  1.074620E-26  5.291889E-29  1.000000E-30  1.000000E-30
     89  4.165981986900E-02  1.179642E-17  3.370229E-19  9.201277E-22  1.103512E-23  1.446417E-26  7.194450E-29  1.000000E-30  1.000000E-30
     90  4.188596337322E-02  1.842519E-17  5.365096E-19  1.477802E-21  1.807766E-23  2.388699E-26  1.208666E-28  1.000000E-30  1.000000E-30
     91  4.208159634323E-02  2.695938E-17  7.980432E-19  2.215120E-21  2.756604E-23  3.667985E-26  1.883751E-28  1.000000E-30  1.000000E-30
     92  4.230932596557E-02  4.178930E-17  1.261068E-18  3.531830E-21  4.484205E-23  6.015645E-26  3.143519E-28  1.000000E-30  1.000000E-30
     93  4.251598135750E-02  6.195798E-17  1.902688E-18  5.372328E-21  6.946534E-23  9.388269E-26  4.983971E-28  1.000000E-30  1.000000E-30
     94  4.274368410830E-02  9.522731E-17  2.981489E-18  8.494393E-21  1.120726E-22  1.527135E-25  8.249938E-28  1.000000E-30  1.000000E-30
     95  4.294191711445E-02  1.380282E-16  4.395064E-18  1.262019E-20  1.694632E-22  2.325720E-25  1.275690E-27  1.000000E-30  1.000000E-30
     96  4.316569238790E-02  2.093741E-16  6.795504E-18  1.968674E-20  2.696788E-22  3.731177E-25  2.082244E-27  1.000000E-30  1.000000E-30
     97  4.339365876136E-02  3.194997E-16  1.057450E-17  3.091351E-20  4.322073E-22  6.029629E-25  3.424971E-27  1.012907E-30  1.000000E-30
     98  4.362382833621E-02  4.889001E-16  1.650451E-17  4.869354E-20  6.950173E-22  9.777674E-25  5.654247E-27  1.677231E-30  1.000000E-30
     99  4.384703699487E-02  7.379125E-16  2.539495E-17  7.559349E-20  1.100909E-21  1.561472E-24  9.188415E-27  2.733248E-30  1.000000E-30
    100  4.408801045744E-02  1.149785E-15  4.040342E-17  1.214348E-19  1.807550E-21  2.586500E-24  1.551040E-26  4.627902E-30  1.000000E-30
    101  4.430336182063E-02  1.707890E-15  6.114763E-17  1.853763E-19  2.813869E-21  4.058510E-24  2.475343E-26  7.405965E-30  1.000000E-30
    102  4.453208602613E-02  2.594846E-15  9.477377E-17  2.899725E-19  4.494475E-21  6.537480E-24  4.060024E-26  1.218256E-29  1.000000E-30
    103  4.474836808964E-02  3.839240E-15  1.429001E-16  4.410481E-19  6.973021E-21  1.022428E-23  6.459568E-26  1.943625E-29  1.000000E-30
    104  4.497736119052E-02  5.778768E-15  2.194562E-16  6.836273E-19  1.103859E-20  1.632388E-23  1.050309E-25  3.169574E-29  1.000000E-30
    105  4.517199675598E-02  8.127011E-15  3.139627E-16  9.857568E-19  1.620589E-20  2.413978E-23  1.577542E-25  4.772550E-29  1.000000E-30
    106  4.536038532241E-02  1.122356E-14  4.408574E-16  1.394790E-18  2.333464E-20  3.500431E-23  2.322378E-25  7.042994E-29  1.000000E-30
    107  4.552484255766E-02  1.477505E-14  5.888626E-16  1.875538E-18  3.186115E-20  4.809040E-23  3.233063E-25  9.825639E-29  1.000000E-30
    108  4.581275722245E-02  2.349004E-14  9.604533E-16  3.095163E-18  5.401340E-20  8.241389E-23  5.670896E-25  1.729883E-28  1.000000E-30
    109  4.603616864208E-02  3.307921E-14  1.379723E-15  4.487054E-18  7.996264E-20  1.230410E-22  8.621466E-25  2.637592E-28  1.000000E-30
    110  4.624194314299E-02  4.471879E-14  1.899823E-15  6.230723E-18  1.132081E-19  1.755581E-22  1.250907E-24  3.837189E-28  1.000000E-30
    111  4.641297951594E-02  5.686903E-14  2.453314E-15  8.102553E-18  1.496145E-19  2.335248E-22  1.687328E-24  5.187458E-28  1.293422E-30
    112  4.656990459822E-02  7.033090E-14  3.077114E-15  1.022845E-17  1.916960E-19  3.009966E-22  2.202948E-24  6.786528E-28  1.710761E-30
    113  4.671253119976E-02  8.475706E-14  3.756184E-15  1.255912E-17  2.385830E-19  3.766565E-22  2.789123E-24  8.608333E-28  2.192189E-30
    114  4.684580987606E-02  1.003580E-13  4.501332E-15  1.513337E-17  2.911519E-19  4.619897E-22  3.458685E-24  1.069346E-27  2.749243E-30
    115  4.697520204195E-02  1.176848E-13  5.340534E-15  1.805076E-17  3.515872E-19  5.606495E-22  4.242258E-24  1.313828E-27  3.409238E-30
    116  4.709649788536E-02  1.360817E-13  6.243513E-15  2.120866E-17  4.179061E-19  6.695013E-22  5.116843E-24  1.587203E-27  4.154615E-30
    117  4.721637454993E-02  1.565153E-13  7.259440E-15  2.478209E-17  4.939484E-19  7.949652E-22  6.136218E-24  1.906394E-27  5.033305E-30
    118  4.732862910872E-02  1.778676E-13  8.334253E-15  2.858364E-17  5.758777E-19  9.308211E-22  7.251932E-24  2.256337E-27  6.005587E-30
    119  4.750539400184E-02  2.163188E-13  1.030015E-14  3.558552E-17  7.292098E-19  1.186688E-21  9.381832E-24  2.925794E-27  7.887387E-30
    120  4.767210524850E-02  2.586280E-13  1.250322E-14  4.349659E-17  9.057363E-19  1.483451E-21  1.189175E-23  3.716655E-27  1.014105E-29
    121  4.783406579930E-02  3.061036E-13  1.501886E-14  5.260081E-17  1.112558E-18  1.833608E-21  1.489845E-23  4.666289E-27  1.288266E-29
    122  4.799263518131E-02  3.594423E-13  1.789361E-14  6.308397E-17  1.354895E-18  2.246729E-21  1.849852E-23  5.805947E-27  1.621494E-29
    123  4.815339657435E-02  4.213241E-13  2.128561E-14  7.554682E-17  1.648035E-18  2.749880E-21  2.294794E-23  7.217690E-27  2.039526E-29
    124  4.832264594384E-02  4.960223E-13  2.545210E-14  9.097487E-17  2.017477E-18  3.388488E-21  2.868149E-23  9.041161E-27  2.586576E-29
    125  4.849826454798E-02  5.852166E-13  3.051836E-14  1.098872E-16  2.478892E-18  4.191973E-21  3.601034E-23  1.137772E-26  3.297181E-29
    126  4.867786870736E-02  6.903696E-13  3.660357E-14  1.327932E-16  3.048572E-18  5.191520E-21  4.527704E-23  1.433955E-26  4.210677E-29
    127  4.885872256535E-02  8.123851E-13  4.379933E-14  1.601086E-16  3.741260E-18  6.416241E-21  5.682001E-23  1.803834E-26  5.367816E-29
    128  4.903755607841E-02  9.510402E-13  5.213186E-14  1.920058E-16  4.565970E-18  7.885568E-21  7.089786E-23  2.256088E-26  6.802879E-29
    129  4.921259737621E-02  1.106289E-12  6.163600E-14  2.286892E-16  5.532694E-18  9.620898E-21  8.779533E-23  2.800279E-26  8.553956E-29
    130  4.938368810460E-02  1.278964E-12  7.240043E-14  2.705737E-16  6.657287E-18  1.165451E-20  1.079132E-22  3.449767E-26  1.067263E-28
    131  4.955132280349E-02  1.470509E-12  8.455553E-14  3.182449E-16  7.960903E-18  1.402889E-20  1.317695E-22  4.221792E-26  1.322502E-28
    132  4.971624312404E-02  1.682867E-12  9.826955E-14  3.724504E-16  9.470173E-18  1.679741E-20  1.600141E-22  5.137974E-26  1.629425E-28
    133  4.987811857735E-02  1.916682E-12  1.136329E-13  4.336431E-16  1.120456E-17  2.000120E-20  1.931950E-22  6.216775E-26  1.995558E-28
    134  5.003799836445E-02  2.174671E-12  1.308773E-13  5.028512E-16  1.320093E-17  2.371444E-20  2.322284E-22  7.488749E-26  2.432829E-28
    135  5.019682549602E-02  2.459825E-12  1.502665E-13  5.812580E-16  1.550264E-17  2.802518E-20  2.782190E-22  8.990839E-26  2.955858E-28
    136  5.035511419132E-02  2.774848E-12  1.720578E-13  6.700508E-16  1.815546E-17  3.302784E-20  3.323890E-22  1.076409E-25  3.581261E-28
    137  5.051299755300E-02  3.121828E-12  1.964796E-13  7.703255E-16  2.120476E-17  3.881811E-20  3.960284E-22  1.285207E-25  4.327182E-28
    138  5.067010535678E-02  3.501467E-12  2.236723E-13  8.828414E-16  2.468778E-17  4.547815E-20  4.703306E-22  1.529547E-25  5.211402E-28
    139  5.082726902819E-02  3.917102E-12  2.539775E-13  1.009218E-15  2.867087E-17  5.314807E-20  5.571996E-22  1.815868E-25  6.261079E-28
    140  5.098506829486E-02  4.371610E-12  2.877256E-13  1.151075E-15  3.322449E-17  6.197931E-20  6.587629E-22  2.151400E-25  7.507439E-28
    141  5.114361869269E-02  4.866279E-12  3.251504E-13  1.309676E-15  3.841175E-17  7.211280E-20  7.771317E-22  2.543376E-25  8.983043E-28
    142  5.130328078870E-02  5.402483E-12  3.665130E-13  1.486443E-15  4.430548E-17  8.371248E-20  9.148016E-22  3.000367E-25  1.072700E-27
    143  5.146205644840E-02  5.972011E-12  4.113403E-13  1.679684E-15  5.087701E-17  9.674498E-20  1.072010E-21  3.523494E-25  1.275119E-27
    144  5.162089365231E-02  6.574974E-12  4.598057E-13  1.890489E-15  5.819284E-17  1.113671E-19  1.251340E-21  4.121723E-25  1.509883E-27
    145  5.177902725711E-02  7.203578E-12  5.114597E-13  2.117269E-15  6.623024E-17  1.275606E-19  1.453346E-21  4.797314E-25  1.778846E-27
    146  5.193558292952E-02  7.847258E-12  5.656051E-13  2.357320E-15  7.492585E-17  1.452257E-19  1.677586E-21  5.549214E-25  2.082615E-27
    147  5.207655208218E-02  8.437748E-12  6.164707E-13  2.585046E-15  8.335538E-17  1.624897E-19  1.900498E-21  6.298555E-25  2.389688E-27
    148  5.220437120847E-02  8.975486E-12  6.638859E-13  2.799340E-15  9.145338E-17  1.792027E-19  2.119781E-21  7.037439E-25  2.696527E-27
    149  5.240275279905E-02  9.797673E-12  7.387059E-13  3.141750E-15  1.047461E-16  2.069097E-19  2.490828E-21  8.291461E-25  3.226130E-27
    150  5.258707116153E-02  1.052476E-11  8.078123E-13  3.463331E-15  1.176766E-16  2.342050E-19  2.865947E-21  9.564017E-25  3.774955E-27
    151  5.276353482958E-02  1.116170E-11  8.714881E-13  3.765174E-15  1.302794E-16  2.611627E-19  3.246403E-21  1.085961E-24  4.345637E-27
    152  5.293536770993E-02  1.170191E-11  9.290521E-13  4.044093E-15  1.424345E-16  2.875435E-19  3.629517E-21  1.216952E-24  4.935568E-27
    153  5.310288915571E-02  1.213071E-11  9.789411E-13  4.292595E-15  1.538311E-16  3.126916E-19  4.006514E-21  1.346420E-24  5.532737E-27
    154  5.325369291828E-02  1.241736E-11  1.016923E-12  4.488682E-15  1.633920E-16  3.341887E-19  4.340159E-21  1.461539E-24  6.077203E-27
    155  5.339308966526E-02  1.258851E-11  1.045078E-12  4.641240E-15  1.714085E-16  3.526007E-19  4.636894E-21  1.564430E-24  6.576653E-27
    156  5.362726198018E-02  1.265431E-11  1.074859E-12  4.822737E-15  1.824930E-16  3.790314E-19  5.090130E-21  1.722814E-24  7.376699E-27
    157  5.383816121000E-02  1.246880E-11  1.081278E-12  4.896822E-15  1.894243E-16  3.968734E-19  5.432142E-21  1.843875E-24  8.027786E-27
    158  5.403768730975E-02  1.208513E-11  1.068799E-12  4.883102E-15  1.928811E-16  4.074700E-19  5.678735E-21  1.932842E-24  8.549243E-27
    159  5.422986619970E-02  1.154523E-11  1.040612E-12  4.794906E-15  1.932593E-16  4.115421E-19  5.836386E-21  1.991737E-24  8.945446E-27
    160  5.440569294967E-02  1.092669E-11  1.002130E-12  4.653668E-15  1.910666E-16  4.098586E-19  5.906074E-21  2.020378E-24  9.201984E-27
    161  5.456994612052E-02  1.026468E-11  9.568587E-13  4.475917E-15  1.869772E-16  4.038408E-19  5.907013E-21  2.025256E-24  9.345893E-27
    162  5.485681963417E-02  8.975524E-12  8.607621E-13  4.077819E-15  1.755608E-16  3.837283E-19  5.760766E-21  1.982861E-24  9.361276E-27
    163  5.511708850657E-02  7.749324E-12  7.626911E-13  3.655354E-15  1.617728E-16  3.574662E-19  5.495774E-21  1.898428E-24  9.151615E-27
    164  5.536560227933E-02  6.595092E-12  6.654658E-13  3.225115E-15  1.465706E-16  3.272900E-19  5.148611E-21  1.784642E-24  8.778086E-27
    165  5.559867087093E-02  5.569703E-12  5.752874E-13  2.817345E-15  1.312644E-16  2.960081E-19  4.757718E-21  1.654475E-24  8.292894E-27
    166  5.582344501454E-02  4.660320E-12  4.923629E-13  2.435710E-15  1.162479E-16  2.646495E-19  4.343067E-21  1.514994E-24  7.733631E-27
    167  5.608267729631E-02  3.731416E-12  4.046566E-13  2.025309E-15  9.938624E-17  2.287604E-19  3.845331E-21  1.346197E-24  7.018319E-27
    168  5.632179590432E-02  2.996862E-12  3.329493E-13  1.684492E-15  8.481742E-17  1.972221E-19  3.389747E-21  1.190657E-24  6.329838E-27
    169  5.658568452696E-02  2.320706E-12  2.648148E-13  1.355857E-15  7.024145E-17  1.651757E-19  2.909607E-21  1.025768E-24  5.572244E-27
    170  5.682194908758E-02  1.826217E-12  2.134534E-13  1.104657E-15  5.871061E-17  1.394623E-19  2.511557E-21  8.883645E-25  4.920445E-27
    171  5.707748662895E-02  1.396035E-12  1.674783E-13  8.768554E-16  4.791437E-17  1.150705E-19  2.122543E-21  7.534556E-25  4.262001E-27
    172  5.730159219632E-02  1.095559E-12  1.344756E-13  7.112922E-16  3.982756E-17  9.657566E-20  1.819353E-21  6.478643E-25  3.733264E-27
    173  5.769211250520E-02  7.091334E-13  9.056580E-14  4.875806E-16  2.847940E-17  7.022008E-20  1.372060E-21  4.912533E-25  2.923306E-27
    174  5.804755660481E-02  4.743669E-13  6.283648E-14  3.438361E-16  2.087706E-17  5.226791E-20  1.055905E-21  3.799372E-25  2.327966E-27
    175  5.837706807704E-02  3.273279E-13  4.487914E-14  2.493761E-16  1.570936E-17  3.990597E-20  8.322157E-22  3.008687E-25  1.895670E-27
    176  5.868213309337E-02  2.338456E-13  3.309657E-14  1.865257E-16  1.215570E-17  3.129567E-20  6.721299E-22  2.440590E-25  1.578144E-27
    177  5.897372529375E-02  1.721515E-13  2.511645E-14  1.434792E-16  9.658280E-18  2.518618E-20  5.562802E-22  2.028355E-25  1.344329E-27
    178  5.927019313219E-02  1.293096E-13  1.945952E-14  1.127073E-16  7.841632E-18  2.071742E-20  4.708271E-22  1.724067E-25  1.171732E-27
    179  5.955970264735E-02  1.012900E-13  1.571286E-14  9.224545E-17  6.629192E-18  1.773968E-20  4.145954E-22  1.524483E-25  1.061940E-27
    180  5.987296131417E-02  8.181909E-14  1.311765E-14  7.814710E-17  5.816837E-18  1.578336E-20  3.802432E-22  1.404486E-25  1.004858E-27
    181  6.018239261751E-02  7.040500E-14  1.166316E-14  7.050105E-17  5.434122E-18  1.494973E-20  3.711949E-22  1.377223E-25  1.011912E-27
    182  6.051941164510E-02  6.403865E-14  1.099433E-14  6.752246E-17  5.406604E-18  1.509965E-20  3.874649E-22  1.444632E-25  1.092686E-27
    183  6.081686890997E-02  6.205815E-14  1.099693E-14  6.849606E-17  5.672933E-18  1.605642E-20  4.242235E-22  1.588555E-25  1.232884E-27
    184  6.107970107709E-02  6.232205E-14  1.135777E-14  7.163141E-17  6.112759E-18  1.750715E-20  4.746707E-22  1.784299E-25  1.416743E-27
    185  6.149099227918E-02  6.541794E-14  1.245945E-14  8.013534E-17  7.167793E-18  2.091419E-20  5.905699E-22  2.233405E-25  1.838057E-27
    186  6.184187848266E-02  6.986422E-14  1.381839E-14  9.037989E-17  8.416675E-18  2.495277E-20  7.296002E-22  2.773503E-25  2.353836E-27
    187  6.212841772032E-02  7.439365E-14  1.517672E-14  1.006386E-16  9.686729E-18  2.909564E-20  8.753699E-22  3.341769E-25  2.908466E-27
    188  6.241083345826E-02  7.947783E-14  1.671795E-14  1.123773E-16  1.117589E-17  3.400531E-20  1.052392E-21  4.034451E-25  3.599978E-27
    189  6.286334795077E-02  8.866084E-14  1.959155E-14  1.346092E-16  1.410970E-17  4.383500E-20  1.419685E-21  5.479393E-25  5.089500E-27
    190  6.324448148531E-02  9.719702E-14  2.239166E-14  1.567244E-16  1.717531E-17  5.430765E-20  1.827873E-21  7.095326E-25  6.818403E-27
    191  6.354755735680E-02  1.044692E-13  2.488111E-14  1.767420E-16  2.006938E-17  6.435739E-20  2.233671E-21  8.710218E-25  8.600434E-27
    192  6.382753282149E-02  1.115557E-13  2.740139E-14  1.973312E-16  2.315785E-17  7.523660E-20  2.686705E-21  1.052133E-24  1.065351E-26
    193  6.429792763326E-02  1.242593E-13  3.215244E-14  2.369627E-16  2.939754E-17  9.763404E-20  3.658019E-21  1.442787E-24  1.524236E-26
    194  6.470641913937E-02  1.361191E-13  3.685841E-14  2.771879E-16  3.609817E-17  1.222181E-19  4.775465E-21  1.895356E-24  2.078116E-26
    195  6.514351188605E-02  1.497554E-13  4.258016E-14  3.272452E-16  4.489844E-17  1.551917E-19  6.343607E-21  2.534750E-24  2.892289E-26
    196  6.551961572666E-02  1.623404E-13  4.814918E-14  3.770556E-16  5.411904E-17  1.904411E-19  8.094100E-21  3.253105E-24  3.842319E-26
    197  6.614173306661E-02  1.851221E-13  5.889658E-14  4.758264E-16  7.360697E-17  2.668363E-19  1.209979E-20  4.910378E-24  6.141945E-26
    198  6.666431851744E-02  2.064491E-13  6.970583E-14  5.782480E-16  9.531677E-17  3.543735E-19  1.697643E-20  6.946386E-24  9.121360E-26
    199  6.714973898932E-02  2.282802E-13  8.147555E-14  6.927866E-16  1.211751E-16  4.612745E-19  2.326197E-20  9.591999E-24  1.318182E-25
    200  6.763365269933E-02  2.522235E-13  9.517289E-14  8.295394E-16  1.539829E-16  6.002018E-19  3.186611E-20  1.324198E-23  1.904684E-25
    201  6.810748363549E-02  2.780156E-13  1.108124E-13  9.896945E-16  1.947844E-16  7.771528E-19  4.340450E-20  1.817498E-23  2.734294E-25
    202  6.886988901479E-02  3.249257E-13  1.415194E-13  1.314889E-15  2.845457E-16  1.179130E-18  7.150884E-20  3.031855E-23  4.907740E-25
    203  6.932442343830E-02  3.565440E-13  1.637968E-13  1.558444E-15  3.569592E-16  1.513093E-18  9.636456E-20  4.116092E-23  6.957416E-25
    204  6.977291475786E-02  3.905366E-13  1.891550E-13  1.842629E-15  4.465880E-16  1.936256E-18  1.294981E-19  5.572599E-23  9.837279E-25
    205  7.051837306122E-02  4.538108E-13  2.401114E-13  2.433072E-15  6.481313E-16  2.918454E-18  2.118621E-19  9.231516E-23  1.752885E-24
    206  7.120724846930E-02  5.206100E-13  2.991019E-13  3.144322E-15  9.146215E-16  4.266290E-18  3.342514E-19  1.473531E-22  2.994334E-24
    207  7.185571854523E-02  5.914493E-13  3.674311E-13  3.999837E-15  1.264730E-15  6.100213E-18  5.137294E-19  2.289985E-22  4.961826E-24
    208  7.250556240022E-02  6.708317E-13  4.509626E-13  5.085402E-15  1.749230E-15  8.727433E-18  7.904852E-19  3.563362E-22  8.236151E-24
    209  7.308358088908E-02  7.490162E-13  5.403942E-13  6.289684E-15  2.333100E-15  1.199973E-17  1.160344E-18  5.283764E-22  1.294392E-23
    210  7.365083251161E-02  8.332049E-13  6.446062E-13  7.740729E-15  3.093652E-15  1.639671E-17  1.691385E-18  7.779485E-22  2.018615E-23
    211  7.420607479025E-02  9.232589E-13  7.651088E-13  9.475140E-15  4.075257E-15  2.224873E-17  2.445851E-18  1.136157E-21  3.119948E-23
    212  7.477269193766E-02  1.023530E-12  9.102214E-13  1.163466E-14  5.395595E-15  3.036794E-17  3.563801E-18  1.672443E-21  4.867793E-23
    213  7.532671922740E-02  1.130477E-12  1.077672E-12  1.421108E-14  7.097889E-15  4.116553E-17  5.151893E-18  2.442180E-21  7.527345E-23
    214  7.590819975934E-02  1.252942E-12  1.285355E-12  1.751731E-14  9.462005E-15  5.664526E-17  7.587461E-18  3.635305E-21  1.190399E-22
    215  7.648106882397E-02  1.384793E-12  1.527773E-12  2.151279E-14  1.255787E-14  7.758398E-17  1.111598E-17  5.382720E-21  1.871649E-22
    216  7.706864365518E-02  1.532906E-12  1.823047E-12  2.655191E-14  1.679228E-14  1.071757E-16  1.646122E-17  8.059129E-21  2.981484E-22
    217  7.765097184480E-02  1.694048E-12  2.171415E-12  3.270949E-14  2.240794E-14  1.477404E-16  2.432133E-17  1.203891E-20  4.738036E-22
    218  7.824188421090E-02  1.873940E-12  2.592892E-12  4.042687E-14  3.004909E-14  2.048127E-16  3.619143E-17  1.811735E-20  7.595508E-22
    219  7.883216312169E-02  2.072384E-12  3.096516E-12  4.998005E-14  4.032315E-14  2.841791E-16  5.391979E-17  2.729990E-20  1.219589E-21
    220  7.934760137230E-02  2.263350E-12  3.618191E-12  6.020463E-14  5.220099E-14  3.788563E-16  7.652356E-17  3.913285E-20  1.848606E-21
    221  7.991019390762E-02  2.493134E-12  4.292104E-12  7.384475E-14  6.929256E-14  5.193907E-16  1.123605E-16  5.809291E-20  2.917671E-21
    222  8.044081450283E-02  2.733286E-12  5.048015E-12  8.964791E-14  9.066412E-14  7.007203E-16  1.617787E-16  8.451938E-20  4.498980E-21
    223  8.103419684334E-02  3.033731E-12  6.063909E-12  1.116001E-13  1.227899E-13  9.822894E-16  2.440074E-16  1.289835E-19  7.329747E-21
    224  8.158988408622E-02  3.350781E-12  7.215800E-12  1.373427E-13  1.636062E-13  1.352064E-15  3.598528E-16  1.923396E-19  1.162514E-20
    225  8.219791245697E-02  3.744186E-12  8.751690E-12  1.728625E-13  2.247112E-13  1.924756E-15  5.526676E-16  2.990307E-19  1.934248E-20
    226  8.273529679330E-02  4.139881E-12  1.040820E-11  2.124702E-13  2.985007E-13  2.639603E-15  8.108409E-16  4.435257E-19  3.047349E-20
    227  8.327310875316E-02  4.588994E-12  1.241629E-11  2.620195E-13  3.980595E-13  3.634877E-15  1.195096E-15  6.609402E-19  4.825684E-20
    228  8.381967664174E-02  5.106970E-12  1.489425E-11  3.251745E-13  5.350952E-13  5.049530E-15  1.779631E-15  9.953824E-19  7.733425E-20
    229  8.442137901789E-02  5.757875E-12  1.824655E-11  4.136560E-13  7.436160E-13  7.277859E-15  2.769983E-15  1.568871E-18  1.305742E-19
    230  8.496109010092E-02  6.422752E-12  2.194026E-11  5.146197E-13  1.002089E-12  1.013623E-14  4.135516E-15  2.369090E-18  2.098258E-19
    231  8.556251684447E-02  7.258516E-12  2.697171E-11  6.572842E-13  1.399783E-12  1.469283E-14  6.480107E-15  3.760113E-18  3.570732E-19
    232  8.609514523980E-02  8.084013E-12  3.237636E-11  8.163664E-13  1.882853E-12  2.042726E-14  9.656511E-15  5.667935E-18  5.727589E-19
    233  8.668730402486E-02  9.095303E-12  3.961340E-11  1.037740E-12  2.616777E-12  2.946004E-14  1.505094E-14  8.948935E-18  9.694460E-19
    234  8.725638446658E-02  1.015189E-11  4.795371E-11  1.303580E-12  3.583478E-12  4.181604E-14  2.303022E-14  1.386601E-17  1.606682E-18
    235  8.784892152766E-02  1.132149E-11  5.822160E-11  1.645344E-12  4.950645E-12  5.998464E-14  3.574071E-14  2.180469E-17  2.711147E-18
    236  8.837914431516E-02  1.240749E-11  6.887827E-11  2.015809E-12  6.579044E-12  8.246569E-14  5.274170E-14  3.256310E-17  4.314265E-18
    237  8.927467123273E-02  1.425569E-11  9.015740E-11  2.800760E-12  1.050001E-11  1.394574E-13  1.006417E-13  6.342078E-17  9.363547E-18
    238  9.009385267910E-02  1.584602E-11  1.130136E-10  3.709856E-12  1.580167E-11  2.214033E-13  1.785710E-13  1.146831E-16  1.870660E-17
    239  9.088007009323E-02  1.717486E-11  1.376276E-10  4.766053E-12  2.297386E-11  3.390384E-13  3.045740E-13  1.992522E-16  3.580164E-17
    240  9.160938796651E-02  1.816030E-11  1.622630E-10  5.907781E-12  3.196577E-11  4.952327E-13  4.920624E-13  3.275477E-16  6.442745E-17
    241  9.231864750676E-02  1.886691E-11  1.875516E-10  7.172535E-12  4.345849E-11  7.061799E-13  7.744595E-13  5.244245E-16  1.127198E-16
    242  9.335415502949E-02  1.952449E-11  2.271618E-10  9.341400E-12  6.688449E-11  1.166230E-12  1.479470E-12  1.027569E-15  2.516837E-16
    243  9.429165011748E-02  1.996239E-11  2.681910E-10  1.178755E-11  9.830271E-11  1.828480E-12  2.649760E-12  1.883931E-15  5.200106E-16
    244  9.514750284226E-02  2.055462E-11  3.153490E-10  1.473899E-11  1.414799E-10  2.793497E-12  4.577209E-12  3.325758E-15  1.025140E-15
    245  9.592869681963E-02  2.156598E-11  3.738169E-10  1.849129E-11  2.019903E-10  4.214136E-12  7.730628E-12  5.731212E-15  1.955529E-15
    246  9.638259128200E-02  2.248107E-11  4.185877E-10  2.140558E-11  2.522318E-10  5.434955E-12  1.065223E-11  7.991191E-15  2.893859E-15
    247  9.686466198075E-02  2.379781E-11  4.782595E-10  2.534117E-11  3.237453E-10  7.220787E-12  1.518777E-11  1.153912E-14  4.452504E-15
    248  9.745016881397E-02  2.597108E-11  5.729004E-10  3.170356E-11  4.470015E-10  1.039975E-11  2.384337E-11  1.839957E-14  7.672028E-15
    249  9.798964068785E-02  2.862361E-11  6.883591E-10  3.966076E-11  6.126882E-10  1.482440E-11  3.681446E-11  2.882431E-14  1.291448E-14
    250  9.892639389759E-02  3.495210E-11  9.779692E-10  6.047825E-11  1.096600E-09  2.842207E-11  8.119218E-11  6.521675E-14  3.314076E-14
    251  9.977784733458E-02  4.282013E-11  1.376404E-09  9.084257E-11  1.907337E-09  5.266426E-11  1.710492E-10  1.406837E-13  8.024774E-14
    252  1.005622893962E-01  5.195913E-11  1.900668E-09  1.332880E-10  3.208255E-09  9.396458E-11  3.439407E-10  2.892208E-13  1.837128E-13
    253  1.013070552067E-01  6.226509E-11  2.577224E-09  1.915590E-10  5.253782E-09  1.628289E-10  6.681817E-10  5.740052E-13  4.041471E-13
    254  1.019791947326E-01  7.276266E-11  3.369939E-09  2.641147E-10  8.156563E-09  2.661639E-10  1.211874E-09  1.061607E-12  8.208176E-13
    255  1.025982572428E-01  8.318629E-11  4.276587E-09  3.520923E-10  1.214051E-08  4.156004E-10  2.084014E-09  1.859173E-12  1.568004E-12
    256  1.032644197032E-01  9.479721E-11  5.456046E-09  4.738586E-10  1.840730E-08  6.637440E-10  3.694805E-09  3.362257E-12  3.115530E-12
    257  1.039121745974E-01  1.059100E-10  6.808550E-09  6.231514E-10  2.720378E-08  1.032243E-09  6.365221E-09  5.906632E-12  6.001842E-12
    258  1.045193471709E-01  1.155176E-10  8.244380E-09  7.929050E-10  3.865048E-08  1.538998E-09  1.045314E-08  9.881478E-12  1.095422E-11
    259  1.051181778144E-01  1.235337E-10  9.778471E-09  9.879338E-10  5.371682E-08  2.243879E-09  1.677369E-08  1.615220E-11  1.952127E-11
    260  1.056826419982E-01  1.291089E-10  1.127390E-08  1.193578E-09  7.197870E-08  3.146691E-09  2.576003E-08  2.524625E-11  3.311719E-11
    261  1.062431336111E-01  1.321705E-10  1.273328E-08  1.412682E-09  9.450066E-08  4.323688E-09  3.876519E-08  3.866893E-11  5.505630E-11
    262  1.068146627648E-01  1.323393E-10  1.409953E-08  1.641287E-09  1.220923E-07  5.853430E-09  5.760589E-08  5.851751E-11  9.061819E-11
    263  1.073656177930E-01  1.294896E-10  1.520684E-08  1.854743E-09  1.528984E-07  7.670683E-09  8.261884E-08  8.542514E-11  1.435050E-10
    264  1.079139362418E-01  1.237223E-10  1.602117E-08  2.047631E-09  1.871389E-07  9.825387E-09  1.158534E-07  1.219374E-10  2.222584E-10
    265  1.084202130578E-01  1.161387E-10  1.646588E-08  2.197962E-09  2.210538E-07  1.210720E-08  1.552719E-07  1.661547E-10  3.266860E-10
    266  1.089957947327E-01  1.054648E-10  1.658065E-08  2.326169E-09  2.609376E-07  1.500009E-08  2.117417E-07  2.309281E-10  4.950853E-10
    267  1.095139929398E-01  9.459930E-11  1.632933E-08  2.396590E-09  2.967554E-07  1.782392E-08  2.744298E-07  3.045080E-10  7.060429E-10
    268  1.100036617482E-01  8.379538E-11  1.580977E-08  2.422037E-09  3.295151E-07  2.063475E-08  3.450949E-07  3.892712E-10  9.724357E-10
    269  1.105581599754E-01  7.160557E-11  1.494496E-08  2.404300E-09  3.640488E-07  2.390777E-08  4.392637E-07  5.049034E-10  1.372975E-09
    270  1.111738162549E-01  5.879136E-11  1.372818E-08  2.332750E-09  3.979526E-07  2.756264E-08  5.624361E-07  6.602786E-10  1.973849E-09
    271  1.117276452796E-01  4.828952E-11  1.248154E-08  2.228799E-09  4.237042E-07  3.079729E-08  6.912156E-07  8.272022E-10  2.694607E-09
    272  1.122547306619E-01  3.945449E-11  1.123520E-08  2.104010E-09  4.436639E-07  3.377540E-08  8.303949E-07  1.012298E-09  3.580160E-09
    273  1.128196390807E-01  3.133166E-11  9.896138E-09  1.950908E-09  4.598902E-07  3.680407E-08  9.981460E-07  1.241400E-09  4.797069E-09
    274  1.134172103791E-01  2.419896E-11  8.526914E-09  1.775586E-09  4.712804E-07  3.977878E-08  1.197610E-06  1.521709E-09  6.461817E-09
    275  1.139661173569E-01  1.886195E-11  7.347429E-09  1.609515E-09  4.768531E-07  4.228345E-08  1.402344E-06  1.817621E-09  8.422448E-09
    276  1.145721141816E-01  1.417793E-11  6.161807E-09  1.428058E-09  4.779123E-07  4.476621E-08  1.652878E-06  2.190386E-09  1.118236E-08
    277  1.151138636995E-01  1.090058E-11  5.215704E-09  1.271716E-09  4.747271E-07  4.671902E-08  1.899454E-06  2.568077E-09  1.430303E-08
    278  1.160623872824E-01  6.767945E-12  3.814357E-09  1.017367E-09  4.609579E-07  4.950411E-08  2.387167E-06  3.344246E-09  2.172681E-08
    279  1.166131253687E-01  5.108191E-12  3.148884E-09  8.851904E-10  4.490470E-07  5.075850E-08  2.704174E-06  3.868414E-09  2.749987E-08
    280  1.171578902390E-01  3.861473E-12  2.586704E-09  7.662313E-10  4.348775E-07  5.172872E-08  3.042936E-06  4.444917E-09  3.455797E-08
    281  1.179966344325E-01  2.512481E-12  1.884541E-09  6.055248E-10  4.093069E-07  5.270292E-08  3.616934E-06  5.458223E-09  4.877157E-08
    282  1.184626561866E-01  1.989447E-12  1.571114E-09  5.283207E-10  3.936742E-07  5.299112E-08  3.963575E-06  6.091787E-09  5.883417E-08
    283  1.189221956404E-01  1.590628E-12  1.307901E-09  4.600977E-10  3.774928E-07  5.310032E-08  4.324706E-06  6.768838E-09  7.060380E-08
    284  1.197605220964E-01  1.080227E-12  9.246412E-10  3.533746E-10  3.463412E-07  5.283048E-08  5.034312E-06  8.148379E-09  9.793807E-08
    285  1.205341475296E-01  7.853741E-13  6.641394E-10  2.741510E-10  3.168425E-07  5.212236E-08  5.746515E-06  9.597761E-09  1.316064E-07
    286  1.212540834288E-01  6.078879E-13  4.831673E-10  2.143678E-10  2.891582E-07  5.106580E-08  6.455665E-06  1.110590E-08  1.723299E-07
    287  1.219299358624E-01  4.970882E-13  3.552368E-10  1.687045E-10  2.634144E-07  4.975301E-08  7.159872E-06  1.266830E-08  2.209788E-07
    288  1.225766858039E-01  4.249401E-13  2.629048E-10  1.332726E-10  2.394242E-07  4.824978E-08  7.864291E-06  1.429793E-08  2.791234E-07
    289  1.231854533608E-01  3.768736E-13  1.965903E-10  1.059718E-10  2.174771E-07  4.660671E-08  8.549690E-06  1.595083E-08  3.464910E-07
    290  1.237219182154E-01  3.454654E-13  1.513324E-10  8.610240E-11  1.988246E-07  4.499943E-08  9.167881E-06  1.750163E-08  4.179598E-07
    291  1.242404039059E-01  3.218595E-13  1.170554E-10  7.015161E-11  1.815695E-07  4.333401E-08  9.773868E-06  1.908090E-08  4.995570E-07
    292  1.248086455930E-01  3.010768E-13  8.793596E-11  5.576105E-11  1.635753E-07  4.139302E-08  1.044203E-05  2.089606E-08  6.053751E-07
    293  1.253177247642E-01  2.852939E-13  6.768004E-11  4.511476E-11  1.482187E-07  3.954168E-08  1.103884E-05  2.258985E-08  7.171494E-07
    294  1.258810647447E-01  2.698713E-13  5.046418E-11  3.551359E-11  1.322535E-07  3.742022E-08  1.169113E-05  2.452922E-08  8.620769E-07
    295  1.264205598797E-01  2.561440E-13  3.797705E-11  2.811158E-11  1.180074E-07  3.533722E-08  1.230092E-05  2.643841E-08  1.024625E-06
    296  1.270317883483E-01  2.407937E-13  2.738099E-11  2.141577E-11  1.030270E-07  3.291419E-08  1.296435E-05  2.864327E-08  1.241210E-06
    297  1.275757308169E-01  2.267910E-13  2.039517E-11  1.671008E-11  9.076682E-08  3.072950E-08  1.352152E-05  3.062348E-08  1.466652E-06
    298  1.286048671531E-01  1.980771E-13  1.163310E-11  1.031935E-11  7.039264E-08  2.662417E-08  1.446063E-05  3.434273E-08  1.989811E-06
    299  1.290949488661E-01  1.828352E-13  8.872661E-12  8.137057E-12  6.187411E-08  2.468378E-08  1.484026E-05  3.606048E-08  2.290067E-06
    300  1.295345101683E-01  1.683000E-13  6.954189E-12  6.553926E-12  5.489308E-08  2.297742E-08  1.513671E-05  3.754984E-08  2.589962E-06
    301  1.303954523490E-01  1.377532E-13  4.304154E-12  4.253581E-12  4.293377E-08  1.976036E-08  1.557900E-05  4.026292E-08  3.267128E-06
    302  1.308549873199E-01  1.206513E-13  3.316173E-12  3.353988E-12  3.738174E-08  1.810709E-08  1.572910E-05  4.155917E-08  3.681037E-06
    303  1.312776310019E-01  1.048883E-13  2.599572E-12  2.685246E-12  3.276487E-08  1.663864E-08  1.580868E-05  4.263317E-08  4.094577E-06
    304  1.320787884157E-01  7.638044E-14  1.618383E-12  1.745324E-12  2.522430E-08  1.401861E-08  1.579384E-05  4.429494E-08  4.962986E-06
    305  1.327308179063E-01  5.590655E-14  1.080685E-12  1.214816E-12  2.012736E-08  1.204604E-08  1.560876E-05  4.521064E-08  5.748431E-06
    306  1.333821207310E-01  3.900546E-14  7.075718E-13  8.358088E-13  1.586251E-08  1.022901E-08  1.526127E-05  4.566622E-08  6.595086E-06
    307  1.339749669338E-01  2.704198E-14  4.731294E-13  5.894700E-13  1.263696E-08  8.725801E-09  1.480647E-05  4.565031E-08  7.406706E-06
    308  1.345530840576E-01  1.831333E-14  3.142955E-13  4.154354E-13  1.001574E-08  7.396371E-09  1.424064E-05  4.521686E-08  8.224458E-06
    309  1.351098094661E-01  1.224041E-14  2.087167E-13  2.937801E-13  7.919647E-09  6.242266E-09  1.359004E-05  4.440224E-08  9.024210E-06
    310  1.359304916944E-01  6.495133E-15  1.117369E-13  1.741905E-13  5.503435E-09  4.778701E-09  1.247642E-05  4.253667E-08  1.018902E-05
    311  1.363572082699E-01  4.595414E-15  7.999117E-14  1.319946E-13  4.514471E-09  4.123851E-09  1.183927E-05  4.127651E-08  1.077436E-05
    312  1.367788244083E-01  3.229281E-15  5.709201E-14  9.984959E-14  3.686379E-09  3.541447E-09  1.117878E-05  3.984939E-08  1.133192E-05
    313  1.375777712339E-01  1.616671E-15  2.976855E-14  5.842999E-14  2.471364E-09  2.613798E-09  9.880420E-06  3.674977E-08  1.229998E-05
    314  1.380438267916E-01  1.066033E-15  2.023883E-14  4.261274E-14  1.938971E-09  2.169847E-09  9.113404E-06  3.475562E-08  1.279672E-05
    315  1.384690951451E-01  7.223885E-16  1.415986E-14  3.183243E-14  1.542594E-09  1.818142E-09  8.415364E-06  3.283959E-08  1.320075E-05
    316  1.391087445178E-01  3.966188E-16  8.224746E-15  2.045878E-14  1.080867E-09  1.377942E-09  7.388308E-06  2.985377E-08  1.370555E-05
    317  1.397002518981E-01  2.247804E-16  4.959315E-15  1.358166E-14  7.691561E-10  1.054874E-09  6.481650E-06  2.705563E-08  1.405045E-05
    318  1.402705851668E-01  1.283671E-16  3.036024E-15  9.141238E-15  5.480372E-10  8.068710E-10  5.658115E-06  2.437662E-08  1.426699E-05
    319  1.408634912375E-01  7.067457E-17  1.817150E-15  6.049152E-15  3.805371E-10  6.034702E-10  4.862655E-06  2.165557E-08  1.436951E-05
    320  1.414089642241E-01  4.039645E-17  1.134667E-15  4.148267E-15  2.695806E-10  4.579476E-10  4.194279E-06  1.926223E-08  1.435136E-05
    321  1.419220762512E-01  2.367112E-17  7.307079E-16  2.920015E-15  1.934475E-10  3.507062E-10  3.623566E-06  1.713337E-08  1.423871E-05
    322  1.422771704232E-01  1.624861E-17  5.391875E-16  2.292433E-15  1.528603E-10  2.899714E-10  3.260038E-06  1.573058E-08  1.410993E-05
    323  1.426029315631E-01  1.146478E-17  4.087529E-16  1.839776E-15  1.227284E-10  2.427307E-10  2.949796E-06  1.450238E-08  1.395625E-05
    324  1.430135230101E-01  7.358573E-18  2.894765E-16  1.399998E-15  9.267190E-11  1.932236E-10  2.590469E-06  1.304132E-08  1.371630E-05
    325  1.434683796643E-01  4.484114E-18  1.988640E-16  1.041266E-15  6.754021E-11  1.493455E-10  2.232359E-06  1.153937E-08  1.339440E-05
    326  1.440315208021E-01  2.416395E-18  1.263990E-16  7.297345E-16  4.529215E-11  1.077482E-10  1.843469E-06  9.848277E-09  1.292243E-05
    327  1.445490332405E-01  1.361819E-18  8.432269E-17  5.320926E-16  3.106270E-11  7.907764E-11  1.534261E-06  8.450355E-09  1.242613E-05
    328  1.451370980342E-01  7.110885E-19  5.429273E-17  3.783639E-16  2.007086E-11  5.520704E-11  1.235642E-06  7.047562E-09  1.180026E-05
    329  1.457052374241E-01  3.827522E-19  3.627939E-17  2.776801E-16  1.306044E-11  3.873008E-11  9.947848E-07  5.870155E-09  1.114541E-05
    330  1.463107957421E-01  2.007513E-19  2.413734E-17  2.036730E-16  8.167419E-12  2.625666E-11  7.820346E-07  4.786537E-09  1.040676E-05
    331  1.468752132891E-01  1.131009E-19  1.686849E-17  1.555151E-16  5.227604E-12  1.812980E-11  6.198406E-07  3.926469E-09  9.692997E-06
    332  1.475510939381E-01  5.999813E-20  1.126750E-17  1.151740E-16  3.038561E-12  1.154554E-11  4.647257E-07  3.068646E-09  8.822728E-06
    333  1.481899111058E-01  3.518004E-20  7.837943E-18  8.814544E-17  1.800334E-12  7.462798E-12  3.501283E-07  2.405364E-09  7.999572E-06
    334  1.491767377555E-01  1.776077E-20  4.587569E-18  5.961725E-17  7.923772E-13  3.761136E-12  2.217284E-07  1.620548E-09  6.760568E-06
    335  1.497116139607E-01  1.309145E-20  3.458222E-18  4.855853E-17  5.071999E-13  2.592500E-12  1.715199E-07  1.296828E-09  6.119503E-06
    336  1.502421520731E-01  9.996176E-21  2.610996E-18  3.958189E-17  3.254185E-13  1.790969E-12  1.319184E-07  1.031809E-09  5.511213E-06
    337  1.509052103900E-01  7.398789E-21  1.836777E-18  3.063219E-17  1.886958E-13  1.139554E-12  9.421194E-08  7.690554E-10  4.797768E-06
    338  1.515352476696E-01  5.702656E-21  1.311365E-18  2.393829E-17  1.145629E-13  7.560375E-13  6.786003E-08  5.771130E-10  4.173356E-06
    339  1.521327102765E-01  4.512647E-21  9.452930E-19  1.879972E-17  7.292867E-14  5.238653E-13  4.925828E-08  4.356618E-10  3.631147E-06
    340  1.526678407657E-01  3.688376E-21  7.013086E-19  1.505732E-17  5.002279E-14  3.878830E-13  3.674850E-08  3.367320E-10  3.188580E-06
    341  1.532481602429E-01  2.980957E-21  5.045514E-19  1.176622E-17  3.444246E-14  2.903080E-13  2.659454E-08  2.533017E-10  2.754557E-06
    342  1.535863948111E-01  2.637124E-21  4.150803E-19  1.015559E-17  2.819985E-14  2.496152E-13  2.196185E-08  2.139794E-10  2.522993E-06
    343  1.538995751697E-01  2.354299E-21  3.451743E-19  8.827945E-18  2.367390E-14  2.193354E-13  1.834577E-08  1.825597E-10  2.321908E-06
    344  1.546020187628E-01  1.829556E-21  2.266145E-19  6.395911E-18  1.660159E-14  1.705137E-13  1.218373E-08  1.271607E-10  1.916919E-06
    345  1.552062305672E-01  1.474738E-21  1.567107E-19  4.807942E-18  1.266823E-14  1.422891E-13  8.520029E-09  9.267800E-11  1.616352E-06
    346  1.557875935888E-01  1.196465E-21  1.089907E-19  3.618667E-18  9.967103E-15  1.221136E-13  6.001970E-09  6.795937E-11  1.364742E-06
    347  1.566447447202E-01  8.765036E-22  6.306712E-20  2.344123E-18  7.157167E-15  9.979555E-14  3.548197E-09  4.264490E-11  1.054145E-06
    348  1.574294426159E-01  6.567300E-22  3.797525E-20  1.557586E-18  5.348549E-15  8.403912E-14  2.178609E-09  2.766859E-11  8.249125E-07
    349  1.581710514975E-01  4.957415E-22  2.330809E-20  1.043667E-18  4.056948E-15  7.145055E-14  1.363916E-09  1.825621E-11  6.487058E-07
    350  1.588328903187E-01  3.839707E-22  1.508305E-20  7.264364E-19  3.163688E-15  6.173184E-14  8.968457E-10  1.258470E-11  5.200139E-07
    351  1.594606073659E-01  2.997429E-22  9.996448E-21  5.132284E-19  2.489173E-15  5.356389E-14  6.028607E-10  8.849107E-12  4.189836E-07
    352  1.600565792087E-01  2.353690E-22  6.766589E-21  3.672144E-19  1.970244E-15  4.656166E-14  4.141374E-10  6.345739E-12  3.391256E-07
    353  1.607059625219E-01  1.802048E-22  4.456266E-21  2.553931E-19  1.520382E-15  3.981368E-14  2.775224E-10  4.457167E-12  2.675024E-07
    354  1.613957576202E-01  1.351780E-22  2.888789E-21  1.743084E-19  1.147915E-15  3.354717E-14  1.843423E-10  3.113129E-12  2.061381E-07
    355  1.620398820205E-01  1.029357E-22  1.944949E-21  1.224469E-19  8.764043E-16  2.840265E-14  1.285521E-10  2.275885E-12  1.601674E-07
    356  1.627691861850E-01  7.576053E-23  1.267125E-21  8.330491E-20  6.425377E-16  2.342510E-14  8.884928E-11  1.660209E-12  1.191344E-07
    357  1.634667099868E-01  5.670018E-23  8.578118E-22  5.861569E-20  4.745727E-16  1.938144E-14  6.535314E-11  1.286806E-12  8.874227E-08
    358  1.645369737572E-01  3.685821E-23  4.921342E-22  3.569617E-20  2.947050E-16  1.434989E-14  4.497773E-11  9.614774E-13  5.519675E-08
    359  1.651200899964E-01  2.950250E-23  3.729018E-22  2.802892E-20  2.265713E-16  1.215001E-14  3.847161E-11  8.609333E-13  4.211730E-08
    360  1.656939516385E-01  2.387843E-23  2.879910E-22  2.249402E-20  1.739476E-16  1.026604E-14  3.385849E-11  7.931541E-13  3.197771E-08
    361  1.664404283242E-01  1.842965E-23  2.110611E-22  1.743529E-20  1.230211E-16  8.229259E-15  2.956780E-11  7.356837E-13  2.207708E-08
    362  1.671401020014E-01  1.469679E-23  1.614732E-22  1.414312E-20  8.867975E-17  6.675940E-15  2.660825E-11  7.010109E-13  1.540198E-08
    363  1.682228463170E-01  1.064648E-23  1.106943E-22  1.071777E-20  5.294895E-17  4.794243E-15  2.312531E-11  6.663555E-13  8.605490E-09
    364  1.688914277275E-01  8.875916E-24  8.953148E-23  9.254460E-21  3.849907E-17  3.908842E-15  2.135453E-11  6.506834E-13  5.929826E-09
    365  1.695862681704E-01  7.421151E-24  7.268749E-23  8.059052E-21  2.750449E-17  3.148687E-15  1.969006E-11  6.361263E-13  3.979817E-09
    366  1.708796298676E-01  5.464458E-24  5.090348E-23  6.431905E-21  1.475950E-17  2.113723E-15  1.690990E-11  6.098586E-13  1.850791E-09
    367  1.720689125062E-01  4.215273E-24  3.767781E-23  5.364663E-21  8.336840E-18  1.468007E-15  1.460204E-11  5.835142E-13  8.930743E-10
    368  1.730357271347E-01  3.456454E-24  2.998253E-23  4.695261E-21  5.301365E-18  1.103105E-15  1.286995E-11  5.595692E-13  4.884981E-10
    369  1.739185931198E-01  2.902608E-24  2.457231E-23  4.195773E-21  3.544719E-18  8.577660E-16  1.138834E-11  5.352405E-13  2.800409E-10
    370  1.748109107026E-01  2.446944E-24  2.027444E-23  3.776406E-21  2.410819E-18  6.774633E-16  9.989777E-12  5.083377E-13  1.599188E-10
    371  1.757092013639E-01  2.066641E-24  1.681202E-23  3.423378E-21  1.674111E-18  5.447782E-16  8.676832E-12  4.786958E-13  9.162995E-11
    372  1.765567714958E-01  1.767062E-24  1.417327E-23  3.143395E-21  1.226565E-18  4.560254E-16  7.531678E-12  4.487683E-13  5.520155E-11
    373  1.775373762473E-01  1.473512E-24  1.167276E-23  2.871555E-21  8.908732E-19  3.839961E-16  6.317769E-12  4.118940E-13  3.174481E-11
    374  1.784803688374E-01  1.236377E-24  9.718977E-24  2.654743E-21  6.880655E-19  3.393400E-16  5.269379E-12  3.749329E-13  1.966499E-11
    375  1.795112536071E-01  1.014807E-24  7.949854E-24  2.457676E-21  5.454940E-19  3.094421E-16  4.256062E-12  3.335599E-13  1.249968E-11
    376  1.804824008025E-01  8.368146E-25  6.569333E-24  2.303825E-21  4.593458E-19  2.951020E-16  3.431133E-12  2.948096E-13  8.776436E-12
    377  1.815169070317E-01  6.730793E-25  5.330364E-24  2.166270E-21  3.983183E-19  2.900233E-16  2.685798E-12  2.547743E-13  6.430731E-12
    378  1.825428215499E-01  5.345216E-25  4.304496E-24  2.051368E-21  3.584921E-19  2.928357E-16  2.077788E-12  2.176068E-13  4.970232E-12
    379  1.841355644659E-01  3.602194E-25  3.040822E-24  1.902321E-21  3.217851E-19  3.077039E-16  1.364091E-12  1.668091E-13  3.529909E-12
    380  1.856860183354E-01  2.338714E-25  2.143215E-24  1.777275E-21  3.051644E-19  3.302971E-16  8.940382E-13  1.272109E-13  2.622673E-12
    381  1.870847965371E-01  1.523697E-25  1.575578E-24  1.670956E-21  3.015360E-19  3.547529E-16  6.143218E-13  1.001517E-13  2.052415E-12
    382  1.883699545972E-01  1.001557E-25  1.222018E-24  1.572766E-21  3.056588E-19  3.788845E-16  4.442797E-13  8.196018E-14  1.678906E-12
    383  1.895671856375E-01  6.680751E-26  1.006894E-24  1.477672E-21  3.147772E-19  4.016079E-16  3.384427E-13  6.994808E-14  1.433007E-12
    384  1.907324824205E-01  4.496338E-26  8.783749E-25  1.380789E-21  3.278454E-19  4.230586E-16  2.690703E-13  6.204065E-14  1.269802E-12
    385  1.917913284253E-01  3.168742E-26  8.131094E-25  1.289370E-21  3.428091E-19  4.413765E-16  2.255751E-13  5.742413E-14  1.173088E-12
    386  1.928179034582E-01  2.300123E-26  7.837464E-25  1.197767E-21  3.595677E-19  4.576513E-16  1.954326E-13  5.478574E-14  1.116479E-12
    387  1.939781308337E-01  1.663160E-26  7.799918E-25  1.092694E-21  3.807445E-19  4.739329E-16  1.708307E-13  5.345959E-14  1.086555E-12
    388  1.950365569225E-01  1.294931E-26  7.959404E-25  9.961107E-22  4.014744E-19  4.866224E-16  1.540755E-13  5.338794E-14  1.083129E-12
    389  1.963061656501E-01  1.027334E-26  8.326675E-25  8.817488E-22  4.273898E-19  4.989951E-16  1.384664E-13  5.432023E-14  1.101034E-12
    390  1.975160386553E-01  8.846681E-27  8.808473E-25  7.759479E-22  4.521975E-19  5.079159E-16  1.264096E-13  5.591366E-14  1.133956E-12
    391  1.988970783448E-01  8.039316E-27  9.479925E-25  6.606592E-22  4.792623E-19  5.148533E-16  1.146885E-13  5.827384E-14  1.184429E-12
    392  2.001908516564E-01  7.781963E-27  1.021000E-24  5.599362E-22  5.020401E-19  5.184633E-16  1.049966E-13  6.080846E-14  1.240107E-12
    393  2.023233395230E-01  7.987913E-27  1.161650E-24  4.120443E-22  5.301487E-19  5.190648E-16  9.086950E-14  6.535170E-14  1.342907E-12
    394  2.035207364909E-01  8.334394E-27  1.252487E-24  3.402045E-22  5.389586E-19  5.167555E-16  8.374186E-14  6.800336E-14  1.404496E-12
    395  2.047171141817E-01  8.808170E-27  1.352962E-24  2.767257E-22  5.417523E-19  5.126542E-16  7.711140E-14  7.067715E-14  1.467725E-12
    396  2.061861175315E-01  9.549443E-27  1.491745E-24  2.106665E-22  5.369697E-19  5.050793E-16  6.958823E-14  7.394391E-14  1.546553E-12
    397  2.075162532616E-01  1.037088E-26  1.634662E-24  1.618655E-22  5.255974E-19  4.957512E-16  6.330989E-14  7.683066E-14  1.617795E-12
    398  2.088103947538E-01  1.131405E-26  1.792340E-24  1.237071E-22  5.097848E-19  4.844178E-16  5.764059E-14  7.951441E-14  1.685614E-12
    399  2.102374295066E-01  1.253284E-26  1.991295E-24  9.120321E-23  4.898410E-19  4.694859E-16  5.186188E-14  8.226548E-14  1.757163E-12
    400  2.116254943500E-01  1.391598E-26  2.214366E-24  6.772982E-23  4.710588E-19  4.529640E-16  4.671008E-14  8.468330E-14  1.822305E-12
    401  2.137594200207E-01  1.646910E-26  2.625156E-24  4.354104E-23  4.499928E-19  4.252611E-16  3.970229E-14  8.787960E-14  1.912962E-12
    402  2.149968302441E-01  1.821292E-26  2.907406E-24  3.431792E-23  4.447445E-19  4.088556E-16  3.616071E-14  8.948782E-14  1.961018E-12
    403  2.163578604848E-01  2.037796E-26  3.260953E-24  2.695450E-23  4.461233E-19  3.912202E-16  3.270351E-14  9.112525E-14  2.011587E-12
    404  2.188327022992E-01  2.504869E-26  4.037290E-24  1.854899E-23  4.687339E-19  3.616639E-16  2.755109E-14  9.403637E-14  2.103530E-12
    405  2.210861741802E-01  3.022477E-26  4.919481E-24  1.424463E-23  5.107825E-19  3.383585E-16  2.397762E-14  9.697202E-14  2.195244E-12
    406  2.231360986547E-01  3.579515E-26  5.892342E-24  1.195406E-23  5.648673E-19  3.200531E-16  2.147707E-14  1.001046E-13  2.290610E-12
    407  2.249661932162E-01  4.153895E-26  6.917935E-24  1.077739E-23  6.244588E-19  3.056310E-16  1.971743E-14  1.033348E-13  2.387019E-12
    408  2.266023391923E-01  4.735074E-26  7.975902E-24  1.024280E-23  6.859124E-19  2.939252E-16  1.843969E-14  1.065532E-13  2.482054E-12
    409  2.291569547831E-01  5.784415E-26  9.929655E-24  1.016904E-23  7.959898E-19  2.772678E-16  1.686651E-14  1.120798E-13  2.644646E-12
    410  2.305971902523E-01  6.460184E-26  1.121306E-23  1.047372E-23  8.651470E-19  2.685438E-16  1.615702E-14  1.153782E-13  2.742041E-12
    411  2.319348711247E-01  7.147613E-26  1.253580E-23  1.095098E-23  9.337295E-19  2.607866E-16  1.558883E-14  1.184995E-13  2.834822E-12
    412  2.335360820165E-01  8.052351E-26  1.429977E-23  1.174956E-23  1.021131E-18  2.519056E-16  1.500656E-14  1.222441E-13  2.947288E-12
    413  2.351317971316E-01  9.050322E-26  1.627186E-23  1.277820E-23  1.113781E-18  2.435071E-16  1.451929E-14  1.259146E-13  3.059174E-12
    414  2.376293164755E-01  1.082654E-25  1.983874E-23  1.483288E-23  1.269425E-18  2.313689E-16  1.392019E-14  1.313728E-13  3.229747E-12
    415  2.399259738388E-01  1.271948E-25  2.370514E-23  1.719330E-23  1.423416E-18  2.214860E-16  1.352949E-14  1.359092E-13  3.377115E-12
    416  2.420046682363E-01  1.467626E-25  2.775838E-23  1.972651E-23  1.571221E-18  2.138007E-16  1.330175E-14  1.394881E-13  3.499088E-12
    417  2.451201276448E-01  1.810795E-25  3.497437E-23  2.427473E-23  1.806592E-18  2.049490E-16  1.318449E-14  1.437275E-13  3.655977E-12
    418  2.467564269033E-01  2.018307E-25  3.939071E-23  2.705494E-23  1.936320E-18  2.017392E-16  1.323236E-14  1.453561E-13  3.724001E-12
    419  2.483354027874E-01  2.238639E-25  4.411495E-23  3.001739E-23  2.065140E-18  1.996608E-16  1.335170E-14  1.465150E-13  3.779390E-12
    420  2.499258654919E-01  2.482462E-25  4.937844E-23  3.330098E-23  2.198230E-18  1.986230E-16  1.354575E-14  1.472642E-13  3.824558E-12
    421  2.515152656983E-01  2.750203E-25  5.519454E-23  3.690782E-23  2.334289E-18  1.986742E-16  1.381464E-14  1.475917E-13  3.858762E-12
    422  2.542060864984E-01  3.265148E-25  6.646639E-23  4.383731E-23  2.570789E-18  2.012750E-16  1.444163E-14  1.471994E-13  3.891465E-12
    423  2.556901221114E-01  3.586355E-25  7.354340E-23  4.815117E-23  2.704101E-18  2.040770E-16  1.488061E-14  1.464891E-13  3.896029E-12
    424  2.570805114381E-01  3.914131E-25  8.079442E-23  5.254506E-23  2.830590E-18  2.075758E-16  1.535151E-14  1.455193E-13  3.891801E-12
    425  2.598984391343E-01  4.667952E-25  9.755931E-23  6.261710E-23  3.090869E-18  2.171933E-16  1.647895E-14  1.427078E-13  3.859003E-12
    426  2.622653138568E-01  5.407269E-25  1.140923E-22  7.245097E-23  3.312633E-18  2.278157E-16  1.759998E-14  1.395518E-13  3.807992E-12
    427  2.644885215151E-01  6.204751E-25  1.319980E-22  8.301180E-23  3.522773E-18  2.398094E-16  1.878941E-14  1.360130E-13  3.742447E-12
    428  2.667229470066E-01  7.122490E-25  1.526698E-22  9.510962E-23  3.735158E-18  2.537368E-16  2.010789E-14  1.319802E-13  3.661337E-12
    429  2.687894382327E-01  8.090572E-25  1.745293E-22  1.078122E-22  3.932224E-18  2.682091E-16  2.142580E-14  1.279006E-13  3.574571E-12
    430  2.709436570286E-01  9.240233E-25  2.005370E-22  1.228262E-22  4.138031E-18  2.848555E-16  2.288643E-14  1.233663E-13  3.474043E-12
    431  2.728595154549E-01  1.040059E-24  2.268208E-22  1.379092E-22  4.321286E-18  3.009536E-16  2.424611E-14  1.191525E-13  3.377586E-12
    432  2.763050324764E-01  1.287431E-24  2.829095E-22  1.698575E-22  4.651637E-18  3.328916E-16  2.678761E-14  1.113049E-13  3.191773E-12
    433  2.797281875476E-01  1.593393E-24  3.523014E-22  2.090462E-22  4.982405E-18  3.684375E-16  2.936019E-14  1.033614E-13  2.996989E-12
    434  2.831107064370E-01  1.970347E-24  4.377302E-22  2.569274E-22  5.315454E-18  4.075313E-16  3.188401E-14  9.552282E-14  2.799119E-12
    435  2.863632962154E-01  2.421312E-24  5.397783E-22  3.137491E-22  5.647415E-18  4.493440E-16  3.429915E-14  8.807811E-14  2.606413E-12
    436  2.894106333807E-01  2.942791E-24  6.575539E-22  3.789680E-22  5.976507E-18  4.930174E-16  3.664659E-14  8.125620E-14  2.426019E-12
    437  2.941185503109E-01  3.993961E-24  8.943115E-22  5.093009E-22  6.544003E-18  5.717135E-16  4.085784E-14  7.131140E-14  2.157383E-12
    438  2.983685787405E-01  5.285730E-24  1.184508E-21  6.681750E-22  7.158683E-18  6.592914E-16  4.588074E-14  6.347071E-14  1.942128E-12
    439  3.021949729112E-01  6.826971E-24  1.530563E-21  8.569064E-22  7.845588E-18  7.580205E-16  5.196877E-14  5.773869E-14  1.784144E-12
    440  3.059150641439E-01  8.780342E-24  1.970464E-21  1.096200E-21  8.694579E-18  8.803044E-16  5.987856E-14  5.356042E-14  1.670241E-12
    441  3.094680949786E-01  1.118752E-23  2.517295E-21  1.393205E-21  9.743459E-18  1.031710E-15  6.993990E-14  5.092722E-14  1.601473E-12
    442  3.127856926026E-01  1.403729E-23  3.175778E-21  1.750675E-21  1.101376E-17  1.216068E-15  8.235884E-14  4.971101E-14  1.574944E-12
    443  3.178598433803E-01  1.981155E-23  4.568544E-21  2.507480E-21  1.374047E-17  1.617259E-15  1.095909E-13  5.032762E-14  1.611637E-12
    444  3.224504526026E-01  2.679547E-23  6.417551E-21  3.515471E-21  1.742443E-17  2.172310E-15  1.473826E-13  5.379714E-14  1.738058E-12
    445  3.266870398371E-01  3.475268E-23  8.882824E-21  4.866705E-21  2.239832E-17  2.943477E-15  1.999200E-13  5.997401E-14  1.952039E-12
    446  3.305577136787E-01  4.289877E-23  1.208025E-20  6.631348E-21  2.889447E-17  3.982718E-15  2.707058E-13  6.875420E-14  2.251591E-12
    447  3.362681054783E-01  5.468869E-23  1.923747E-20  1.062093E-20  4.348610E-17  6.427286E-15  4.370889E-13  8.881569E-14  2.931869E-12
    448  3.414589872690E-01  6.397871E-23  2.911488E-20  1.618512E-20  6.359945E-17  1.001447E-14  6.809250E-13  1.159208E-13  3.850530E-12
    449  3.462773530350E-01  7.476320E-23  4.160432E-20  2.327708E-20  8.873352E-17  1.481738E-14  1.006804E-12  1.485265E-13  4.958234E-12
    450  3.508856189623E-01  9.484361E-23  5.702132E-20  3.208339E-20  1.187860E-16  2.096293E-14  1.422768E-12  1.852022E-13  6.207932E-12
    451  3.552628710565E-01  1.317422E-22  7.602353E-20  4.299212E-20  1.540182E-16  2.859346E-14  1.937748E-12  2.248046E-13  7.560348E-12
    452  3.595141079779E-01  1.941552E-22  1.006068E-19  5.717667E-20  1.971117E-16  3.835351E-14  2.594381E-12  2.693459E-13  9.082665E-12
    453  3.636744849418E-01  2.936471E-22  1.333137E-19  7.615466E-20  2.514091E-16  5.110240E-14  3.449277E-12  3.217095E-13  1.087171E-11
    454  3.676260234901E-01  4.409989E-22  1.756638E-19  1.008777E-19  3.182184E-16  6.728117E-14  4.530497E-12  3.828915E-13  1.296009E-11
    455  3.714655117309E-01  6.579014E-22  2.313930E-19  1.336202E-19  4.019082E-16  8.812016E-14  5.918273E-12  4.565361E-13  1.547097E-11
    456  3.752653942304E-01  9.787741E-22  3.057880E-19  1.776236E-19  5.081777E-16  1.152784E-13  7.720154E-12  5.469031E-13  1.854811E-11
    457  3.809506426681E-01  1.772459E-21  4.679539E-19  2.744253E-19  7.247142E-16  1.723469E-13  1.148700E-11  7.237346E-13  2.455863E-11
    458  3.865190953769E-01  3.164306E-21  7.146585E-19  4.233110E-19  1.027491E-15  2.547193E-13  1.688827E-11  9.598099E-13  3.256286E-11
    459  3.928522091207E-01  6.096136E-21  1.162512E-18  6.968914E-19  1.525800E-15  3.941208E-13  2.595827E-11  1.329555E-12  4.505871E-11
    460  3.991093841216E-01  1.160501E-20  1.886089E-18  1.144587E-18  2.246166E-15  5.999803E-13  3.923298E-11  1.836479E-12  6.212013E-11
    461  4.054183851758E-01  2.210851E-20  3.078679E-18  1.891886E-18  3.299742E-15  9.047100E-13  5.869253E-11  2.538484E-12  8.563175E-11
    462  4.147392755742E-01  5.679059E-20  6.367651E-18  3.985728E-18  5.761716E-15  1.616774E-12  1.035575E-10  4.062227E-12  1.362946E-10
    463  4.232199499949E-01  1.325415E-19  1.235918E-17  7.863436E-18  9.459718E-15  2.665575E-12  1.685746E-10  6.157352E-12  2.052946E-10
    464  4.316976825025E-01  3.059441E-19  2.402701E-17  1.552630E-17  1.537211E-14  4.276258E-12  2.667647E-10  9.203917E-12  3.045890E-10
    465  4.393401554526E-01  6.442493E-19  4.382212E-17  2.868635E-17  2.363228E-14  6.400305E-12  3.940940E-10  1.305267E-11  4.286606E-10
    466  4.465935084243E-01  1.294147E-18  7.758842E-17  5.138032E-17  3.533247E-14  9.204941E-12  5.594717E-10  1.796719E-11  5.853373E-10
    467  4.537106765818E-01  2.543669E-18  1.360288E-16  9.102394E-17  5.218413E-14  1.292016E-11  7.749544E-10  2.430153E-11  7.849685E-10
    468  4.602314649238E-01  4.687754E-18  2.276396E-16  1.536729E-16  7.434682E-14  1.737374E-11  1.029117E-09  3.172817E-11  1.016334E-09
    469  4.709552966107E-01  1.260316E-17  5.310738E-16  3.632026E-16  1.323840E-13  2.749374E-11  1.594275E-09  4.820181E-11  1.521430E-09
    470  4.769745726746E-01  2.176033E-17  8.540123E-16  5.879496E-16  1.826214E-13  3.507120E-11  2.008888E-09  6.030463E-11  1.886846E-09
    471  4.828178172001E-01  3.675085E-17  1.353780E-15  9.375337E-16  2.493691E-13  4.401959E-11  2.491186E-09  7.442793E-11  2.308302E-09
    472  4.927188450138E-01  8.811348E-17  2.949667E-15  2.060943E-15  4.223493E-13  6.348896E-11  3.519179E-09  1.047208E-10  3.197585E-09
    473  5.000000000000E-01  1.658644E-16  5.218426E-15  3.666677E-15  6.221262E-13  8.196685E-11  4.473753E-09  1.330805E-10  4.015331E-09
