 *                                      
 * expansion:  temp0=  1.000E+10 den0=  3.000E+06 temp_stop=  1.000E+07
 *          time                ho161         ho162         ho163         ho164         ho165         ho166         ho167         ho168
      1  0.000000000000E+00  1.000000E-30  1.000000E-30  1.000000E-30  1.000000E-30  1.000000E-30  1.000000E-30  1.000000E-30  1.000000E-30
      2  1.000000000000E-16  1.000000E-30  1.015027E-30  1.000000E-30  1.000000E-30  1.004583E-30  1.000000E-30  1.000135E-30  1.000000E-30
      3  6.264265632874E-16  1.000000E-30  1.092544E-30  1.000000E-30  1.000000E-30  1.028263E-30  1.000000E-30  1.000837E-30  1.000000E-30
      4  2.206990590178E-15  1.000000E-30  1.310002E-30  1.000000E-30  1.000000E-30  1.095072E-30  1.000000E-30  1.002854E-30  1.000000E-30
      5  6.425069294186E-15  1.000000E-30  1.792877E-30  1.000000E-30  1.000000E-30  1.245665E-30  1.000000E-30  1.007635E-30  1.000000E-30
      6  1.724777641531E-14  1.169860E-30  2.606636E-30  1.000002E-30  1.000000E-30  1.499083E-30  1.000000E-30  1.016707E-30  1.000000E-30
      7  4.527785414179E-14  4.425625E-30  4.218704E-30  1.044762E-30  1.000011E-30  1.763375E-30  1.000000E-30  1.027991E-30  1.000000E-30
      8  1.231582592127E-13  1.661040E-29  1.519519E-29  2.839530E-30  1.307047E-30  2.134074E-30  1.000009E-30  1.035573E-30  1.000000E-30
      9  4.001734798240E-13  2.314115E-29  2.446528E-29  4.148964E-30  1.633972E-30  2.380319E-30  1.000438E-30  1.040116E-30  1.000135E-30
     10  1.150918682670E-12  1.914496E-29  2.125153E-29  3.627502E-30  1.534922E-30  2.285097E-30  1.000000E-30  1.038086E-30  1.000000E-30
     11  2.802808442389E-12  1.406964E-29  1.602448E-29  2.819221E-30  1.332123E-30  2.207264E-30  1.019969E-30  1.044751E-30  1.000000E-30
     12  6.912921996243E-12  8.770285E-30  1.076848E-29  2.018719E-30  1.209425E-30  2.222366E-30  1.103213E-30  1.032053E-30  1.000000E-30
     13  1.659368270033E-11  1.370325E-30  2.368961E-30  1.000000E-30  1.000000E-30  1.000000E-30  1.000000E-30  1.009252E-30  1.000000E-30
     14  1.134012897413E-10  1.000000E-30  1.000000E-30  1.000000E-30  1.000000E-30  1.000000E-30  1.000000E-30  1.000000E-30  1.000000E-30
     15  1.081477360150E-09  1.000000E-30  1.000000E-30  1.000000E-30  1.000000E-30  1.000000E-30  1.000000E-30  1.000000E-30  1.000000E-30
     16  1.076223806424E-08  1.000000E-30  1.000000E-30  1.000000E-30  1.000000E-30  1.000000E-30  1.000000E-30  1.000000E-30  1.000000E-30
     17  6.834096797002E-08  1.000000E-30  1.000000E-30  1.000000E-30  1.000000E-30  1.000000E-30  1.000000E-30  1.000000E-30  1.000000E-30
     18  2.542122411654E-07  1.000000E-30  1.000000E-30  1.000000E-30  1.000000E-30  1.000000E-30  1.000000E-30  1.000000E-30  1.000000E-30
     19  7.007518887657E-07  1.000000E-30  1.000000E-30  1.000000E-30  1.000000E-30  1.000000E-30  1.000000E-30  1.000000E-30  1.000000E-30
     20  1.724661805125E-06  1.000000E-30  1.000000E-30  1.000000E-30  1.000000E-30  1.000000E-30  1.000000E-30  1.000000E-30  1.000000E-30
     21  4.267664185819E-06  1.000000E-30  1.000000E-30  1.000000E-30  1.000000E-30  1.000000E-30  1.000000E-30  1.000000E-30  1.000000E-30
     22  1.786211798807E-05  1.000000E-30  1.000000E-30  1.000000E-30  1.000000E-30  1.000000E-30  1.000000E-30  1.000000E-30  1.000000E-30
     23  6.929007850093E-05  1.000000E-30  1.000000E-30  1.000000E-30  1.000000E-30  1.000000E-30  1.000000E-30  1.000000E-30  1.000000E-30
     24  5.835696836295E-04  1.000000E-30  1.000000E-30  1.000000E-30  1.000000E-30  1.000000E-30  1.000000E-30  1.000000E-30  1.000000E-30
     25  1.496090518789E-03  1.000000E-30  1.000000E-30  1.000000E-30  1.000000E-30  1.000000E-30  1.000000E-30  1.000000E-30  1.000000E-30
     26  2.379765156362E-03  1.000000E-30  1.000000E-30  1.000000E-30  1.000000E-30  1.000000E-30  1.000000E-30  1.000000E-30  1.000000E-30
     27  3.772948503579E-03  1.000000E-30  1.000000E-30  1.000000E-30  1.000000E-30  1.000000E-30  1.000000E-30  1.000000E-30  1.000000E-30
     28  4.957278025650E-03  1.000000E-30  1.000000E-30  1.000000E-30  1.000000E-30  1.000000E-30  1.000000E-30  1.000000E-30  1.000000E-30
     29  5.758110286319E-03  1.000000E-30  1.000000E-30  1.000000E-30  1.000000E-30  1.000000E-30  1.000000E-30  1.000000E-30  1.000000E-30
     30  6.636115041812E-03  1.000000E-30  1.000000E-30  1.000000E-30  1.000000E-30  1.000000E-30  1.000000E-30  1.000000E-30  1.000000E-30
     31  7.490864585256E-03  1.000000E-30  1.000000E-30  1.000000E-30  1.000000E-30  1.000000E-30  1.000000E-30  1.000000E-30  1.000000E-30
     32  8.026631019591E-03  1.000000E-30  1.000000E-30  1.000000E-30  1.000000E-30  1.000000E-30  1.000000E-30  1.000000E-30  1.000000E-30
     33  8.451616658664E-03  1.000000E-30  1.000000E-30  1.000000E-30  1.000000E-30  1.000000E-30  1.000000E-30  1.000000E-30  1.000000E-30
     34  9.803471762980E-03  1.000000E-30  1.000000E-30  1.000000E-30  1.000000E-30  1.000000E-30  1.000000E-30  1.000000E-30  1.000000E-30
     35  1.116687552369E-02  1.000000E-30  1.000000E-30  1.000000E-30  1.000000E-30  1.000000E-30  1.000000E-30  1.000000E-30  1.000000E-30
     36  1.219012310682E-02  1.000000E-30  1.000000E-30  1.000000E-30  1.000000E-30  1.000000E-30  1.000000E-30  1.000000E-30  1.000000E-30
     37  1.314647137106E-02  1.000000E-30  1.000000E-30  1.000000E-30  1.000000E-30  1.000000E-30  1.000000E-30  1.000000E-30  1.000000E-30
     38  1.431720408173E-02  1.000000E-30  1.000000E-30  1.000000E-30  1.000000E-30  1.000000E-30  1.000000E-30  1.000000E-30  1.000000E-30
     39  1.545287753035E-02  1.000000E-30  1.000000E-30  1.000000E-30  1.000000E-30  1.000000E-30  1.000000E-30  1.000000E-30  1.000000E-30
     40  1.716820108076E-02  1.000000E-30  1.000000E-30  1.000000E-30  1.000000E-30  1.000000E-30  1.000000E-30  1.000000E-30  1.000000E-30
     41  1.871872199221E-02  1.000000E-30  1.000000E-30  1.000000E-30  1.000000E-30  1.000000E-30  1.000000E-30  1.000000E-30  1.000000E-30
     42  2.131412024987E-02  1.000000E-30  1.000000E-30  1.000000E-30  1.000000E-30  1.000000E-30  1.000000E-30  1.000000E-30  1.000000E-30
     43  2.288535686070E-02  1.000000E-30  1.000000E-30  1.000000E-30  1.000000E-30  1.000000E-30  1.000000E-30  1.000000E-30  1.000000E-30
     44  2.437102778700E-02  1.000000E-30  1.000000E-30  1.000000E-30  1.000000E-30  1.000000E-30  1.000000E-30  1.000000E-30  1.000000E-30
     45  2.666254430666E-02  1.000000E-30  1.000000E-30  1.000000E-30  1.000000E-30  1.000000E-30  1.000000E-30  1.000000E-30  1.000000E-30
     46  2.807329513827E-02  1.000000E-30  1.000000E-30  1.000000E-30  1.000000E-30  1.000000E-30  1.000000E-30  1.000000E-30  1.000000E-30
     47  2.946719119355E-02  1.359316E-30  1.000000E-30  1.000000E-30  1.000000E-30  1.000000E-30  1.000000E-30  1.000000E-30  1.000000E-30
     48  2.982466835475E-02  1.000000E-30  1.000000E-30  1.000000E-30  1.000000E-30  1.000000E-30  1.000000E-30  1.000000E-30  1.000000E-30
     49  3.017238950627E-02  1.000000E-30  1.000000E-30  1.000000E-30  1.000000E-30  1.000000E-30  1.000000E-30  1.000000E-30  1.000000E-30
     50  3.052509122072E-02  1.000000E-30  1.000000E-30  1.000000E-30  1.000000E-30  1.000000E-30  1.000000E-30  1.000000E-30  1.000000E-30
     51  3.066477686677E-02  1.000000E-30  1.000000E-30  1.000000E-30  1.000000E-30  1.000000E-30  1.000000E-30  1.000000E-30  1.000000E-30
     52  3.080037159611E-02  1.000000E-30  1.000000E-30  1.000000E-30  1.000000E-30  1.000000E-30  1.000000E-30  1.000000E-30  1.000000E-30
     53  3.111325257314E-02  1.000000E-30  1.000000E-30  1.000000E-30  1.000000E-30  1.000000E-30  1.000000E-30  1.000000E-30  1.000000E-30
     54  3.147800645819E-02  1.000000E-30  1.000000E-30  1.000000E-30  1.000000E-30  1.000000E-30  1.000000E-30  1.000000E-30  1.000000E-30
     55  3.181357346897E-02  1.017480E-30  1.000000E-30  1.000000E-30  1.000000E-30  1.000000E-30  1.000000E-30  1.000000E-30  1.000000E-30
     56  3.217197145871E-02  1.238879E-30  1.000000E-30  1.000000E-30  1.000000E-30  1.000000E-30  1.000000E-30  1.000000E-30  1.000000E-30
     57  3.249951277145E-02  1.300966E-30  1.000000E-30  1.000000E-30  1.000000E-30  1.000000E-30  1.000000E-30  1.000000E-30  1.000000E-30
     58  3.262595809504E-02  1.000000E-30  1.000000E-30  1.000000E-30  1.000000E-30  1.000000E-30  1.000000E-30  1.000000E-30  1.000000E-30
     59  3.272641576722E-02  1.000000E-30  1.000000E-30  1.000000E-30  1.000000E-30  1.000000E-30  1.000000E-30  1.000000E-30  1.000000E-30
     60  3.304841700500E-02  1.584305E-30  1.000000E-30  1.000000E-30  1.000000E-30  1.000000E-30  1.000000E-30  1.000000E-30  1.000000E-30
     61  3.362823507679E-02  4.210008E-30  1.858578E-30  1.316755E-30  1.000000E-30  1.000000E-30  1.000000E-30  1.000000E-30  1.000000E-30
     62  3.417743618412E-02  5.075428E-30  2.232068E-30  1.672025E-30  1.000000E-30  1.000000E-30  1.000000E-30  1.000000E-30  1.000000E-30
     63  3.448472684867E-02  2.808573E-30  1.296361E-30  1.038216E-30  1.000000E-30  1.000000E-30  1.000000E-30  1.000000E-30  1.000000E-30
     64  3.459225947862E-02  1.017675E-30  1.000000E-30  1.000000E-30  1.000000E-30  1.000000E-30  1.000000E-30  1.000000E-30  1.000000E-30
     65  3.468161085917E-02  1.000000E-30  1.000000E-30  1.000000E-30  1.000000E-30  1.000000E-30  1.000000E-30  1.000000E-30  1.000000E-30
     66  3.501586344154E-02  3.510098E-30  1.646423E-30  1.393928E-30  1.000000E-30  1.000000E-30  1.000000E-30  1.000000E-30  1.000000E-30
     67  3.563385967804E-02  7.289723E-30  3.553501E-30  3.201518E-30  1.203225E-30  1.000000E-30  1.000000E-30  1.000000E-30  1.000000E-30
     68  3.619390900501E-02  8.404019E-30  4.285053E-30  4.350141E-30  1.745125E-30  1.000000E-30  1.000000E-30  1.000000E-30  1.000000E-30
     69  3.661379630041E-02  6.960923E-30  3.801991E-30  3.878465E-30  1.594854E-30  1.000000E-30  1.000000E-30  1.000000E-30  1.000000E-30
     70  3.704099468238E-02  8.941851E-30  5.103656E-30  5.459577E-30  2.331372E-30  1.000000E-30  1.000000E-30  1.000000E-30  1.000000E-30
     71  3.731378163516E-02  6.436888E-30  3.688817E-30  4.169139E-30  1.864091E-30  1.000000E-30  1.000000E-30  1.000000E-30  1.000000E-30
     72  3.757630769329E-02  6.315415E-30  3.758654E-30  4.510529E-30  2.084663E-30  1.000000E-30  1.000000E-30  1.000000E-30  1.000000E-30
     73  3.788075418501E-02  7.505504E-30  4.708423E-30  5.842324E-30  2.829563E-30  1.089487E-30  1.000000E-30  1.000000E-30  1.000000E-30
     74  3.819794660071E-02  8.405340E-30  5.329101E-30  6.674965E-30  3.189567E-30  1.244754E-30  1.000000E-30  1.000000E-30  1.000000E-30
     75  3.838080203158E-02  5.400487E-30  3.440264E-30  4.417454E-30  2.204848E-30  1.000000E-30  1.000000E-30  1.000000E-30  1.000000E-30
     76  3.859219912978E-02  6.176238E-30  4.118754E-30  5.514093E-30  2.809643E-30  1.157543E-30  1.000000E-30  1.000000E-30  1.000000E-30
     77  3.884096228080E-02  8.005074E-30  5.351852E-30  7.153611E-30  3.793137E-30  1.614211E-30  1.000000E-30  1.000000E-30  1.000000E-30
     78  3.907668434759E-02  7.850674E-30  5.428013E-30  7.545976E-30  4.130564E-30  1.806781E-30  1.000000E-30  1.000000E-30  1.000000E-30
     79  3.934936577490E-02  9.707616E-30  6.720154E-30  9.589690E-30  5.353039E-30  2.481543E-30  1.000000E-30  1.000000E-30  1.000000E-30
     80  3.961640452516E-02  9.971004E-30  7.071992E-30  1.042249E-29  5.923582E-30  2.778726E-30  1.000000E-30  1.000000E-30  1.000000E-30
     81  3.991996766101E-02  1.149895E-29  8.413765E-30  1.306377E-29  7.479140E-30  3.602847E-30  1.060341E-30  1.000000E-30  1.000000E-30
     82  4.019473378510E-02  1.133001E-29  8.449111E-30  1.345957E-29  7.953489E-30  4.013833E-30  1.218348E-30  1.000000E-30  1.000000E-30
     83  4.046928694587E-02  1.128256E-29  8.656359E-30  1.463289E-29  8.946995E-30  4.454585E-30  1.360896E-30  1.000000E-30  1.000000E-30
     84  4.074955599116E-02  1.190876E-29  9.845430E-30  1.735358E-29  1.137548E-29  6.077059E-30  1.918881E-30  1.000000E-30  1.000000E-30
     85  4.099011663524E-02  1.056981E-29  8.824886E-30  1.612873E-29  1.070829E-29  5.688316E-30  1.821520E-30  1.000000E-30  1.000000E-30
     86  4.118445936105E-02  8.853133E-30  7.466472E-30  1.392845E-29  9.410317E-30  5.134726E-30  1.683869E-30  1.000000E-30  1.000000E-30
     87  4.137235583218E-02  8.723810E-30  7.551192E-30  1.452027E-29  1.006067E-29  5.641139E-30  1.887220E-30  1.000000E-30  1.000000E-30
     88  4.152714488067E-02  7.290514E-30  6.330749E-30  1.233790E-29  8.639316E-30  4.923148E-30  1.675767E-30  1.000000E-30  1.000000E-30
     89  4.165981986900E-02  6.254638E-30  5.497024E-30  1.090724E-29  7.751274E-30  4.499408E-30  1.555522E-30  1.000000E-30  1.000000E-30
     90  4.188596337322E-02  1.077765E-29  9.665663E-30  1.960284E-29  1.410699E-29  8.480095E-30  3.089261E-30  1.000000E-30  1.000000E-30
     91  4.208159634323E-02  9.775721E-30  9.291426E-30  1.945518E-29  1.449053E-29  9.162609E-30  3.424530E-30  1.000000E-30  1.000000E-30
     92  4.230932596557E-02  1.111026E-29  1.056029E-29  2.266062E-29  1.712054E-29  1.098342E-29  4.119973E-30  1.178840E-30  1.000000E-30
     93  4.251598135750E-02  1.045458E-29  1.035845E-29  2.294828E-29  1.779498E-29  1.180535E-29  4.541419E-30  1.327658E-30  1.000000E-30
     94  4.274368410830E-02  1.136111E-29  1.127266E-29  2.566201E-29  2.030900E-29  1.353987E-29  5.245536E-30  1.561907E-30  1.000000E-30
     95  4.294191711445E-02  9.981006E-30  9.904013E-30  2.375910E-29  1.976914E-29  1.348924E-29  5.382720E-30  1.647177E-30  1.000000E-30
     96  4.316569238790E-02  1.140703E-29  1.182910E-29  2.861902E-29  2.408610E-29  1.722802E-29  7.014078E-30  2.180713E-30  1.000000E-30
     97  4.339365876136E-02  1.168725E-29  1.238615E-29  3.082924E-29  2.619341E-29  1.875421E-29  7.948722E-30  2.556595E-30  1.000000E-30
     98  4.362382833621E-02  1.184802E-29  1.283614E-29  3.296377E-29  2.874686E-29  2.112026E-29  9.176842E-30  3.146122E-30  1.000000E-30
     99  4.384703699487E-02  1.154132E-29  1.284159E-29  3.391857E-29  3.022648E-29  2.276918E-29  1.008536E-29  3.517073E-30  1.000000E-30
    100  4.408801045744E-02  1.232516E-29  1.391665E-29  3.814408E-29  3.509155E-29  2.726837E-29  1.213964E-29  4.243450E-30  1.000000E-30
    101  4.430336182063E-02  1.083878E-29  1.274422E-29  3.576463E-29  3.342373E-29  2.659516E-29  1.221688E-29  4.393347E-30  1.000000E-30
    102  4.453208602613E-02  1.144002E-29  1.353945E-29  3.942328E-29  3.805789E-29  3.123855E-29  1.443792E-29  5.211492E-30  1.000000E-30
    103  4.474836808964E-02  1.077819E-29  1.297564E-29  3.907000E-29  3.875843E-29  3.279649E-29  1.547996E-29  5.749294E-30  1.080178E-30
    104  4.497736119052E-02  1.122832E-29  1.395030E-29  4.363477E-29  4.459916E-29  3.903526E-29  1.895220E-29  7.082801E-30  1.345520E-30
    105  4.517199675598E-02  9.445097E-30  1.225696E-29  3.891458E-29  4.006299E-29  3.548556E-29  1.761591E-29  6.965321E-30  1.366024E-30
    106  4.536038532241E-02  9.013857E-30  1.186583E-29  3.879833E-29  4.095781E-29  3.724025E-29  1.873689E-29  7.614535E-30  1.524423E-30
    107  4.552484255766E-02  7.741399E-30  1.013484E-29  3.471698E-29  3.834192E-29  3.676160E-29  1.934201E-29  7.959081E-30  1.610805E-30
    108  4.581275722245E-02  1.318318E-29  1.811805E-29  6.381243E-29  7.140570E-29  6.903974E-29  3.638875E-29  1.560630E-29  3.307246E-30
    109  4.603616864208E-02  9.878879E-30  1.361670E-29  5.050562E-29  5.943548E-29  6.122831E-29  3.423479E-29  1.471488E-29  3.096729E-30
    110  4.624194314299E-02  8.936692E-30  1.274045E-29  4.798853E-29  5.702381E-29  5.977428E-29  3.419620E-29  1.533493E-29  3.347246E-30
    111  4.641297951594E-02  7.357473E-30  1.057963E-29  4.107901E-29  5.007926E-29  5.371075E-29  3.106632E-29  1.397130E-29  3.049810E-30
    112  4.656990459822E-02  6.643956E-30  9.725265E-30  3.837431E-29  4.732061E-29  5.146395E-29  3.024472E-29  1.397102E-29  3.118992E-30
    113  4.671253119976E-02  5.921172E-30  8.821323E-30  3.566823E-29  4.476699E-29  4.958781E-29  2.955404E-29  1.387682E-29  3.151223E-30
    114  4.684580987606E-02  5.434730E-30  8.256973E-30  3.404010E-29  4.330652E-29  4.868336E-29  2.936155E-29  1.401819E-29  3.239691E-30
    115  4.697520204195E-02  5.192600E-30  8.021493E-30  3.361303E-29  4.327605E-29  4.929811E-29  3.006904E-29  1.462626E-29  3.412864E-30
    116  4.709649788536E-02  4.770808E-30  7.499726E-30  3.205747E-29  4.188176E-29  4.846513E-29  2.990247E-29  1.470303E-29  3.457263E-30
    117  4.721637454993E-02  4.636849E-30  7.380763E-30  3.200396E-29  4.226419E-29  4.951477E-29  3.088422E-29  1.547521E-29  3.714811E-30
    118  4.732862910872E-02  4.265187E-30  6.852860E-30  3.027595E-29  4.056617E-29  4.828625E-29  3.046786E-29  1.541325E-29  3.740693E-30
    119  4.750539400184E-02  6.550601E-30  1.073231E-29  4.846967E-29  6.618900E-29  8.079968E-29  5.211306E-29  2.723941E-29  6.747648E-30
    120  4.767210524850E-02  5.967325E-30  1.000898E-29  4.636389E-29  6.448314E-29  7.985984E-29  5.141826E-29  2.600170E-29  6.386363E-30
    121  4.783406579930E-02  5.644729E-30  9.660430E-30  4.587321E-29  6.508287E-29  8.251403E-29  5.429260E-29  2.829600E-29  6.994007E-30
    122  4.799263518131E-02  5.392861E-30  9.377235E-30  4.548101E-29  6.561741E-29  8.484143E-29  5.674730E-29  3.016778E-29  7.644009E-30
    123  4.815339657435E-02  5.307549E-30  9.380073E-30  4.663146E-29  6.859942E-29  9.080352E-29  6.197789E-29  3.386256E-29  8.762720E-30
    124  4.832264594384E-02  5.392712E-30  9.729111E-30  4.974265E-29  7.484795E-29  1.016696E-28  7.092665E-29  3.983622E-29  1.047891E-29
    125  4.849826454798E-02  5.391459E-30  9.940341E-30  5.220348E-29  8.015469E-29  1.114239E-28  7.913583E-29  4.531645E-29  1.218960E-29
    126  4.867786870736E-02  5.313653E-30  9.991668E-30  5.383520E-29  8.431266E-29  1.199171E-28  8.673624E-29  5.072272E-29  1.386287E-29
    127  4.885872256535E-02  5.152181E-30  9.853363E-30  5.446619E-29  8.705096E-29  1.267801E-28  9.348072E-29  5.591044E-29  1.549474E-29
    128  4.903755607841E-02  4.924612E-30  9.525618E-30  5.410024E-29  8.836433E-29  1.319862E-28  9.933786E-29  6.084483E-29  1.712682E-29
    129  4.921259737621E-02  4.619510E-30  9.132382E-30  5.337593E-29  8.910696E-29  1.364218E-28  1.047054E-28  6.556075E-29  1.874300E-29
    130  4.938368810460E-02  4.334913E-30  8.796784E-30  5.277021E-29  8.987033E-29  1.407500E-28  1.100003E-28  7.030947E-29  2.042867E-29
    131  4.955132280349E-02  4.110313E-30  8.473540E-30  5.198886E-29  9.015768E-29  1.442431E-28  1.147046E-28  7.481428E-29  2.208995E-29
    132  4.971624312404E-02  3.874936E-30  8.141082E-30  5.126433E-29  9.069152E-29  1.485426E-28  1.203961E-28  8.028153E-29  2.412281E-29
    133  4.987811857735E-02  3.652727E-30  7.845030E-30  5.059469E-29  9.113931E-29  1.524252E-28  1.256203E-28  8.537232E-29  2.610046E-29
    134  5.003799836445E-02  3.482305E-30  7.582565E-30  5.003884E-29  9.177692E-29  1.567542E-28  1.314517E-28  9.118240E-29  2.844305E-29
    135  5.019682549602E-02  3.316809E-30  7.342894E-30  4.965697E-29  9.286885E-29  1.622096E-28  1.385617E-28  9.821332E-29  3.127455E-29
    136  5.035511419132E-02  3.179716E-30  7.220906E-30  4.997100E-29  9.515531E-29  1.696612E-28  1.473263E-28  1.064372E-28  3.451083E-29
    137  5.051299755300E-02  3.045595E-30  7.021308E-30  4.964643E-29  9.613168E-29  1.748187E-28  1.542211E-28  1.134632E-28  3.741474E-29
    138  5.067010535678E-02  2.928559E-30  6.791248E-30  4.918605E-29  9.713976E-29  1.807532E-28  1.624014E-28  1.221153E-28  4.109867E-29
    139  5.082726902819E-02  2.808696E-30  6.647304E-30  4.928686E-29  9.922101E-29  1.887487E-28  1.725831E-28  1.324652E-28  4.539539E-29
    140  5.098506829486E-02  2.713094E-30  6.513465E-30  4.938037E-29  1.012125E-28  1.966556E-28  1.828731E-28  1.430956E-28  4.987789E-29
    141  5.114361869269E-02  2.616515E-30  6.358056E-30  4.938429E-29  1.031550E-28  2.049290E-28  1.939573E-28  1.548534E-28  5.495042E-29
    142  5.130328078870E-02  2.511197E-30  6.235827E-30  4.965952E-29  1.056959E-28  2.146304E-28  2.066939E-28  1.683117E-28  6.076748E-29
    143  5.146205644840E-02  2.380937E-30  6.013083E-30  4.912326E-29  1.065895E-28  2.213430E-28  2.169152E-28  1.801330E-28  6.608981E-29
    144  5.162089365231E-02  2.247067E-30  5.877360E-30  4.925482E-29  1.088776E-28  2.310599E-28  2.303637E-28  1.951023E-28  7.281416E-29
    145  5.177902725711E-02  2.130968E-30  5.657967E-30  4.864797E-29  1.095044E-28  2.373312E-28  2.405304E-28  2.075171E-28  7.863443E-29
    146  5.193558292952E-02  2.063563E-30  5.537128E-30  4.793932E-29  1.085245E-28  2.375554E-28  2.432279E-28  2.132213E-28  8.235740E-29
    147  5.207655208218E-02  1.744643E-30  4.826743E-30  4.317734E-29  9.970393E-29  2.230463E-28  2.322191E-28  2.073645E-28  8.129771E-29
    148  5.220437120847E-02  1.558132E-30  4.280709E-30  3.889347E-29  9.116602E-29  2.074559E-28  2.188484E-28  1.983132E-28  7.866743E-29
    149  5.240275279905E-02  2.258076E-30  6.459342E-30  6.011945E-29  1.438266E-28  3.358550E-28  3.619095E-28  3.367291E-28  1.367318E-28
    150  5.258707116153E-02  1.902965E-30  5.610139E-30  5.464998E-29  1.354919E-28  3.287683E-28  3.636995E-28  3.461893E-28  1.421009E-28
    151  5.276353482958E-02  1.723618E-30  5.195815E-30  5.193848E-29  1.311563E-28  3.253877E-28  3.665910E-28  3.567552E-28  1.494207E-28
    152  5.293536770993E-02  1.645077E-30  4.899909E-30  4.994973E-29  1.286214E-28  3.267386E-28  3.752320E-28  3.737197E-28  1.596681E-28
    153  5.310288915571E-02  1.503282E-30  4.692343E-30  4.872846E-29  1.265461E-28  3.254611E-28  3.780672E-28  3.829392E-28  1.663804E-28
    154  5.325369291828E-02  1.317260E-30  4.066786E-30  4.333391E-29  1.149993E-28  3.030765E-28  3.587326E-28  3.710901E-28  1.639565E-28
    155  5.339308966526E-02  1.159099E-30  3.677298E-30  3.946085E-29  1.056140E-28  2.813221E-28  3.350961E-28  3.479423E-28  1.536521E-28
    156  5.362726198018E-02  1.828846E-30  5.878901E-30  6.580189E-29  1.815157E-28  5.013191E-28  6.163053E-28  6.683235E-28  3.074673E-28
    157  5.383816121000E-02  1.479159E-30  4.869965E-30  5.703085E-29  1.639776E-28  4.740215E-28  6.011604E-28  6.696027E-28  3.127116E-28
    158  5.403768730975E-02  1.281129E-30  4.382799E-30  5.325405E-29  1.566448E-28  4.659591E-28  6.051851E-28  6.944136E-28  3.326644E-28
    159  5.422986619970E-02  1.211530E-30  4.177914E-30  5.128579E-29  1.521695E-28  4.584999E-28  6.027889E-28  7.049865E-28  3.444639E-28
    160  5.440569294967E-02  1.000000E-30  3.625322E-30  4.636462E-29  1.410017E-28  4.368438E-28  5.863543E-28  7.015551E-28  3.489005E-28
    161  5.456994612052E-02  1.000000E-30  3.267106E-30  4.222931E-29  1.302281E-28  4.101040E-28  5.561733E-28  6.706406E-28  3.344545E-28
    162  5.485681963417E-02  1.380513E-30  5.327498E-30  7.265685E-29  2.318602E-28  7.630010E-28  1.075349E-27  1.367622E-27  7.166680E-28
    163  5.511708850657E-02  1.100610E-30  4.285688E-30  6.184331E-29  2.077581E-28  7.232699E-28  1.059808E-27  1.395324E-27  7.453934E-28
    164  5.536560227933E-02  1.031283E-30  4.049181E-30  5.917093E-29  2.007832E-28  7.111021E-28  1.060965E-27  1.441059E-27  7.959001E-28
    165  5.559867087093E-02  1.000000E-30  3.520106E-30  5.415737E-29  1.895391E-28  6.947674E-28  1.062740E-27  1.483218E-27  8.367040E-28
    166  5.582344501454E-02  1.000000E-30  3.174886E-30  5.017548E-29  1.802744E-28  6.798004E-28  1.058132E-27  1.495293E-27  8.470308E-28
    167  5.608267729631E-02  1.000000E-30  3.343289E-30  5.546851E-29  2.069468E-28  8.116932E-28  1.299257E-27  1.892126E-27  1.097010E-27
    168  5.632179590432E-02  1.000000E-30  2.850206E-30  4.907706E-29  1.894023E-28  7.779495E-28  1.293781E-27  1.978175E-27  1.195182E-27
    169  5.658568452696E-02  1.000000E-30  2.887300E-30  5.246543E-29  2.084703E-28  8.815990E-28  1.494500E-27  2.326387E-27  1.422063E-27
    170  5.682194908758E-02  1.000000E-30  2.489889E-30  4.566877E-29  1.850851E-28  8.070482E-28  1.405150E-27  2.267341E-27  1.430600E-27
    171  5.707748662895E-02  1.000000E-30  2.415800E-30  4.676180E-29  1.973305E-28  8.984050E-28  1.612021E-27  2.683998E-27  1.732462E-27
    172  5.730159219632E-02  1.000000E-30  2.006396E-30  3.995596E-29  1.720251E-28  8.071757E-28  1.486577E-27  2.562901E-27  1.705340E-27
    173  5.769211250520E-02  1.000000E-30  3.037899E-30  6.591662E-29  2.986669E-28  1.488262E-27  2.874360E-27  5.272922E-27  3.707117E-27
    174  5.804755660481E-02  1.000000E-30  2.448217E-30  5.484030E-29  2.549443E-28  1.333063E-27  2.706489E-27  5.343299E-27  3.999190E-27
    175  5.837706807704E-02  1.000000E-30  2.034284E-30  4.918232E-29  2.416133E-28  1.317185E-27  2.721377E-27  5.419213E-27  4.081440E-27
    176  5.868213309337E-02  1.000000E-30  1.650512E-30  4.224530E-29  2.170614E-28  1.249838E-27  2.688030E-27  5.584494E-27  4.327034E-27
    177  5.897372529375E-02  1.000000E-30  1.395212E-30  3.760865E-29  2.006812E-28  1.214669E-27  2.715732E-27  5.902669E-27  4.735445E-27
    178  5.927019313219E-02  1.000000E-30  1.251740E-30  3.536239E-29  1.962957E-28  1.250143E-27  2.905603E-27  6.608687E-27  5.491541E-27
    179  5.955970264735E-02  1.000000E-30  1.071802E-30  3.193693E-29  1.844057E-28  1.230835E-27  2.961730E-27  7.014131E-27  6.015707E-27
    180  5.987296131417E-02  1.000000E-30  1.008451E-30  3.144509E-29  1.895430E-28  1.335784E-27  3.345046E-27  8.288715E-27  7.356976E-27
    181  6.018239261751E-02  1.000000E-30  1.000000E-30  2.777657E-29  1.743910E-28  1.283915E-27  3.314251E-27  8.485966E-27  7.713440E-27
    182  6.051941164510E-02  1.000000E-30  1.000000E-30  2.760460E-29  1.801986E-28  1.390786E-27  3.721669E-27  9.955288E-27  9.372400E-27
    183  6.081686890997E-02  1.000000E-30  1.000000E-30  2.198096E-29  1.489216E-28  1.210110E-27  3.374117E-27  9.513600E-27  9.355084E-27
    184  6.107970107709E-02  1.000000E-30  1.000000E-30  1.769444E-29  1.253411E-28  1.075635E-27  3.128788E-27  9.299539E-27  9.541231E-27
    185  6.149099227918E-02  1.000000E-30  1.000000E-30  2.424158E-29  1.798997E-28  1.638581E-27  4.988818E-27  1.567286E-26  1.679576E-26
    186  6.184187848266E-02  1.000000E-30  1.000000E-30  1.784068E-29  1.400771E-28  1.365465E-27  4.370669E-27  1.457918E-26  1.637724E-26
    187  6.212841772032E-02  1.000000E-30  1.000000E-30  1.330461E-29  1.076185E-28  1.088629E-27  3.584080E-27  1.237936E-26  1.430294E-26
    188  6.241083345826E-02  1.000000E-30  1.000000E-30  1.207673E-29  1.007799E-28  1.058046E-27  3.581853E-27  1.279683E-26  1.518681E-26
    189  6.286334795077E-02  1.000000E-30  1.000000E-30  1.615627E-29  1.424834E-28  1.603610E-27  5.719721E-27  2.176493E-26  2.712725E-26
    190  6.324448148531E-02  1.000000E-30  1.000000E-30  1.131888E-29  1.059443E-28  1.283153E-27  4.831033E-27  1.962175E-26  2.573445E-26
    191  6.354755735680E-02  1.000000E-30  1.000000E-30  8.046260E-30  7.682797E-29  9.603811E-28  3.709656E-27  1.554313E-26  2.088083E-26
    192  6.382753282149E-02  1.000000E-30  1.000000E-30  6.735278E-30  6.738814E-29  8.836441E-28  3.527502E-27  1.538018E-26  2.133127E-26
    193  6.429792763326E-02  1.000000E-30  1.000000E-30  9.811092E-30  1.015948E-28  1.395973E-27  5.780145E-27  2.645671E-26  3.822924E-26
    194  6.470641913937E-02  1.000000E-30  1.000000E-30  7.154839E-30  7.712965E-29  1.125777E-27  4.913396E-27  2.418972E-26  3.712358E-26
    195  6.514351188605E-02  1.000000E-30  1.000000E-30  6.219208E-30  7.176066E-29  1.123625E-27  5.141167E-27  2.672674E-26  4.279181E-26
    196  6.551961572666E-02  1.000000E-30  1.000000E-30  3.817578E-30  5.086815E-29  9.010422E-28  4.402002E-27  2.409410E-26  3.964659E-26
    197  6.614173306661E-02  1.000000E-30  1.000000E-30  4.799773E-30  6.988982E-29  1.347662E-27  6.958417E-27  4.068432E-26  7.070954E-26
    198  6.666431851744E-02  1.000000E-30  1.000000E-30  2.282033E-30  4.174301E-29  9.821453E-28  5.671662E-27  3.660780E-26  6.739892E-26
    199  6.714973898932E-02  1.000000E-30  1.000000E-30  1.995544E-30  2.988183E-29  6.712714E-28  4.073170E-27  3.003756E-26  6.275892E-26
    200  6.763365269933E-02  1.000000E-30  1.000000E-30  1.409133E-30  2.278038E-29  5.709556E-28  3.702633E-27  2.902948E-26  6.314227E-26
    201  6.810748363549E-02  1.000000E-30  1.000000E-30  1.361223E-30  2.168078E-29  5.333932E-28  3.464029E-27  2.801598E-26  6.335296E-26
    202  6.886988901479E-02  1.000000E-30  1.000000E-30  2.505963E-30  4.153132E-29  9.262908E-28  4.994689E-27  3.341721E-26  7.387437E-26
    203  6.932442343830E-02  1.000000E-30  1.000000E-30  1.000000E-30  7.465411E-30  3.064651E-28  2.536692E-27  2.610363E-26  6.881056E-26
    204  6.977291475786E-02  1.000000E-30  1.000000E-30  1.000000E-30  6.576080E-30  2.515666E-28  2.135277E-27  2.306447E-26  6.407874E-26
    205  7.051837306122E-02  1.000000E-30  1.000000E-30  1.000000E-30  3.168082E-30  2.487001E-28  2.861731E-27  3.711365E-26  1.116546E-25
    206  7.120724846930E-02  1.000000E-30  1.000000E-30  1.000000E-30  1.607666E-30  1.055056E-28  1.478539E-27  2.580518E-26  9.495485E-26
    207  7.185571854523E-02  1.000000E-30  1.000000E-30  1.000000E-30  1.851500E-30  1.156590E-28  1.407999E-27  2.308009E-26  8.386337E-26
    208  7.250556240022E-02  1.000000E-30  1.000000E-30  1.000000E-30  1.325208E-30  8.627111E-29  1.074003E-27  1.826885E-26  7.141407E-26
    209  7.308358088908E-02  1.000000E-30  1.000000E-30  1.000000E-30  1.000000E-30  5.443537E-29  6.894567E-28  1.264185E-26  5.314262E-26
    210  7.365083251161E-02  1.000000E-30  1.000000E-30  1.000000E-30  1.000000E-30  3.655659E-29  4.845115E-28  9.587593E-27  4.304492E-26
    211  7.420607479025E-02  1.000000E-30  1.000000E-30  1.000000E-30  1.000000E-30  2.389790E-29  3.354862E-28  7.151346E-27  3.408991E-26
    212  7.477269193766E-02  1.000000E-30  1.000000E-30  1.000000E-30  1.000000E-30  1.594896E-29  2.411878E-28  5.608405E-27  2.855380E-26
    213  7.532671922740E-02  1.000000E-30  1.000000E-30  1.000000E-30  1.000000E-30  1.037040E-29  1.718951E-28  4.419197E-27  2.415872E-26
    214  7.590819975934E-02  1.000000E-30  1.000000E-30  1.000000E-30  1.000000E-30  7.131474E-30  1.292971E-28  3.685671E-27  2.172844E-26
    215  7.648106882397E-02  1.000000E-30  1.000000E-30  1.000000E-30  1.000000E-30  4.843154E-30  9.601875E-29  3.040071E-27  1.935074E-26
    216  7.706864365518E-02  1.000000E-30  1.000000E-30  1.000000E-30  1.000000E-30  3.172101E-30  6.853154E-29  2.407122E-27  1.655260E-26
    217  7.765097184480E-02  1.000000E-30  1.000000E-30  1.000000E-30  1.000000E-30  2.018047E-30  4.737789E-29  1.842667E-27  1.367877E-26
    218  7.824188421090E-02  1.000000E-30  1.000000E-30  1.000000E-30  1.000000E-30  1.260174E-30  3.204978E-29  1.377297E-27  1.103300E-26
    219  7.883216312169E-02  1.000000E-30  1.000000E-30  1.000000E-30  1.000000E-30  1.000000E-30  2.078969E-29  9.922827E-28  8.599750E-27
    220  7.934760137230E-02  1.000000E-30  1.000000E-30  1.000000E-30  1.000000E-30  1.000000E-30  1.247099E-29  6.525437E-28  6.057481E-27
    221  7.991019390762E-02  1.000000E-30  1.000000E-30  1.000000E-30  1.000000E-30  1.000000E-30  8.341297E-30  4.822908E-28  4.824555E-27
    222  8.044081450283E-02  1.000000E-30  1.000000E-30  1.000000E-30  1.000000E-30  1.000000E-30  4.901050E-30  3.116729E-28  3.346950E-27
    223  8.103419684334E-02  1.000000E-30  1.000000E-30  1.000000E-30  1.000000E-30  1.000000E-30  3.106665E-30  2.200765E-28  2.559280E-27
    224  8.158988408622E-02  1.000000E-30  1.000000E-30  1.000000E-30  1.000000E-30  1.000000E-30  1.763806E-30  1.385710E-28  1.737333E-27
    225  8.219791245697E-02  1.000000E-30  1.000000E-30  1.000000E-30  1.000000E-30  1.000000E-30  1.031911E-30  9.116544E-29  1.241491E-27
    226  8.273529679330E-02  1.000000E-30  1.000000E-30  1.000000E-30  1.000000E-30  1.000000E-30  1.000000E-30  6.328382E-29  9.277352E-28
    227  8.327310875316E-02  1.000000E-30  1.000000E-30  1.000000E-30  1.000000E-30  1.000000E-30  1.000000E-30  4.122722E-29  6.509749E-28
    228  8.381967664174E-02  1.000000E-30  1.000000E-30  1.000000E-30  1.000000E-30  1.000000E-30  1.000000E-30  2.719801E-29  4.633507E-28
    229  8.442137901789E-02  1.000000E-30  1.000000E-30  1.000000E-30  1.000000E-30  1.000000E-30  1.000000E-30  1.670249E-29  3.096423E-28
    230  8.496109010092E-02  1.000000E-30  1.000000E-30  1.000000E-30  1.000000E-30  1.000000E-30  1.000000E-30  1.164357E-29  2.329623E-28
    231  8.556251684447E-02  1.000000E-30  1.000000E-30  1.000000E-30  1.000000E-30  1.000000E-30  1.000000E-30  6.661763E-30  1.454443E-28
    232  8.609514523980E-02  1.000000E-30  1.000000E-30  1.000000E-30  1.000000E-30  1.000000E-30  1.000000E-30  4.257407E-30  1.004595E-28
    233  8.668730402486E-02  1.000000E-30  1.000000E-30  1.000000E-30  1.000000E-30  1.000000E-30  1.000000E-30  2.279546E-30  5.900836E-29
    234  8.725638446658E-02  1.000000E-30  1.000000E-30  1.000000E-30  1.000000E-30  1.000000E-30  1.000000E-30  1.231390E-30  3.502056E-29
    235  8.784892152766E-02  1.000000E-30  1.000000E-30  1.000000E-30  1.000000E-30  1.000000E-30  1.000000E-30  1.000000E-30  1.898884E-29
    236  8.837914431516E-02  1.000000E-30  1.000000E-30  1.000000E-30  1.000000E-30  1.000000E-30  1.000000E-30  1.000000E-30  1.097778E-29
    237  8.927467123273E-02  1.000000E-30  1.000000E-30  1.000000E-30  1.000000E-30  1.000000E-30  1.000000E-30  1.000000E-30  2.084200E-30
    238  9.009385267910E-02  1.000000E-30  1.000000E-30  1.000000E-30  1.000000E-30  1.000000E-30  1.000000E-30  1.000000E-30  1.000000E-30
    239  9.088007009323E-02  1.000000E-30  1.000000E-30  1.000000E-30  1.000000E-30  1.000000E-30  1.000000E-30  1.000000E-30  1.000000E-30
    240  9.160938796651E-02  1.000000E-30  1.000000E-30  1.000000E-30  1.000000E-30  1.000000E-30  1.000000E-30  1.000000E-30  1.000000E-30
    241  9.231864750676E-02  1.000000E-30  1.000000E-30  1.000000E-30  1.000000E-30  1.000000E-30  1.000000E-30  1.000000E-30  1.000000E-30
    242  9.335415502949E-02  1.000000E-30  1.000000E-30  1.000000E-30  1.000000E-30  1.000000E-30  1.000000E-30  1.000000E-30  1.000000E-30
    243  9.429165011748E-02  1.000000E-30  1.000000E-30  1.000000E-30  1.000000E-30  1.000000E-30  1.000000E-30  1.000000E-30  1.000000E-30
    244  9.514750284226E-02  1.000000E-30  1.000000E-30  1.000000E-30  1.000000E-30  1.000000E-30  1.000000E-30  1.000000E-30  1.000000E-30
    245  9.592869681963E-02  1.000000E-30  1.000000E-30  1.000000E-30  1.000000E-30  1.000000E-30  1.000000E-30  1.000000E-30  1.000000E-30
    246  9.638259128200E-02  1.000000E-30  1.000000E-30  1.000000E-30  1.000000E-30  1.000000E-30  1.000000E-30  1.000000E-30  1.000000E-30
    247  9.686466198075E-02  1.000000E-30  1.000000E-30  1.000000E-30  1.000000E-30  1.000000E-30  1.000000E-30  1.000000E-30  1.000000E-30
    248  9.745016881397E-02  1.000000E-30  1.000000E-30  1.000000E-30  1.000000E-30  1.000000E-30  1.000000E-30  1.000000E-30  1.000000E-30
    249  9.798964068785E-02  1.000000E-30  1.000000E-30  1.000000E-30  1.000000E-30  1.000000E-30  1.000000E-30  1.000000E-30  1.000000E-30
    250  9.892639389759E-02  1.000000E-30  1.000000E-30  1.000000E-30  1.000000E-30  1.000000E-30  1.000000E-30  1.000000E-30  1.000000E-30
    251  9.977784733458E-02  1.000000E-30  1.000000E-30  1.000000E-30  1.000000E-30  1.000000E-30  1.000000E-30  1.000000E-30  1.000000E-30
    252  1.005622893962E-01  1.000000E-30  1.000000E-30  1.000000E-30  1.000000E-30  1.000000E-30  1.000000E-30  1.000000E-30  1.000000E-30
    253  1.013070552067E-01  1.000000E-30  1.000000E-30  1.000000E-30  1.000000E-30  1.000000E-30  1.000000E-30  1.000000E-30  1.000000E-30
    254  1.019791947326E-01  1.000000E-30  1.000000E-30  1.000000E-30  1.000000E-30  1.000000E-30  1.000000E-30  1.000000E-30  1.000000E-30
    255  1.025982572428E-01  1.000000E-30  1.000000E-30  1.000000E-30  1.000000E-30  1.000000E-30  1.000000E-30  1.000000E-30  1.000000E-30
    256  1.032644197032E-01  1.000000E-30  1.000000E-30  1.000000E-30  1.000000E-30  1.000000E-30  1.000000E-30  1.000000E-30  1.000000E-30
    257  1.039121745974E-01  1.000000E-30  1.000000E-30  1.000000E-30  1.000000E-30  1.000000E-30  1.000000E-30  1.000000E-30  1.000000E-30
    258  1.045193471709E-01  1.000000E-30  1.000000E-30  1.000000E-30  1.000000E-30  1.000000E-30  1.000000E-30  1.000000E-30  1.000000E-30
    259  1.051181778144E-01  1.000000E-30  1.000000E-30  1.000000E-30  1.000000E-30  1.000000E-30  1.000000E-30  1.000000E-30  1.000000E-30
    260  1.056826419982E-01  1.000000E-30  1.000000E-30  1.000000E-30  1.000000E-30  1.000000E-30  1.000000E-30  1.000000E-30  1.000000E-30
    261  1.062431336111E-01  1.000000E-30  1.000000E-30  1.000000E-30  1.000000E-30  1.000000E-30  1.000000E-30  1.000000E-30  1.000000E-30
    262  1.068146627648E-01  1.000000E-30  1.000000E-30  1.000000E-30  1.000000E-30  1.000000E-30  1.000000E-30  1.000000E-30  1.000000E-30
    263  1.073656177930E-01  1.000000E-30  1.000000E-30  1.000000E-30  1.000000E-30  1.000000E-30  1.000000E-30  1.000000E-30  1.000000E-30
    264  1.079139362418E-01  1.000000E-30  1.000000E-30  1.000000E-30  1.000000E-30  1.000000E-30  1.000000E-30  1.000000E-30  1.000000E-30
    265  1.084202130578E-01  1.000000E-30  1.000000E-30  1.000000E-30  1.000000E-30  1.000000E-30  1.000000E-30  1.000000E-30  1.000000E-30
    266  1.089957947327E-01  1.000000E-30  1.000000E-30  1.000000E-30  1.000000E-30  1.000000E-30  1.000000E-30  1.000000E-30  1.000000E-30
    267  1.095139929398E-01  1.000000E-30  1.000000E-30  1.000000E-30  1.000000E-30  1.000000E-30  1.000000E-30  1.000000E-30  1.000000E-30
    268  1.100036617482E-01  1.000000E-30  1.000000E-30  1.000000E-30  1.000000E-30  1.000000E-30  1.000000E-30  1.000000E-30  1.000000E-30
    269  1.105581599754E-01  1.000000E-30  1.000000E-30  1.000000E-30  1.000000E-30  1.000000E-30  1.000000E-30  1.000000E-30  1.000000E-30
    270  1.111738162549E-01  1.000000E-30  1.000000E-30  1.000000E-30  1.000000E-30  1.000000E-30  1.000000E-30  1.000000E-30  1.000000E-30
    271  1.117276452796E-01  1.000000E-30  1.000000E-30  1.000000E-30  1.000000E-30  1.000000E-30  1.000000E-30  1.000000E-30  1.000000E-30
    272  1.122547306619E-01  1.000000E-30  1.000000E-30  1.000000E-30  1.000000E-30  1.000000E-30  1.000000E-30  1.000000E-30  1.000000E-30
    273  1.128196390807E-01  1.000000E-30  1.000000E-30  1.000000E-30  1.000000E-30  1.000000E-30  1.000000E-30  1.000000E-30  1.000000E-30
    274  1.134172103791E-01  1.000000E-30  1.000000E-30  1.000000E-30  1.000000E-30  1.000000E-30  1.000000E-30  1.000000E-30  1.000000E-30
    275  1.139661173569E-01  1.000000E-30  1.000000E-30  1.000000E-30  1.000000E-30  1.000000E-30  1.000000E-30  1.000000E-30  1.000000E-30
    276  1.145721141816E-01  1.000000E-30  1.000000E-30  1.000000E-30  1.000000E-30  1.000000E-30  1.000000E-30  1.000000E-30  1.000000E-30
    277  1.151138636995E-01  1.000000E-30  1.000000E-30  1.000000E-30  1.000000E-30  1.000000E-30  1.000000E-30  1.000000E-30  1.000000E-30
    278  1.160623872824E-01  1.000000E-30  1.000000E-30  1.000000E-30  1.000000E-30  1.000000E-30  1.000000E-30  1.000000E-30  1.000000E-30
    279  1.166131253687E-01  1.000000E-30  1.000000E-30  1.000000E-30  1.000000E-30  1.000000E-30  1.000000E-30  1.000000E-30  1.000000E-30
    280  1.171578902390E-01  1.000000E-30  1.000000E-30  1.000000E-30  1.000000E-30  1.000000E-30  1.000000E-30  1.000000E-30  1.000000E-30
    281  1.179966344325E-01  1.000000E-30  1.000000E-30  1.000000E-30  1.000000E-30  1.000000E-30  1.000000E-30  1.000000E-30  1.000000E-30
    282  1.184626561866E-01  1.000000E-30  1.000000E-30  1.000000E-30  1.000000E-30  1.000000E-30  1.000000E-30  1.000000E-30  1.000000E-30
    283  1.189221956404E-01  1.000000E-30  1.000000E-30  1.000000E-30  1.000000E-30  1.000000E-30  1.000000E-30  1.000000E-30  1.000000E-30
    284  1.197605220964E-01  1.000000E-30  1.000000E-30  1.000000E-30  1.000000E-30  1.000000E-30  1.000000E-30  1.000000E-30  1.000000E-30
    285  1.205341475296E-01  1.000000E-30  1.000000E-30  1.000000E-30  1.000000E-30  1.000000E-30  1.000000E-30  1.000000E-30  1.000000E-30
    286  1.212540834288E-01  1.000000E-30  1.000000E-30  1.000000E-30  1.000000E-30  1.000000E-30  1.000000E-30  1.000000E-30  1.000000E-30
    287  1.219299358624E-01  1.000000E-30  1.000000E-30  1.000000E-30  1.000000E-30  1.000000E-30  1.000000E-30  1.000000E-30  1.000000E-30
    288  1.225766858039E-01  1.000000E-30  1.000000E-30  1.000000E-30  1.000000E-30  1.000000E-30  1.000000E-30  1.000000E-30  1.000000E-30
    289  1.231854533608E-01  1.000000E-30  1.000000E-30  1.000000E-30  1.000000E-30  1.000000E-30  1.000000E-30  1.000000E-30  1.000000E-30
    290  1.237219182154E-01  1.000000E-30  1.000000E-30  1.000000E-30  1.000000E-30  1.000000E-30  1.000000E-30  1.000000E-30  1.000000E-30
    291  1.242404039059E-01  1.000000E-30  1.000000E-30  1.000000E-30  1.000000E-30  1.000000E-30  1.000000E-30  1.000000E-30  1.000000E-30
    292  1.248086455930E-01  1.000000E-30  1.000000E-30  1.000000E-30  1.000000E-30  1.000000E-30  1.000000E-30  1.000000E-30  1.000000E-30
    293  1.253177247642E-01  1.000000E-30  1.000000E-30  1.000000E-30  1.000000E-30  1.000000E-30  1.000000E-30  1.000000E-30  1.000000E-30
    294  1.258810647447E-01  1.000000E-30  1.000000E-30  1.000000E-30  1.000000E-30  1.000000E-30  1.000000E-30  1.000000E-30  1.000000E-30
    295  1.264205598797E-01  1.000000E-30  1.000000E-30  1.000000E-30  1.000000E-30  1.000000E-30  1.000000E-30  1.000000E-30  1.000000E-30
    296  1.270317883483E-01  1.000000E-30  1.000000E-30  1.000000E-30  1.000000E-30  1.000000E-30  1.000000E-30  1.000000E-30  1.000000E-30
    297  1.275757308169E-01  1.000000E-30  1.000000E-30  1.000000E-30  1.000000E-30  1.000000E-30  1.000000E-30  1.000000E-30  1.000000E-30
    298  1.286048671531E-01  1.000000E-30  1.000000E-30  1.000000E-30  1.000000E-30  1.000000E-30  1.000000E-30  1.000000E-30  1.000000E-30
    299  1.290949488661E-01  1.000000E-30  1.000000E-30  1.000000E-30  1.000000E-30  1.000000E-30  1.000000E-30  1.000000E-30  1.000000E-30
    300  1.295345101683E-01  1.000000E-30  1.000000E-30  1.000000E-30  1.000000E-30  1.000000E-30  1.000000E-30  1.000000E-30  1.000000E-30
    301  1.303954523490E-01  1.000000E-30  1.000000E-30  1.000000E-30  1.000000E-30  1.000000E-30  1.000000E-30  1.000000E-30  1.000000E-30
    302  1.308549873199E-01  1.000000E-30  1.000000E-30  1.000000E-30  1.000000E-30  1.000000E-30  1.000000E-30  1.000000E-30  1.000000E-30
    303  1.312776310019E-01  1.000000E-30  1.000000E-30  1.000000E-30  1.000000E-30  1.000000E-30  1.000000E-30  1.000000E-30  1.000000E-30
    304  1.320787884157E-01  1.000000E-30  1.000000E-30  1.000000E-30  1.000000E-30  1.000000E-30  1.000000E-30  1.000000E-30  1.000000E-30
    305  1.327308179063E-01  1.000000E-30  1.000000E-30  1.000000E-30  1.000000E-30  1.000000E-30  1.000000E-30  1.000000E-30  1.000000E-30
    306  1.333821207310E-01  1.000000E-30  1.000000E-30  1.000000E-30  1.000000E-30  1.000000E-30  1.000000E-30  1.000000E-30  1.000000E-30
    307  1.339749669338E-01  1.000000E-30  1.000000E-30  1.000000E-30  1.000000E-30  1.000000E-30  1.000000E-30  1.000000E-30  1.000000E-30
    308  1.345530840576E-01  1.000000E-30  1.000000E-30  1.000000E-30  1.000000E-30  1.000000E-30  1.000000E-30  1.000000E-30  1.000000E-30
    309  1.351098094661E-01  1.000000E-30  1.000000E-30  1.000000E-30  1.000000E-30  1.000000E-30  1.000000E-30  1.000000E-30  1.000000E-30
    310  1.359304916944E-01  1.000000E-30  1.000000E-30  1.000000E-30  1.000000E-30  1.000000E-30  1.000000E-30  1.000000E-30  1.000000E-30
    311  1.363572082699E-01  1.000000E-30  1.000000E-30  1.000000E-30  1.000000E-30  1.000000E-30  1.000000E-30  1.000000E-30  1.000000E-30
    312  1.367788244083E-01  1.000000E-30  1.000000E-30  1.000000E-30  1.000000E-30  1.000000E-30  1.000000E-30  1.000000E-30  1.000000E-30
    313  1.375777712339E-01  1.000000E-30  1.000000E-30  1.000000E-30  1.000000E-30  1.000000E-30  1.000000E-30  1.000000E-30  1.000000E-30
    314  1.380438267916E-01  1.000000E-30  1.000000E-30  1.000000E-30  1.000000E-30  1.000000E-30  1.000000E-30  1.000000E-30  1.000000E-30
    315  1.384690951451E-01  1.000000E-30  1.000000E-30  1.000000E-30  1.000000E-30  1.000000E-30  1.000000E-30  1.000000E-30  1.000000E-30
    316  1.391087445178E-01  1.000000E-30  1.000000E-30  1.000000E-30  1.000000E-30  1.000000E-30  1.000000E-30  1.000000E-30  1.000000E-30
    317  1.397002518981E-01  1.000000E-30  1.000000E-30  1.000000E-30  1.000000E-30  1.000000E-30  1.000000E-30  1.000000E-30  1.000000E-30
    318  1.402705851668E-01  1.000000E-30  1.000000E-30  1.000000E-30  1.000000E-30  1.000000E-30  1.000000E-30  1.000000E-30  1.000000E-30
    319  1.408634912375E-01  1.000000E-30  1.000000E-30  1.000000E-30  1.000000E-30  1.000000E-30  1.000000E-30  1.000000E-30  1.000000E-30
    320  1.414089642241E-01  1.000000E-30  1.000000E-30  1.000000E-30  1.000000E-30  1.000000E-30  1.000000E-30  1.000000E-30  1.000000E-30
    321  1.419220762512E-01  1.000000E-30  1.000000E-30  1.000000E-30  1.000000E-30  1.000000E-30  1.000000E-30  1.000000E-30  1.000000E-30
    322  1.422771704232E-01  1.000000E-30  1.000000E-30  1.000000E-30  1.000000E-30  1.000000E-30  1.000000E-30  1.000000E-30  1.000000E-30
    323  1.426029315631E-01  1.000000E-30  1.000000E-30  1.000000E-30  1.000000E-30  1.000000E-30  1.000000E-30  1.000000E-30  1.000000E-30
    324  1.430135230101E-01  1.000000E-30  1.000000E-30  1.000000E-30  1.000000E-30  1.000000E-30  1.000000E-30  1.000000E-30  1.000000E-30
    325  1.434683796643E-01  1.000000E-30  1.000000E-30  1.000000E-30  1.000000E-30  1.000000E-30  1.000000E-30  1.000000E-30  1.000000E-30
    326  1.440315208021E-01  1.000000E-30  1.000000E-30  1.000000E-30  1.000000E-30  1.000000E-30  1.000000E-30  1.000000E-30  1.000000E-30
    327  1.445490332405E-01  1.000000E-30  1.000000E-30  1.000000E-30  1.000000E-30  1.000000E-30  1.000000E-30  1.000000E-30  1.000000E-30
    328  1.451370980342E-01  1.000000E-30  1.000000E-30  1.000000E-30  1.000000E-30  1.000000E-30  1.000000E-30  1.000000E-30  1.000000E-30
    329  1.457052374241E-01  1.000000E-30  1.000000E-30  1.000000E-30  1.000000E-30  1.000000E-30  1.000000E-30  1.000000E-30  1.000000E-30
    330  1.463107957421E-01  1.000000E-30  1.000000E-30  1.000000E-30  1.000000E-30  1.000000E-30  1.000000E-30  1.000000E-30  1.000000E-30
    331  1.468752132891E-01  1.000000E-30  1.000000E-30  1.000000E-30  1.000000E-30  1.000000E-30  1.000000E-30  1.000000E-30  1.000000E-30
    332  1.475510939381E-01  1.000000E-30  1.000000E-30  1.000000E-30  1.000000E-30  1.000000E-30  1.000000E-30  1.000000E-30  1.000000E-30
    333  1.481899111058E-01  1.000000E-30  1.000000E-30  1.000000E-30  1.000000E-30  1.000000E-30  1.000000E-30  1.000000E-30  1.000000E-30
    334  1.491767377555E-01  1.000000E-30  1.000000E-30  1.000000E-30  1.000000E-30  1.000000E-30  1.000000E-30  1.000000E-30  1.000000E-30
    335  1.497116139607E-01  1.000000E-30  1.000000E-30  1.000000E-30  1.000000E-30  1.000000E-30  1.000000E-30  1.000000E-30  1.000000E-30
    336  1.502421520731E-01  1.000000E-30  1.000000E-30  1.000000E-30  1.000000E-30  1.000000E-30  1.000000E-30  1.000000E-30  1.000000E-30
    337  1.509052103900E-01  1.000000E-30  1.000000E-30  1.000000E-30  1.000000E-30  1.000000E-30  1.000000E-30  1.000000E-30  1.000000E-30
    338  1.515352476696E-01  1.000000E-30  1.000000E-30  1.000000E-30  1.000000E-30  1.000000E-30  1.000000E-30  1.000000E-30  1.000000E-30
    339  1.521327102765E-01  1.000000E-30  1.000000E-30  1.000000E-30  1.000000E-30  1.000000E-30  1.000000E-30  1.000000E-30  1.000000E-30
    340  1.526678407657E-01  1.000000E-30  1.000000E-30  1.000000E-30  1.000000E-30  1.000000E-30  1.000000E-30  1.000000E-30  1.000000E-30
    341  1.532481602429E-01  1.000000E-30  1.000000E-30  1.000000E-30  1.000000E-30  1.000000E-30  1.000000E-30  1.000000E-30  1.000000E-30
    342  1.535863948111E-01  1.000000E-30  1.000000E-30  1.000000E-30  1.000000E-30  1.000000E-30  1.000000E-30  1.000000E-30  1.000000E-30
    343  1.538995751697E-01  1.000000E-30  1.000000E-30  1.000000E-30  1.000000E-30  1.000000E-30  1.000000E-30  1.000000E-30  1.000000E-30
    344  1.546020187628E-01  1.000000E-30  1.000000E-30  1.000000E-30  1.000000E-30  1.000000E-30  1.000000E-30  1.000000E-30  1.000000E-30
    345  1.552062305672E-01  1.000000E-30  1.000000E-30  1.000000E-30  1.000000E-30  1.000000E-30  1.000000E-30  1.000000E-30  1.000000E-30
    346  1.557875935888E-01  1.000000E-30  1.000000E-30  1.000000E-30  1.000000E-30  1.000000E-30  1.000000E-30  1.000000E-30  1.000000E-30
    347  1.566447447202E-01  1.000000E-30  1.000000E-30  1.000000E-30  1.000000E-30  1.000000E-30  1.000000E-30  1.000000E-30  1.000000E-30
    348  1.574294426159E-01  1.000000E-30  1.000000E-30  1.000000E-30  1.000000E-30  1.000000E-30  1.000000E-30  1.000000E-30  1.000000E-30
    349  1.581710514975E-01  1.000000E-30  1.000000E-30  1.000000E-30  1.000000E-30  1.000000E-30  1.000000E-30  1.000000E-30  1.000000E-30
    350  1.588328903187E-01  1.000000E-30  1.000000E-30  1.000000E-30  1.000000E-30  1.000000E-30  1.000000E-30  1.000000E-30  1.000000E-30
    351  1.594606073659E-01  1.000000E-30  1.000000E-30  1.000000E-30  1.000000E-30  1.000000E-30  1.000000E-30  1.000000E-30  1.000000E-30
    352  1.600565792087E-01  1.000000E-30  1.000000E-30  1.000000E-30  1.000000E-30  1.000000E-30  1.000000E-30  1.000000E-30  1.000000E-30
    353  1.607059625219E-01  1.000000E-30  1.000000E-30  1.000000E-30  1.000000E-30  1.000000E-30  1.000000E-30  1.000000E-30  1.000000E-30
    354  1.613957576202E-01  1.000000E-30  1.000000E-30  1.000000E-30  1.000000E-30  1.000000E-30  1.000000E-30  1.000000E-30  1.000000E-30
    355  1.620398820205E-01  1.000000E-30  1.000000E-30  1.000000E-30  1.000000E-30  1.000000E-30  1.000000E-30  1.000000E-30  1.000000E-30
    356  1.627691861850E-01  1.000000E-30  1.000000E-30  1.000000E-30  1.000000E-30  1.000000E-30  1.000000E-30  1.000000E-30  1.000000E-30
    357  1.634667099868E-01  1.000000E-30  1.000000E-30  1.000000E-30  1.000000E-30  1.000000E-30  1.000000E-30  1.000000E-30  1.000000E-30
    358  1.645369737572E-01  1.000000E-30  1.000000E-30  1.000000E-30  1.000000E-30  1.000000E-30  1.000000E-30  1.000000E-30  1.000000E-30
    359  1.651200899964E-01  1.000000E-30  1.000000E-30  1.000000E-30  1.000000E-30  1.000000E-30  1.000000E-30  1.000000E-30  1.000000E-30
    360  1.656939516385E-01  1.000000E-30  1.000000E-30  1.000000E-30  1.000000E-30  1.000000E-30  1.000000E-30  1.000000E-30  1.000000E-30
    361  1.664404283242E-01  1.000000E-30  1.000000E-30  1.000000E-30  1.000000E-30  1.000000E-30  1.000000E-30  1.000000E-30  1.000000E-30
    362  1.671401020014E-01  1.000000E-30  1.000000E-30  1.000000E-30  1.000000E-30  1.000000E-30  1.000000E-30  1.000000E-30  1.000000E-30
    363  1.682228463170E-01  1.000000E-30  1.000000E-30  1.000000E-30  1.000000E-30  1.000000E-30  1.000000E-30  1.000000E-30  1.000000E-30
    364  1.688914277275E-01  1.000000E-30  1.000000E-30  1.000000E-30  1.000000E-30  1.000000E-30  1.000000E-30  1.000000E-30  1.000000E-30
    365  1.695862681704E-01  1.000000E-30  1.000000E-30  1.000000E-30  1.000000E-30  1.000000E-30  1.000000E-30  1.000000E-30  1.000000E-30
    366  1.708796298676E-01  1.000000E-30  1.000000E-30  1.000000E-30  1.000000E-30  1.000000E-30  1.000000E-30  1.000000E-30  1.000000E-30
    367  1.720689125062E-01  1.000000E-30  1.000000E-30  1.000000E-30  1.000000E-30  1.000000E-30  1.000000E-30  1.000000E-30  1.000000E-30
    368  1.730357271347E-01  1.000000E-30  1.000000E-30  1.000000E-30  1.000000E-30  1.000000E-30  1.000000E-30  1.000000E-30  1.000000E-30
    369  1.739185931198E-01  1.000000E-30  1.000000E-30  1.000000E-30  1.000000E-30  1.000000E-30  1.000000E-30  1.000000E-30  1.000000E-30
    370  1.748109107026E-01  1.000000E-30  1.000000E-30  1.000000E-30  1.000000E-30  1.000000E-30  1.000000E-30  1.000000E-30  1.000000E-30
    371  1.757092013639E-01  1.000000E-30  1.000000E-30  1.000000E-30  1.000000E-30  1.000000E-30  1.000000E-30  1.000000E-30  1.000000E-30
    372  1.765567714958E-01  1.000000E-30  1.000000E-30  1.000000E-30  1.000000E-30  1.000000E-30  1.000000E-30  1.000000E-30  1.000000E-30
    373  1.775373762473E-01  1.000000E-30  1.000000E-30  1.000000E-30  1.000000E-30  1.000000E-30  1.000000E-30  1.000000E-30  1.000000E-30
    374  1.784803688374E-01  1.000000E-30  1.000000E-30  1.000000E-30  1.000000E-30  1.000000E-30  1.000000E-30  1.000000E-30  1.000000E-30
    375  1.795112536071E-01  1.000000E-30  1.000000E-30  1.000000E-30  1.000000E-30  1.000000E-30  1.000000E-30  1.000000E-30  1.000000E-30
    376  1.804824008025E-01  1.000000E-30  1.000000E-30  1.000000E-30  1.000000E-30  1.000000E-30  1.000000E-30  1.000000E-30  1.000000E-30
    377  1.815169070317E-01  1.000000E-30  1.000000E-30  1.000000E-30  1.000000E-30  1.000000E-30  1.000000E-30  1.000000E-30  1.000000E-30
    378  1.825428215499E-01  1.000000E-30  1.000000E-30  1.000000E-30  1.000000E-30  1.000000E-30  1.000000E-30  1.000000E-30  1.000000E-30
    379  1.841355644659E-01  1.000000E-30  1.000000E-30  1.000000E-30  1.000000E-30  1.000000E-30  1.000000E-30  1.000000E-30  1.000000E-30
    380  1.856860183354E-01  1.000000E-30  1.000000E-30  1.000000E-30  1.000000E-30  1.000000E-30  1.000000E-30  1.000000E-30  1.000000E-30
    381  1.870847965371E-01  1.000000E-30  1.000000E-30  1.000000E-30  1.000000E-30  1.000000E-30  1.000000E-30  1.000000E-30  1.000000E-30
    382  1.883699545972E-01  1.000000E-30  1.000000E-30  1.000000E-30  1.000000E-30  1.000000E-30  1.000000E-30  1.000000E-30  1.000000E-30
    383  1.895671856375E-01  1.000000E-30  1.000000E-30  1.000000E-30  1.000000E-30  1.000000E-30  1.000000E-30  1.000000E-30  1.000000E-30
    384  1.907324824205E-01  1.000000E-30  1.000000E-30  1.000000E-30  1.000000E-30  1.000000E-30  1.000000E-30  1.000000E-30  1.000000E-30
    385  1.917913284253E-01  1.000000E-30  1.000000E-30  1.000000E-30  1.000000E-30  1.000000E-30  1.000000E-30  1.000000E-30  1.000000E-30
    386  1.928179034582E-01  1.000000E-30  1.000000E-30  1.000000E-30  1.000000E-30  1.000000E-30  1.000000E-30  1.000000E-30  1.000000E-30
    387  1.939781308337E-01  1.000000E-30  1.000000E-30  1.000000E-30  1.000000E-30  1.000000E-30  1.000000E-30  1.000000E-30  1.000000E-30
    388  1.950365569225E-01  1.000000E-30  1.000000E-30  1.000000E-30  1.000000E-30  1.000000E-30  1.000000E-30  1.000000E-30  1.000000E-30
    389  1.963061656501E-01  1.000000E-30  1.000000E-30  1.000000E-30  1.000000E-30  1.000000E-30  1.000000E-30  1.000000E-30  1.000000E-30
    390  1.975160386553E-01  1.000000E-30  1.000000E-30  1.000000E-30  1.000000E-30  1.000000E-30  1.000000E-30  1.000000E-30  1.000000E-30
    391  1.988970783448E-01  1.000000E-30  1.000000E-30  1.000000E-30  1.000000E-30  1.000000E-30  1.000000E-30  1.000000E-30  1.000000E-30
    392  2.001908516564E-01  1.000000E-30  1.000000E-30  1.000000E-30  1.000000E-30  1.000000E-30  1.000000E-30  1.000000E-30  1.000000E-30
    393  2.023233395230E-01  1.000000E-30  1.000000E-30  1.000000E-30  1.000000E-30  1.000000E-30  1.000000E-30  1.000000E-30  1.000000E-30
    394  2.035207364909E-01  1.000000E-30  1.000000E-30  1.000000E-30  1.000000E-30  1.000000E-30  1.000000E-30  1.000000E-30  1.000000E-30
    395  2.047171141817E-01  1.000000E-30  1.000000E-30  1.000000E-30  1.000000E-30  1.000000E-30  1.000000E-30  1.000000E-30  1.000000E-30
    396  2.061861175315E-01  1.000000E-30  1.000000E-30  1.000000E-30  1.000000E-30  1.000000E-30  1.000000E-30  1.000000E-30  1.000000E-30
    397  2.075162532616E-01  1.000000E-30  1.000000E-30  1.000000E-30  1.000000E-30  1.000000E-30  1.000000E-30  1.000000E-30  1.000000E-30
    398  2.088103947538E-01  1.000000E-30  1.000000E-30  1.000000E-30  1.000000E-30  1.000000E-30  1.000000E-30  1.000000E-30  1.000000E-30
    399  2.102374295066E-01  1.000000E-30  1.000000E-30  1.000000E-30  1.000000E-30  1.000000E-30  1.000000E-30  1.000000E-30  1.000000E-30
    400  2.116254943500E-01  1.000000E-30  1.000000E-30  1.000000E-30  1.000000E-30  1.000000E-30  1.000000E-30  1.000000E-30  1.000000E-30
    401  2.137594200207E-01  1.000000E-30  1.000000E-30  1.000000E-30  1.000000E-30  1.000000E-30  1.000000E-30  1.000000E-30  1.000000E-30
    402  2.149968302441E-01  1.000000E-30  1.000000E-30  1.000000E-30  1.000000E-30  1.000000E-30  1.000000E-30  1.000000E-30  1.000000E-30
    403  2.163578604848E-01  1.000000E-30  1.000000E-30  1.000000E-30  1.000000E-30  1.000000E-30  1.000000E-30  1.000000E-30  1.000000E-30
    404  2.188327022992E-01  1.000000E-30  1.000000E-30  1.000000E-30  1.000000E-30  1.000000E-30  1.000000E-30  1.000000E-30  1.000000E-30
    405  2.210861741802E-01  1.000000E-30  1.000000E-30  1.000000E-30  1.000000E-30  1.000000E-30  1.000000E-30  1.000000E-30  1.000000E-30
    406  2.231360986547E-01  1.000000E-30  1.000000E-30  1.000000E-30  1.000000E-30  1.000000E-30  1.000000E-30  1.000000E-30  1.000000E-30
    407  2.249661932162E-01  1.000000E-30  1.000000E-30  1.000000E-30  1.000000E-30  1.000000E-30  1.000000E-30  1.000000E-30  1.000000E-30
    408  2.266023391923E-01  1.000000E-30  1.000000E-30  1.000000E-30  1.000000E-30  1.000000E-30  1.000000E-30  1.000000E-30  1.000000E-30
    409  2.291569547831E-01  1.000000E-30  1.000000E-30  1.000000E-30  1.000000E-30  1.000000E-30  1.000000E-30  1.000000E-30  1.000000E-30
    410  2.305971902523E-01  1.000000E-30  1.000000E-30  1.000000E-30  1.000000E-30  1.000000E-30  1.000000E-30  1.000000E-30  1.000000E-30
    411  2.319348711247E-01  1.000000E-30  1.000000E-30  1.000000E-30  1.000000E-30  1.000000E-30  1.000000E-30  1.000000E-30  1.000000E-30
    412  2.335360820165E-01  1.000000E-30  1.000000E-30  1.000000E-30  1.000000E-30  1.000000E-30  1.000000E-30  1.000000E-30  1.000000E-30
    413  2.351317971316E-01  1.000000E-30  1.000000E-30  1.000000E-30  1.000000E-30  1.000000E-30  1.000000E-30  1.000000E-30  1.000000E-30
    414  2.376293164755E-01  1.000000E-30  1.000000E-30  1.000000E-30  1.000000E-30  1.000000E-30  1.000000E-30  1.000000E-30  1.000000E-30
    415  2.399259738388E-01  1.000000E-30  1.000000E-30  1.000000E-30  1.000000E-30  1.000000E-30  1.000000E-30  1.000000E-30  1.000000E-30
    416  2.420046682363E-01  1.000000E-30  1.000000E-30  1.000000E-30  1.000000E-30  1.000000E-30  1.000000E-30  1.000000E-30  1.000000E-30
    417  2.451201276448E-01  1.000000E-30  1.000000E-30  1.000000E-30  1.000000E-30  1.000000E-30  1.000000E-30  1.000000E-30  1.000000E-30
    418  2.467564269033E-01  1.000000E-30  1.000000E-30  1.000000E-30  1.000000E-30  1.000000E-30  1.000000E-30  1.000000E-30  1.000000E-30
    419  2.483354027874E-01  1.000000E-30  1.000000E-30  1.000000E-30  1.000000E-30  1.000000E-30  1.000000E-30  1.000000E-30  1.000000E-30
    420  2.499258654919E-01  1.000000E-30  1.000000E-30  1.000000E-30  1.000000E-30  1.000000E-30  1.000000E-30  1.000000E-30  1.000000E-30
    421  2.515152656983E-01  1.000000E-30  1.000000E-30  1.000000E-30  1.000000E-30  1.000000E-30  1.000000E-30  1.000000E-30  1.000000E-30
    422  2.542060864984E-01  1.000000E-30  1.000000E-30  1.000000E-30  1.000000E-30  1.000000E-30  1.000000E-30  1.000000E-30  1.000000E-30
    423  2.556901221114E-01  1.000000E-30  1.000000E-30  1.000000E-30  1.000000E-30  1.000000E-30  1.000000E-30  1.000000E-30  1.000000E-30
    424  2.570805114381E-01  1.000000E-30  1.000000E-30  1.000000E-30  1.000000E-30  1.000000E-30  1.000000E-30  1.000000E-30  1.000000E-30
    425  2.598984391343E-01  1.000000E-30  1.000000E-30  1.000000E-30  1.000000E-30  1.000000E-30  1.000000E-30  1.000000E-30  1.000000E-30
    426  2.622653138568E-01  1.000000E-30  1.000000E-30  1.000000E-30  1.000000E-30  1.000000E-30  1.000000E-30  1.000000E-30  1.000000E-30
    427  2.644885215151E-01  1.000000E-30  1.000000E-30  1.000000E-30  1.000000E-30  1.000000E-30  1.000000E-30  1.000000E-30  1.000000E-30
    428  2.667229470066E-01  1.000000E-30  1.000000E-30  1.000000E-30  1.000000E-30  1.000000E-30  1.000000E-30  1.000000E-30  1.000000E-30
    429  2.687894382327E-01  1.000000E-30  1.000000E-30  1.000000E-30  1.000000E-30  1.000000E-30  1.000000E-30  1.000000E-30  1.000000E-30
    430  2.709436570286E-01  1.000000E-30  1.000000E-30  1.000000E-30  1.000000E-30  1.000000E-30  1.000000E-30  1.000000E-30  1.000000E-30
    431  2.728595154549E-01  1.000000E-30  1.000000E-30  1.000000E-30  1.000000E-30  1.000000E-30  1.000000E-30  1.000000E-30  1.000000E-30
    432  2.763050324764E-01  1.000000E-30  1.000000E-30  1.000000E-30  1.000000E-30  1.000000E-30  1.000000E-30  1.000000E-30  1.000000E-30
    433  2.797281875476E-01  1.000000E-30  1.000000E-30  1.000000E-30  1.000000E-30  1.000000E-30  1.000000E-30  1.000000E-30  1.000000E-30
    434  2.831107064370E-01  1.000000E-30  1.000000E-30  1.000000E-30  1.000000E-30  1.000000E-30  1.000000E-30  1.000000E-30  1.000000E-30
    435  2.863632962154E-01  1.000000E-30  1.000000E-30  1.000000E-30  1.000000E-30  1.000000E-30  1.000000E-30  1.000000E-30  1.000000E-30
    436  2.894106333807E-01  1.000000E-30  1.000000E-30  1.000000E-30  1.000000E-30  1.000000E-30  1.000000E-30  1.000000E-30  1.000000E-30
    437  2.941185503109E-01  1.000000E-30  1.000000E-30  1.000000E-30  1.000000E-30  1.000000E-30  1.000000E-30  1.000000E-30  1.000000E-30
    438  2.983685787405E-01  1.000000E-30  1.000000E-30  1.000000E-30  1.000000E-30  1.000000E-30  1.000000E-30  1.000000E-30  1.000000E-30
    439  3.021949729112E-01  1.000000E-30  1.000000E-30  1.000000E-30  1.000000E-30  1.000000E-30  1.000000E-30  1.000000E-30  1.000000E-30
    440  3.059150641439E-01  1.000000E-30  1.000000E-30  1.000000E-30  1.000000E-30  1.000000E-30  1.000000E-30  1.000000E-30  1.000000E-30
    441  3.094680949786E-01  1.000000E-30  1.000000E-30  1.000000E-30  1.000000E-30  1.000000E-30  1.000000E-30  1.000000E-30  1.000000E-30
    442  3.127856926026E-01  1.000000E-30  1.000000E-30  1.000000E-30  1.000000E-30  1.000000E-30  1.000000E-30  1.000000E-30  1.000000E-30
    443  3.178598433803E-01  1.000000E-30  1.000000E-30  1.000000E-30  1.000000E-30  1.000000E-30  1.000000E-30  1.000000E-30  1.000000E-30
    444  3.224504526026E-01  1.000000E-30  1.000000E-30  1.000000E-30  1.000000E-30  1.000000E-30  1.000000E-30  1.000000E-30  1.000000E-30
    445  3.266870398371E-01  1.000000E-30  1.000000E-30  1.000000E-30  1.000000E-30  1.000000E-30  1.000000E-30  1.000000E-30  1.000000E-30
    446  3.305577136787E-01  1.000000E-30  1.000000E-30  1.000000E-30  1.000000E-30  1.000000E-30  1.000000E-30  1.000000E-30  1.000000E-30
    447  3.362681054783E-01  1.000000E-30  1.000000E-30  1.000000E-30  1.000000E-30  1.000000E-30  1.000000E-30  1.000000E-30  1.000000E-30
    448  3.414589872690E-01  1.000000E-30  1.000000E-30  1.000000E-30  1.000000E-30  1.000000E-30  1.000000E-30  1.000000E-30  1.000000E-30
    449  3.462773530350E-01  1.000000E-30  1.000000E-30  1.000000E-30  1.000000E-30  1.000000E-30  1.000000E-30  1.000000E-30  1.000000E-30
    450  3.508856189623E-01  1.000000E-30  1.000000E-30  1.000000E-30  1.000000E-30  1.000000E-30  1.000000E-30  1.000000E-30  1.000000E-30
    451  3.552628710565E-01  1.000000E-30  1.000000E-30  1.000000E-30  1.000000E-30  1.000000E-30  1.000000E-30  1.000000E-30  1.000000E-30
    452  3.595141079779E-01  1.000000E-30  1.000000E-30  1.000000E-30  1.000000E-30  1.000000E-30  1.000000E-30  1.000000E-30  1.000000E-30
    453  3.636744849418E-01  1.000000E-30  1.000000E-30  1.000000E-30  1.000000E-30  1.000000E-30  1.000000E-30  1.000000E-30  1.000000E-30
    454  3.676260234901E-01  1.000000E-30  1.000000E-30  1.000000E-30  1.000000E-30  1.000000E-30  1.000000E-30  1.000000E-30  1.000000E-30
    455  3.714655117309E-01  1.000000E-30  1.000000E-30  1.000000E-30  1.000000E-30  1.000000E-30  1.000000E-30  1.000000E-30  1.000000E-30
    456  3.752653942304E-01  1.000000E-30  1.000000E-30  1.000000E-30  1.000000E-30  1.000000E-30  1.000000E-30  1.000000E-30  1.000000E-30
    457  3.809506426681E-01  1.000000E-30  1.000000E-30  1.000000E-30  1.000000E-30  1.000000E-30  1.000000E-30  1.000000E-30  1.000000E-30
    458  3.865190953769E-01  1.000000E-30  1.000000E-30  1.000000E-30  1.000000E-30  1.000000E-30  1.000000E-30  1.000000E-30  1.000000E-30
    459  3.928522091207E-01  1.000000E-30  1.000000E-30  1.000000E-30  1.000000E-30  1.000000E-30  1.000000E-30  1.000000E-30  1.000000E-30
    460  3.991093841216E-01  1.000000E-30  1.000000E-30  1.000000E-30  1.000000E-30  1.000000E-30  1.000000E-30  1.000000E-30  1.000000E-30
    461  4.054183851758E-01  1.000000E-30  1.000000E-30  1.000000E-30  1.000000E-30  1.000000E-30  1.000000E-30  1.000000E-30  1.000000E-30
    462  4.147392755742E-01  1.000000E-30  1.000000E-30  1.000000E-30  1.000000E-30  1.000000E-30  1.000000E-30  1.000000E-30  1.000000E-30
    463  4.232199499949E-01  1.000000E-30  1.000000E-30  1.000000E-30  1.000000E-30  1.000000E-30  1.000000E-30  1.000000E-30  1.000000E-30
    464  4.316976825025E-01  1.000000E-30  1.000000E-30  1.000000E-30  1.000000E-30  1.000000E-30  1.000000E-30  1.000000E-30  1.000000E-30
    465  4.393401554526E-01  1.000000E-30  1.000000E-30  1.000000E-30  1.000000E-30  1.000000E-30  1.000000E-30  1.000000E-30  1.000000E-30
    466  4.465935084243E-01  1.000000E-30  1.000000E-30  1.000000E-30  1.000000E-30  1.000000E-30  1.000000E-30  1.000000E-30  1.000000E-30
    467  4.537106765818E-01  1.000000E-30  1.000000E-30  1.000000E-30  1.000000E-30  1.000000E-30  1.000000E-30  1.000000E-30  1.000000E-30
    468  4.602314649238E-01  1.000000E-30  1.000000E-30  1.000000E-30  1.000000E-30  1.000000E-30  1.000000E-30  1.000000E-30  1.000000E-30
    469  4.709552966107E-01  1.000000E-30  1.000000E-30  1.000000E-30  1.000000E-30  1.000000E-30  1.000000E-30  1.000000E-30  1.000000E-30
    470  4.769745726746E-01  1.000000E-30  1.000000E-30  1.000000E-30  1.000000E-30  1.000000E-30  1.000000E-30  1.000000E-30  1.000000E-30
    471  4.828178172001E-01  1.000000E-30  1.000000E-30  1.000000E-30  1.000000E-30  1.000000E-30  1.000000E-30  1.000000E-30  1.000000E-30
    472  4.927188450138E-01  1.000000E-30  1.000000E-30  1.000000E-30  1.000000E-30  1.000000E-30  1.000000E-30  1.000000E-30  1.000000E-30
    473  5.000000000000E-01  1.000000E-30  1.000000E-30  1.000000E-30  1.000000E-30  1.000000E-30  1.000000E-30  1.000000E-30  1.000000E-30
