 *                                      
 * expansion:  temp0=  1.000E+10 den0=  3.000E+06 temp_stop=  1.000E+07
 *          time                s43           s44           s45           s46           s47           s48           s49           cl28 
      1  0.000000000000E+00  1.000000E-30  1.000000E-30  1.000000E-30  1.000000E-30  1.000000E-30  1.000000E-30  1.000000E-30  1.000000E-30
      2  1.000000000000E-16  1.000391E-30  1.000116E-30  1.001132E-30  1.000000E-30  1.000000E-30  1.000000E-30  1.000000E-30  1.000000E-30
      3  6.264265632874E-16  1.002415E-30  1.000834E-30  1.006988E-30  1.000000E-30  1.000000E-30  1.000000E-30  1.000000E-30  1.000000E-30
      4  2.206990590178E-15  1.008206E-30  1.003995E-30  1.023542E-30  1.000000E-30  1.000000E-30  1.000000E-30  1.000000E-30  1.000027E-30
      5  6.425069294186E-15  1.022313E-30  1.018265E-30  1.061014E-30  1.000000E-30  1.000000E-30  1.000000E-30  1.000000E-30  1.000057E-30
      6  1.724777641531E-14  1.056751E-30  1.074452E-30  1.124243E-30  1.000000E-30  1.000008E-30  1.000000E-30  1.000000E-30  1.000010E-30
      7  4.527785414179E-14  1.147690E-30  1.211511E-30  1.182832E-30  1.000000E-30  1.000055E-30  1.000000E-30  1.000000E-30  1.000000E-30
      8  1.231582592127E-13  1.257088E-30  1.325835E-30  1.197208E-30  1.000000E-30  1.000000E-30  1.000000E-30  1.000000E-30  1.132016E-30
      9  4.001734798240E-13  1.271556E-30  1.339108E-30  1.197188E-30  1.000000E-30  1.000000E-30  1.000105E-30  1.000027E-30  1.000000E-30
     10  1.150918682670E-12  1.270677E-30  1.345668E-30  1.187431E-30  1.000450E-30  1.006074E-30  1.000000E-30  1.000302E-30  1.000000E-30
     11  2.802808442389E-12  1.247533E-30  1.319944E-30  1.175533E-30  1.011898E-30  1.002860E-30  1.000000E-30  1.000000E-30  1.000000E-30
     12  6.912921996243E-12  1.432200E-30  1.497679E-30  1.181769E-30  1.000000E-30  1.000000E-30  1.086293E-30  1.054288E-30  1.000000E-30
     13  1.659368270033E-11  1.000000E-30  1.000000E-30  1.000000E-30  1.000000E-30  1.000000E-30  1.000000E-30  1.000000E-30  1.000000E-30
     14  1.134012897413E-10  1.000000E-30  1.000000E-30  1.000000E-30  1.000000E-30  1.000000E-30  1.000000E-30  1.000000E-30  1.000000E-30
     15  1.081477360150E-09  1.000000E-30  1.000000E-30  1.000000E-30  1.000000E-30  1.000000E-30  1.000000E-30  1.000000E-30  1.000000E-30
     16  1.076223806424E-08  1.000000E-30  1.000000E-30  1.000000E-30  1.000000E-30  1.000000E-30  1.000000E-30  1.000000E-30  1.000000E-30
     17  6.834096797002E-08  1.000000E-30  1.000000E-30  1.000000E-30  1.000000E-30  1.000000E-30  1.000000E-30  1.000000E-30  1.000000E-30
     18  2.542122411654E-07  1.000000E-30  1.000000E-30  1.000000E-30  1.000000E-30  1.000000E-30  1.000000E-30  1.000000E-30  1.000000E-30
     19  7.007518887657E-07  1.000000E-30  1.000000E-30  1.000000E-30  1.000000E-30  1.000000E-30  1.000000E-30  1.000000E-30  1.000000E-30
     20  1.724661805125E-06  1.000000E-30  1.000000E-30  1.000000E-30  1.000000E-30  1.000000E-30  1.000000E-30  1.000000E-30  1.000000E-30
     21  4.267664185819E-06  1.000000E-30  1.000000E-30  1.000000E-30  1.000000E-30  1.000000E-30  1.000000E-30  1.000000E-30  1.000000E-30
     22  1.786211798807E-05  1.000000E-30  1.000000E-30  1.000000E-30  1.000000E-30  1.000000E-30  1.000000E-30  1.000000E-30  1.000000E-30
     23  6.929007850093E-05  1.000000E-30  1.000000E-30  1.000000E-30  1.000000E-30  1.000000E-30  1.000000E-30  1.000000E-30  1.000000E-30
     24  5.835696836295E-04  1.000000E-30  1.000000E-30  1.000000E-30  1.000000E-30  1.000000E-30  1.000000E-30  1.000000E-30  1.000000E-30
     25  1.496090518789E-03  1.000000E-30  1.000000E-30  1.000000E-30  1.000000E-30  1.000000E-30  1.000000E-30  1.000000E-30  1.000000E-30
     26  2.379765156362E-03  1.000000E-30  1.000000E-30  1.000000E-30  1.000000E-30  1.000000E-30  1.000000E-30  1.000000E-30  1.000000E-30
     27  3.772948503579E-03  1.000000E-30  1.000000E-30  1.000000E-30  1.000000E-30  1.000000E-30  1.000000E-30  1.000000E-30  1.000000E-30
     28  4.957278025650E-03  1.000000E-30  1.000000E-30  1.000000E-30  1.000000E-30  1.000000E-30  1.000000E-30  1.000000E-30  1.000000E-30
     29  5.758110286319E-03  1.000000E-30  1.000000E-30  1.000000E-30  1.000000E-30  1.000000E-30  1.000000E-30  1.000000E-30  1.000000E-30
     30  6.636115041812E-03  1.000000E-30  1.000000E-30  1.000000E-30  1.000000E-30  1.000000E-30  1.000000E-30  1.000000E-30  1.000000E-30
     31  7.490864585256E-03  1.000000E-30  1.000000E-30  1.000000E-30  1.000000E-30  1.000000E-30  1.000000E-30  1.000000E-30  1.000000E-30
     32  8.026631019591E-03  1.000000E-30  1.000000E-30  1.000000E-30  1.000000E-30  1.000000E-30  1.000000E-30  1.000000E-30  1.000000E-30
     33  8.451616658664E-03  1.000000E-30  1.000000E-30  1.000000E-30  1.000000E-30  1.000000E-30  1.000000E-30  1.000000E-30  1.000000E-30
     34  9.803471762980E-03  1.000000E-30  1.000000E-30  1.000000E-30  1.000000E-30  1.000000E-30  1.000000E-30  1.000000E-30  1.000000E-30
     35  1.116687552369E-02  1.000000E-30  1.000000E-30  1.000000E-30  1.000000E-30  1.000000E-30  1.000000E-30  1.000000E-30  1.000000E-30
     36  1.219012310682E-02  1.000000E-30  1.000000E-30  1.000000E-30  1.000000E-30  1.000000E-30  1.000000E-30  1.000000E-30  1.000000E-30
     37  1.314647137106E-02  1.000000E-30  1.000000E-30  1.000000E-30  1.000000E-30  1.000000E-30  1.000000E-30  1.000000E-30  1.000000E-30
     38  1.431720408173E-02  1.000000E-30  1.000000E-30  1.000000E-30  1.000000E-30  1.000000E-30  1.000000E-30  1.000000E-30  1.000000E-30
     39  1.545287753035E-02  1.000000E-30  1.000000E-30  1.000000E-30  1.000000E-30  1.000000E-30  1.000000E-30  1.000000E-30  1.000000E-30
     40  1.716820108076E-02  1.000000E-30  1.000000E-30  1.000000E-30  1.000000E-30  1.000000E-30  1.000000E-30  1.000000E-30  1.000000E-30
     41  1.871872199221E-02  1.000000E-30  1.000000E-30  1.000000E-30  1.000000E-30  1.000000E-30  1.000000E-30  1.000000E-30  1.000000E-30
     42  2.131412024987E-02  1.000000E-30  1.000000E-30  1.000000E-30  1.000000E-30  1.000000E-30  1.000000E-30  1.000000E-30  1.000000E-30
     43  2.288535686070E-02  1.000000E-30  1.000000E-30  1.000000E-30  1.000000E-30  1.000000E-30  1.000000E-30  1.000000E-30  1.000000E-30
     44  2.437102778700E-02  1.000000E-30  1.000000E-30  1.000000E-30  1.000000E-30  1.000000E-30  1.000000E-30  1.000000E-30  1.000000E-30
     45  2.666254430666E-02  1.208191E-30  1.000000E-30  1.000000E-30  1.000000E-30  1.000000E-30  1.000000E-30  1.000000E-30  1.000000E-30
     46  2.807329513827E-02  2.533737E-29  1.000000E-30  1.000000E-30  1.000000E-30  1.000000E-30  1.000000E-30  1.000000E-30  1.000000E-30
     47  2.946719119355E-02  4.540479E-28  1.000000E-30  1.000000E-30  1.000000E-30  1.000000E-30  1.000000E-30  1.000000E-30  1.000000E-30
     48  2.982466835475E-02  1.187913E-27  1.626879E-30  1.000000E-30  1.000000E-30  1.000000E-30  1.000000E-30  1.000000E-30  1.000000E-30
     49  3.017238950627E-02  2.444600E-27  3.421637E-30  1.000000E-30  1.000000E-30  1.000000E-30  1.000000E-30  1.000000E-30  1.000000E-30
     50  3.052509122072E-02  5.055767E-27  7.212814E-30  1.000000E-30  1.000000E-30  1.000000E-30  1.000000E-30  1.000000E-30  1.000000E-30
     51  3.066477686677E-02  6.712840E-27  9.649516E-30  1.000000E-30  1.000000E-30  1.000000E-30  1.000000E-30  1.000000E-30  1.000000E-30
     52  3.080037159611E-02  8.841873E-27  1.280701E-29  1.000000E-30  1.000000E-30  1.000000E-30  1.000000E-30  1.000000E-30  1.000000E-30
     53  3.111325257314E-02  1.659239E-26  2.446394E-29  1.000000E-30  1.000000E-30  1.000000E-30  1.000000E-30  1.000000E-30  1.000000E-30
     54  3.147800645819E-02  3.399148E-26  5.117633E-29  1.000000E-30  1.000000E-30  1.000000E-30  1.000000E-30  1.000000E-30  1.000000E-30
     55  3.181357346897E-02  6.464526E-26  9.924303E-29  1.000000E-30  1.000000E-30  1.000000E-30  1.000000E-30  1.000000E-30  1.000000E-30
     56  3.217197145871E-02  1.261835E-25  1.978444E-28  1.000000E-30  1.000000E-30  1.000000E-30  1.000000E-30  1.000000E-30  1.000000E-30
     57  3.249951277145E-02  2.290089E-25  3.661408E-28  1.000000E-30  1.000000E-30  1.000000E-30  1.000000E-30  1.000000E-30  1.000000E-30
     58  3.262595809504E-02  2.872237E-25  4.627078E-28  1.000000E-30  1.000000E-30  1.000000E-30  1.000000E-30  1.000000E-30  1.000000E-30
     59  3.272641576722E-02  3.440188E-25  5.575674E-28  1.000000E-30  1.000000E-30  1.000000E-30  1.000000E-30  1.000000E-30  1.000000E-30
     60  3.304841700500E-02  6.091003E-25  1.006692E-27  1.000000E-30  1.000000E-30  1.000000E-30  1.000000E-30  1.000000E-30  1.000000E-30
     61  3.362823507679E-02  1.660446E-24  2.844195E-27  1.000000E-30  1.000000E-30  1.000000E-30  1.000000E-30  1.000000E-30  1.000000E-30
     62  3.417743618412E-02  4.193944E-24  7.435562E-27  1.000000E-30  1.000000E-30  1.000000E-30  1.000000E-30  1.000000E-30  1.000000E-30
     63  3.448472684867E-02  6.990330E-24  1.263970E-26  1.028307E-30  1.000000E-30  1.000000E-30  1.000000E-30  1.000000E-30  1.000000E-30
     64  3.459225947862E-02  8.353314E-24  1.520861E-26  1.237295E-30  1.000000E-30  1.000000E-30  1.000000E-30  1.000000E-30  1.000000E-30
     65  3.468161085917E-02  9.689045E-24  1.774225E-26  1.443048E-30  1.000000E-30  1.000000E-30  1.000000E-30  1.000000E-30  1.000000E-30
     66  3.501586344154E-02  1.683588E-23  3.150466E-26  2.560107E-30  1.000000E-30  1.000000E-30  1.000000E-30  1.000000E-30  1.000000E-30
     67  3.563385967804E-02  4.625776E-23  9.015549E-26  7.315265E-30  1.000000E-30  1.000000E-30  1.000000E-30  1.000000E-30  1.000000E-30
     68  3.619390900501E-02  1.145794E-22  2.318276E-25  1.878952E-29  1.000000E-30  1.000000E-30  1.000000E-30  1.000000E-30  1.000000E-30
     69  3.661379630041E-02  2.252127E-22  4.688714E-25  3.797347E-29  1.000000E-30  1.000000E-30  1.000000E-30  1.000000E-30  1.000000E-30
     70  3.704099468238E-02  4.467458E-22  9.578197E-25  7.751901E-29  1.000000E-30  1.000000E-30  1.000000E-30  1.000000E-30  1.000000E-30
     71  3.731378163516E-02  6.890403E-22  1.505571E-24  1.218017E-28  1.000000E-30  1.000000E-30  1.000000E-30  1.000000E-30  1.000000E-30
     72  3.757630769329E-02  1.041377E-21  2.317632E-24  1.874327E-28  1.000000E-30  1.000000E-30  1.000000E-30  1.000000E-30  1.000000E-30
     73  3.788075418501E-02  1.671535E-21  3.800797E-24  3.072685E-28  1.000000E-30  1.000000E-30  1.000000E-30  1.000000E-30  1.000000E-30
     74  3.819794660071E-02  2.715707E-21  6.315905E-24  5.104280E-28  1.000000E-30  1.000000E-30  1.000000E-30  1.000000E-30  1.000000E-30
     75  3.838080203158E-02  3.577972E-21  8.430793E-24  6.812283E-28  1.000000E-30  1.000000E-30  1.000000E-30  1.000000E-30  1.000000E-30
     76  3.859219912978E-02  4.911678E-21  1.175060E-23  9.492860E-28  1.000000E-30  1.000000E-30  1.000000E-30  1.000000E-30  1.000000E-30
     77  3.884096228080E-02  7.088865E-21  1.726701E-23  1.394637E-27  1.000000E-30  1.000000E-30  1.000000E-30  1.000000E-30  1.000000E-30
     78  3.907668434759E-02  9.972372E-21  2.471063E-23  1.995487E-27  1.000000E-30  1.000000E-30  1.000000E-30  1.000000E-30  1.000000E-30
     79  3.934936577490E-02  1.467826E-20  3.710460E-23  2.995804E-27  1.180789E-30  1.000000E-30  1.000000E-30  1.000000E-30  1.000000E-30
     80  3.961640452516E-02  2.123854E-20  5.475473E-23  4.420193E-27  1.772016E-30  1.000000E-30  1.000000E-30  1.000000E-30  1.000000E-30
     81  3.991996766101E-02  3.195333E-20  8.425466E-23  6.800688E-27  2.769414E-30  1.000000E-30  1.000000E-30  1.000000E-30  1.000000E-30
     82  4.019473378510E-02  4.573099E-20  1.230837E-22  9.933838E-27  4.103679E-30  1.000000E-30  1.000000E-30  1.000000E-30  1.000000E-30
     83  4.046928694587E-02  6.475271E-20  1.779130E-22  1.435777E-26  6.017125E-30  1.000000E-30  1.000000E-30  1.000000E-30  1.000000E-30
     84  4.074955599116E-02  9.122927E-20  2.560256E-22  2.066004E-26  8.786957E-30  1.000000E-30  1.000000E-30  1.000000E-30  1.000000E-30
     85  4.099011663524E-02  1.210713E-19  3.460451E-22  2.792302E-26  1.202814E-29  1.000000E-30  1.000000E-30  1.000000E-30  1.000000E-30
     86  4.118445936105E-02  1.509331E-19  4.378493E-22  3.533014E-26  1.537689E-29  1.000000E-30  1.000000E-30  1.000000E-30  1.000000E-30
     87  4.137235583218E-02  1.854124E-19  5.456824E-22  4.403085E-26  1.935687E-29  1.000000E-30  1.000000E-30  1.000000E-30  1.000000E-30
     88  4.152714488067E-02  2.184080E-19  6.504998E-22  5.248862E-26  2.326718E-29  1.000000E-30  1.000000E-30  1.000000E-30  1.000000E-30
     89  4.165981986900E-02  2.502568E-19  7.530369E-22  6.076278E-26  2.712759E-29  1.000000E-30  1.000000E-30  1.000000E-30  1.000000E-30
     90  4.188596337322E-02  3.126525E-19  9.574305E-22  7.725740E-26  3.491448E-29  1.000000E-30  1.000000E-30  1.000000E-30  1.000000E-30
     91  4.208159634323E-02  3.754309E-19  1.167336E-21  9.419863E-26  4.302390E-29  1.000000E-30  1.000000E-30  1.000000E-30  1.000000E-30
     92  4.230932596557E-02  4.593517E-19  1.453949E-21  1.173327E-25  5.425699E-29  1.000000E-30  1.000000E-30  1.000000E-30  1.000000E-30
     93  4.251598135750E-02  5.459771E-19  1.756436E-21  1.417501E-25  6.629047E-29  1.000000E-30  1.000000E-30  1.000000E-30  1.000000E-30
     94  4.274368410830E-02  6.528884E-19  2.138467E-21  1.725928E-25  8.172598E-29  1.000000E-30  1.000000E-30  1.000000E-30  1.000000E-30
     95  4.294191711445E-02  7.556974E-19  2.514444E-21  2.029517E-25  9.715424E-29  1.000000E-30  1.000000E-30  1.000000E-30  1.000000E-30
     96  4.316569238790E-02  8.823987E-19  2.988821E-21  2.412635E-25  1.169284E-28  1.000000E-30  1.000000E-30  1.000000E-30  1.000000E-30
     97  4.339365876136E-02  1.022804E-18  3.528194E-21  2.848346E-25  1.397991E-28  1.000000E-30  1.000000E-30  1.000000E-30  1.000000E-30
     98  4.362382833621E-02  1.175795E-18  4.131756E-21  3.336041E-25  1.658458E-28  1.000000E-30  1.000000E-30  1.000000E-30  1.000000E-30
     99  4.384703699487E-02  1.334707E-18  4.775600E-21  3.856438E-25  1.941227E-28  1.000000E-30  1.000000E-30  1.000000E-30  1.000000E-30
    100  4.408801045744E-02  1.517851E-18  5.538303E-21  4.473111E-25  2.282297E-28  1.000000E-30  1.000000E-30  1.000000E-30  1.000000E-30
    101  4.430336182063E-02  1.692000E-18  6.283291E-21  5.075602E-25  2.621297E-28  1.000000E-30  1.000000E-30  1.000000E-30  1.000000E-30
    102  4.453208602613E-02  1.888410E-18  7.145498E-21  5.773100E-25  3.020295E-28  1.000000E-30  1.000000E-30  1.000000E-30  1.000000E-30
    103  4.474836808964E-02  2.085796E-18  8.034423E-21  6.492460E-25  3.438579E-28  1.000000E-30  1.000000E-30  1.000000E-30  1.000000E-30
    104  4.497736119052E-02  2.308447E-18  9.062419E-21  7.324666E-25  3.930269E-28  1.000000E-30  1.000000E-30  1.000000E-30  1.000000E-30
    105  4.517199675598E-02  2.509824E-18  1.001396E-20  8.095254E-25  4.392372E-28  1.000000E-30  1.000000E-30  1.000000E-30  1.000000E-30
    106  4.536038532241E-02  2.716051E-18  1.100883E-20  8.901198E-25  4.882160E-28  1.000000E-30  1.000000E-30  1.000000E-30  1.000000E-30
    107  4.552484255766E-02  2.905366E-18  1.193983E-20  9.655644E-25  5.346336E-28  1.000000E-30  1.000000E-30  1.000000E-30  1.000000E-30
    108  4.581275722245E-02  3.256658E-18  1.371226E-20  1.109258E-24  6.244983E-28  1.000000E-30  1.000000E-30  1.000000E-30  1.000000E-30
    109  4.603616864208E-02  3.544208E-18  1.520834E-20  1.230611E-24  7.018643E-28  1.000000E-30  1.000000E-30  1.000000E-30  1.000000E-30
    110  4.624194314299E-02  3.815934E-18  1.666345E-20  1.348678E-24  7.784642E-28  1.000000E-30  1.000000E-30  1.000000E-30  1.000000E-30
    111  4.641297951594E-02  4.044973E-18  1.792339E-20  1.450951E-24  8.458941E-28  1.000000E-30  1.000000E-30  1.000000E-30  1.000000E-30
    112  4.656990459822E-02  4.255429E-18  1.911094E-20  1.547387E-24  9.104316E-28  1.000000E-30  1.000000E-30  1.000000E-30  1.000000E-30
    113  4.671253119976E-02  4.445307E-18  2.020957E-20  1.636639E-24  9.710274E-28  1.000000E-30  1.000000E-30  1.000000E-30  1.000000E-30
    114  4.684580987606E-02  4.620273E-18  2.124728E-20  1.720975E-24  1.029088E-27  1.000000E-30  1.000000E-30  1.000000E-30  1.000000E-30
    115  4.697520204195E-02  4.786847E-18  2.226032E-20  1.803339E-24  1.086581E-27  1.000000E-30  1.000000E-30  1.000000E-30  1.000000E-30
    116  4.709649788536E-02  4.939286E-18  2.321127E-20  1.880688E-24  1.141320E-27  1.000000E-30  1.000000E-30  1.000000E-30  1.000000E-30
    117  4.721637454993E-02  5.085789E-18  2.414915E-20  1.957007E-24  1.196073E-27  1.000000E-30  1.000000E-30  1.000000E-30  1.000000E-30
    118  4.732862910872E-02  5.218772E-18  2.502318E-20  2.028161E-24  1.247821E-27  1.000000E-30  1.000000E-30  1.000000E-30  1.000000E-30
    119  4.750539400184E-02  5.419056E-18  2.638609E-20  2.139178E-24  1.329989E-27  1.000000E-30  1.000000E-30  1.000000E-30  1.000000E-30
    120  4.767210524850E-02  5.596887E-18  2.765122E-20  2.242307E-24  1.407991E-27  1.000000E-30  1.000000E-30  1.000000E-30  1.000000E-30
    121  4.783406579930E-02  5.758705E-18  2.885661E-20  2.340641E-24  1.483989E-27  1.000000E-30  1.000000E-30  1.000000E-30  1.000000E-30
    122  4.799263518131E-02  5.906011E-18  3.000913E-20  2.434732E-24  1.558327E-27  1.000000E-30  1.000000E-30  1.000000E-30  1.000000E-30
    123  4.815339657435E-02  6.042454E-18  3.113913E-20  2.527039E-24  1.633017E-27  1.000000E-30  1.000000E-30  1.000000E-30  1.000000E-30
    124  4.832264594384E-02  6.173733E-18  3.229343E-20  2.621413E-24  1.711257E-27  1.000000E-30  1.000000E-30  1.000000E-30  1.000000E-30
    125  4.849826454798E-02  6.296569E-18  3.345057E-20  2.716112E-24  1.791860E-27  1.000000E-30  1.000000E-30  1.000000E-30  1.000000E-30
    126  4.867786870736E-02  6.408199E-18  3.458901E-20  2.809384E-24  1.873520E-27  1.000000E-30  1.000000E-30  1.000000E-30  1.000000E-30
    127  4.885872256535E-02  6.506460E-18  3.568730E-20  2.899475E-24  1.954793E-27  1.000000E-30  1.000000E-30  1.000000E-30  1.000000E-30
    128  4.903755607841E-02  6.589822E-18  3.672370E-20  2.984604E-24  2.034039E-27  1.000000E-30  1.000000E-30  1.000000E-30  1.000000E-30
    129  4.921259737621E-02  6.658252E-18  3.768804E-20  3.063927E-24  2.110339E-27  1.000000E-30  1.000000E-30  1.000000E-30  1.000000E-30
    130  4.938368810460E-02  6.712624E-18  3.858021E-20  3.137429E-24  2.183503E-27  1.000000E-30  1.000000E-30  1.000000E-30  1.000000E-30
    131  4.955132280349E-02  6.753912E-18  3.940324E-20  3.205352E-24  2.253607E-27  1.000000E-30  1.000000E-30  1.000000E-30  1.000000E-30
    132  4.971624312404E-02  6.782907E-18  4.016044E-20  3.267960E-24  2.320797E-27  1.000000E-30  1.000000E-30  1.000000E-30  1.000000E-30
    133  4.987811857735E-02  6.800045E-18  4.084951E-20  3.325059E-24  2.384752E-27  1.000000E-30  1.000000E-30  1.000000E-30  1.000000E-30
    134  5.003799836445E-02  6.803612E-18  4.145977E-20  3.375736E-24  2.444787E-27  1.000000E-30  1.000000E-30  1.000000E-30  1.000000E-30
    135  5.019682549602E-02  6.795819E-18  4.200477E-20  3.421128E-24  2.501759E-27  1.000000E-30  1.000000E-30  1.000000E-30  1.000000E-30
    136  5.035511419132E-02  6.776818E-18  4.248412E-20  3.461201E-24  2.555613E-27  1.000000E-30  1.000000E-30  1.000000E-30  1.000000E-30
    137  5.051299755300E-02  6.746500E-18  4.289423E-20  3.495660E-24  2.606035E-27  1.000000E-30  1.000000E-30  1.000000E-30  1.000000E-30
    138  5.067010535678E-02  6.704845E-18  4.323003E-20  3.524081E-24  2.652524E-27  1.000000E-30  1.000000E-30  1.000000E-30  1.000000E-30
    139  5.082726902819E-02  6.651488E-18  4.348861E-20  3.546224E-24  2.694896E-27  1.000000E-30  1.000000E-30  1.000000E-30  1.000000E-30
    140  5.098506829486E-02  6.585939E-18  4.366499E-20  3.561677E-24  2.732790E-27  1.000000E-30  1.000000E-30  1.000000E-30  1.000000E-30
    141  5.114361869269E-02  6.507816E-18  4.375267E-20  3.569903E-24  2.765655E-27  1.000000E-30  1.000000E-30  1.000000E-30  1.000000E-30
    142  5.130328078870E-02  6.416631E-18  4.374491E-20  3.570339E-24  2.792938E-27  1.000000E-30  1.000000E-30  1.000000E-30  1.000000E-30
    143  5.146205644840E-02  6.313540E-18  4.363687E-20  3.562563E-24  2.813771E-27  1.000000E-30  1.000000E-30  1.000000E-30  1.000000E-30
    144  5.162089365231E-02  6.198264E-18  4.342510E-20  3.546283E-24  2.827863E-27  1.000000E-30  1.000000E-30  1.000000E-30  1.000000E-30
    145  5.177902725711E-02  6.071953E-18  4.310943E-20  3.521465E-24  2.834824E-27  1.000000E-30  1.000000E-30  1.000000E-30  1.000000E-30
    146  5.193558292952E-02  5.934724E-18  4.268173E-20  3.487384E-24  2.833631E-27  1.000000E-30  1.000000E-30  1.000000E-30  1.000000E-30
    147  5.207655208218E-02  5.803066E-18  4.221050E-20  3.449579E-24  2.826282E-27  1.000000E-30  1.000000E-30  1.000000E-30  1.000000E-30
    148  5.220437120847E-02  5.678588E-18  4.172052E-20  3.410107E-24  2.814848E-27  1.000000E-30  1.000000E-30  1.000000E-30  1.000000E-30
    149  5.240275279905E-02  5.479139E-18  4.086026E-20  3.340535E-24  2.789033E-27  1.000000E-30  1.000000E-30  1.000000E-30  1.000000E-30
    150  5.258707116153E-02  5.292317E-18  3.998554E-20  3.269532E-24  2.758191E-27  1.000000E-30  1.000000E-30  1.000000E-30  1.000000E-30
    151  5.276353482958E-02  5.118666E-18  3.912491E-20  3.199461E-24  2.725300E-27  1.000000E-30  1.000000E-30  1.000000E-30  1.000000E-30
    152  5.293536770993E-02  4.961784E-18  3.831914E-20  3.133663E-24  2.693734E-27  1.000000E-30  1.000000E-30  1.000000E-30  1.000000E-30
    153  5.310288915571E-02  4.828444E-18  3.762712E-20  3.076962E-24  2.667825E-27  1.000000E-30  1.000000E-30  1.000000E-30  1.000000E-30
    154  5.325369291828E-02  4.732068E-18  3.714184E-20  3.037005E-24  2.652890E-27  1.000000E-30  1.000000E-30  1.000000E-30  1.000000E-30
    155  5.339308966526E-02  4.669207E-18  3.686362E-20  3.013860E-24  2.650254E-27  1.000000E-30  1.000000E-30  1.000000E-30  1.000000E-30
    156  5.362726198018E-02  4.636035E-18  3.690726E-20  3.016496E-24  2.681107E-27  1.000000E-30  1.000000E-30  1.000000E-30  1.000000E-30
    157  5.383816121000E-02  4.704738E-18  3.769336E-20  3.079692E-24  2.762795E-27  1.000000E-30  1.000000E-30  1.000000E-30  1.000000E-30
    158  5.403768730975E-02  4.875227E-18  3.928517E-20  3.208712E-24  2.903648E-27  1.000000E-30  1.000000E-30  1.000000E-30  1.000000E-30
    159  5.422986619970E-02  5.153430E-18  4.178036E-20  3.411655E-24  3.113756E-27  1.000000E-30  1.000000E-30  1.000000E-30  1.000000E-30
    160  5.440569294967E-02  5.518245E-18  4.503188E-20  3.676653E-24  3.383000E-27  1.000000E-30  1.000000E-30  1.000000E-30  1.000000E-30
    161  5.456994612052E-02  5.964588E-18  4.902913E-20  4.002886E-24  3.712684E-27  1.000000E-30  1.000000E-30  1.000000E-30  1.000000E-30
    162  5.485681963417E-02  7.013038E-18  5.855168E-20  4.781242E-24  4.501168E-27  1.000000E-30  1.000000E-30  1.000000E-30  1.000000E-30
    163  5.511708850657E-02  8.299285E-18  7.049180E-20  5.758681E-24  5.501109E-27  1.000000E-30  1.000000E-30  1.000000E-30  1.000000E-30
    164  5.536560227933E-02  9.861218E-18  8.532762E-20  6.974689E-24  6.761521E-27  1.000000E-30  1.000000E-30  1.000000E-30  1.000000E-30
    165  5.559867087093E-02  1.165637E-17  1.027709E-19  8.405999E-24  8.266316E-27  1.000000E-30  1.000000E-30  1.000000E-30  1.000000E-30
    166  5.582344501454E-02  1.373212E-17  1.233920E-19  1.009978E-23  1.007294E-26  1.000000E-30  1.000000E-30  1.000000E-30  1.000000E-30
    167  5.608267729631E-02  1.659890E-17  1.525623E-19  1.249834E-23  1.267276E-26  1.000000E-30  1.000000E-30  1.000000E-30  1.000000E-30
    168  5.632179590432E-02  1.975471E-17  1.854792E-19  1.520792E-23  1.565982E-26  1.000000E-30  1.000000E-30  1.000000E-30  1.000000E-30
    169  5.658568452696E-02  2.389704E-17  2.297884E-19  1.885933E-23  1.975579E-26  1.000000E-30  1.000000E-30  1.000000E-30  1.000000E-30
    170  5.682194908758E-02  2.828588E-17  2.779199E-19  2.283012E-23  2.428785E-26  1.000000E-30  1.000000E-30  1.000000E-30  1.000000E-30
    171  5.707748662895E-02  3.387667E-17  3.407619E-19  2.802023E-23  3.031434E-26  1.000000E-30  1.000000E-30  1.000000E-30  1.000000E-30
    172  5.730159219632E-02  3.961550E-17  4.068261E-19  3.348236E-23  3.676346E-26  1.000000E-30  1.000000E-30  1.000000E-30  1.000000E-30
    173  5.769211250520E-02  5.185929E-17  5.522393E-19  4.552230E-23  5.129377E-26  1.000000E-30  1.000000E-30  1.000000E-30  1.000000E-30
    174  5.804755660481E-02  6.605460E-17  7.271894E-19  6.003289E-23  6.926572E-26  1.308875E-30  1.000000E-30  1.000000E-30  1.000000E-30
    175  5.837706807704E-02  8.242606E-17  9.359905E-19  7.737941E-23  9.127239E-26  1.718794E-30  1.000000E-30  1.000000E-30  1.000000E-30
    176  5.868213309337E-02  1.009333E-16  1.179658E-18  9.765378E-23  1.175737E-25  2.207183E-30  1.000000E-30  1.000000E-30  1.000000E-30
    177  5.897372529375E-02  1.222368E-16  1.468700E-18  1.217390E-22  1.494843E-25  2.797890E-30  1.000000E-30  1.000000E-30  1.000000E-30
    178  5.927019313219E-02  1.482027E-16  1.831658E-18  1.520287E-22  1.904628E-25  3.554128E-30  1.000000E-30  1.000000E-30  1.000000E-30
    179  5.955970264735E-02  1.785356E-16  2.268460E-18  1.885356E-22  2.408925E-25  4.481955E-30  1.000000E-30  1.000000E-30  1.000000E-30
    180  5.987296131417E-02  2.179761E-16  2.854159E-18  2.375642E-22  3.100926E-25  5.751149E-30  1.000000E-30  1.000000E-30  1.000000E-30
    181  6.018239261751E-02  2.648791E-16  3.573317E-18  2.978650E-22  3.971288E-25  7.342315E-30  1.000000E-30  1.000000E-30  1.000000E-30
    182  6.051941164510E-02  3.266629E-16  4.552920E-18  3.801492E-22  5.187124E-25  9.557601E-30  1.000000E-30  1.000000E-30  1.000000E-30
    183  6.081686890997E-02  3.921682E-16  5.626186E-18  4.704597E-22  6.552512E-25  1.203724E-29  1.000000E-30  1.000000E-30  1.000000E-30
    184  6.107970107709E-02  4.600749E-16  6.771711E-18  5.670031E-22  8.042150E-25  1.473472E-29  1.000000E-30  1.000000E-30  1.000000E-30
    185  6.149099227918E-02  5.887858E-16  9.022314E-18  7.570570E-22  1.104920E-24  2.016074E-29  1.000000E-30  1.000000E-30  1.000000E-30
    186  6.184187848266E-02  7.245873E-16  1.149344E-17  9.661970E-22  1.445124E-24  2.627571E-29  1.000000E-30  1.000000E-30  1.000000E-30
    187  6.212841772032E-02  8.565113E-16  1.397621E-17  1.176724E-21  1.795704E-24  3.255669E-29  1.000000E-30  1.000000E-30  1.000000E-30
    188  6.241083345826E-02  1.008016E-15  1.691548E-17  1.426397E-21  2.220361E-24  4.014263E-29  1.000000E-30  1.000000E-30  1.000000E-30
    189  6.286334795077E-02  1.303212E-15  2.287713E-17  1.933991E-21  3.108237E-24  5.594250E-29  1.000000E-30  1.000000E-30  1.000000E-30
    190  6.324448148531E-02  1.611620E-15  2.939074E-17  2.490054E-21  4.111604E-24  7.372223E-29  1.000000E-30  1.000000E-30  1.000000E-30
    191  6.354755735680E-02  1.903894E-15  3.579509E-17  3.037999E-21  5.125845E-24  9.163296E-29  1.000000E-30  1.000000E-30  1.000000E-30
    192  6.382753282149E-02  2.216623E-15  4.286902E-17  3.644405E-21  6.273297E-24  1.118364E-28  1.000000E-30  1.000000E-30  1.000000E-30
    193  6.429792763326E-02  2.849745E-15  5.780488E-17  4.928106E-21  8.774350E-24  1.557022E-28  1.000000E-30  1.000000E-30  1.000000E-30
    194  6.470641913937E-02  3.529286E-15  7.463048E-17  6.378629E-21  1.169663E-23  2.067303E-28  1.000000E-30  1.000000E-30  1.000000E-30
    195  6.514351188605E-02  4.417508E-15  9.768699E-17  8.372338E-21  1.584681E-23  2.788911E-28  1.000000E-30  1.000000E-30  1.000000E-30
    196  6.551961572666E-02  5.341725E-15  1.227870E-16  1.054912E-20  2.052148E-23  3.598452E-28  1.000000E-30  1.000000E-30  1.000000E-30
    197  6.614173306661E-02  7.264826E-15  1.781056E-16  1.536490E-20  3.128375E-23  5.452750E-28  1.000000E-30  1.000000E-30  1.000000E-30
    198  6.666431851744E-02  9.344659E-15  2.419179E-16  2.094435E-20  4.431899E-23  7.686134E-28  1.000000E-30  1.000000E-30  1.000000E-30
    199  6.714973898932E-02  1.174634E-14  3.199649E-16  2.779552E-20  6.097207E-23  1.052535E-27  1.000000E-30  1.000000E-30  1.000000E-30
    200  6.763365269933E-02  1.469375E-14  4.212220E-16  3.671878E-20  8.350639E-23  1.434929E-27  1.062177E-30  1.000000E-30  1.000000E-30
    201  6.810748363549E-02  1.821616E-14  5.491221E-16  4.803464E-20  1.131923E-22  1.936358E-27  1.480298E-30  1.000000E-30  1.000000E-30
    202  6.886988901479E-02  2.552148E-14  8.346188E-16  7.343015E-20  1.832886E-22  3.113178E-27  2.497069E-30  1.000000E-30  1.000000E-30
    203  6.932442343830E-02  3.106545E-14  1.066862E-15  9.419525E-20  2.433898E-22  4.116581E-27  3.398662E-30  1.000000E-30  1.000000E-30
    204  6.977291475786E-02  3.760283E-14  1.355620E-15  1.201172E-19  3.211937E-22  5.410066E-27  4.596534E-30  1.000000E-30  1.000000E-30
    205  7.051837306122E-02  5.130902E-14  2.006266E-15  1.788538E-19  5.064868E-22  8.473037E-27  7.553201E-30  1.000000E-30  1.000000E-30
    206  7.120724846930E-02  6.792685E-14  2.864885E-15  2.568854E-19  7.673878E-22  1.275775E-26  1.189394E-29  1.000000E-30  1.000000E-30
    207  7.185571854523E-02  8.801812E-14  3.988831E-15  3.596861E-19  1.130350E-21  1.868289E-26  1.817503E-29  1.000000E-30  1.000000E-30
    208  7.250556240022E-02  1.135571E-13  5.533246E-15  5.018562E-19  1.659918E-21  2.727782E-26  2.770215E-29  1.000000E-30  1.000000E-30
    209  7.308358088908E-02  1.419202E-13  7.379323E-15  6.728488E-19  2.329804E-21  3.809195E-26  4.020432E-29  1.000000E-30  1.000000E-30
    210  7.365083251161E-02  1.761374E-13  9.765943E-15  8.952177E-19  3.243276E-21  5.276539E-26  5.785405E-29  1.000000E-30  1.000000E-30
    211  7.420607479025E-02  2.169809E-13  1.281582E-14  1.181077E-18  4.473912E-21  7.243838E-26  8.246351E-29  1.000000E-30  1.000000E-30
    212  7.477269193766E-02  2.676990E-13  1.687177E-14  1.563547E-18  6.199981E-21  9.989978E-26  1.181996E-28  1.000000E-30  1.000000E-30
    213  7.532671922740E-02  3.280503E-13  2.204069E-14  2.053963E-18  8.519705E-21  1.366335E-25  1.679230E-28  1.000000E-30  1.000000E-30
    214  7.590819975934E-02  4.050873E-13  2.911813E-14  2.729753E-18  1.187416E-20  1.895015E-25  2.424408E-28  1.000000E-30  1.000000E-30
    215  7.648106882397E-02  4.974453E-13  3.823180E-14  3.605735E-18  1.644137E-20  2.611412E-25  3.476718E-28  1.000000E-30  1.000000E-30
    216  7.706864365518E-02  6.128037E-13  5.046820E-14  4.789814E-18  2.292890E-20  3.624212E-25  5.027773E-28  1.000000E-30  1.000000E-30
    217  7.765097184480E-02  7.520211E-13  6.635683E-14  6.337946E-18  3.184766E-20  5.009991E-25  7.241557E-28  1.000000E-30  1.000000E-30
    218  7.824188421090E-02  9.236241E-13  8.744313E-14  8.407079E-18  4.438886E-20  6.949405E-25  1.047513E-27  1.000000E-30  1.000000E-30
    219  7.883216312169E-02  1.131931E-12  1.150221E-13  1.113285E-17  6.177840E-20  9.625897E-25  1.513452E-27  1.000000E-30  1.000000E-30
    220  7.934760137230E-02  1.350279E-12  1.460199E-13  1.421725E-17  8.241756E-20  1.278873E-24  2.086653E-27  1.000000E-30  1.000000E-30
    221  7.991019390762E-02  1.634509E-12  1.892454E-13  1.854755E-17  1.127992E-19  1.742456E-24  2.961106E-27  1.000000E-30  1.000000E-30
    222  8.044081450283E-02  1.954770E-12  2.414565E-13  2.381419E-17  1.515608E-19  2.331367E-24  4.117789E-27  1.000000E-30  1.000000E-30
    223  8.103419684334E-02  2.386001E-12  3.170029E-13  3.148951E-17  2.109152E-19  3.229181E-24  5.956677E-27  1.000000E-30  1.000000E-30
    224  8.158988408622E-02  2.873947E-12  4.089705E-13  4.090236E-17  2.874671E-19  4.382005E-24  8.420820E-27  1.000000E-30  1.000000E-30
    225  8.219791245697E-02  3.521241E-12  5.403968E-13  5.445696E-17  4.035382E-19  6.122144E-24  1.230691E-26  1.000000E-30  1.000000E-30
    226  8.273529679330E-02  4.214325E-12  6.917057E-13  7.017983E-17  5.451036E-19  8.235423E-24  1.723177E-26  1.000000E-30  1.000000E-30
    227  8.327310875316E-02  5.047436E-12  8.864664E-13  9.056360E-17  7.375481E-19  1.109683E-23  2.417489E-26  1.000000E-30  1.000000E-30
    228  8.381967664174E-02  6.066171E-12  1.141665E-12  1.174711E-16  1.004121E-18  1.504480E-23  3.415606E-26  1.000000E-30  1.000000E-30
    229  8.442137901789E-02  7.432701E-12  1.510129E-12  1.566335E-16  1.412582E-18  2.106920E-23  5.007060E-26  1.000000E-30  1.000000E-30
    230  8.496109010092E-02  8.929158E-12  1.944212E-12  2.031385E-16  1.922803E-18  2.856476E-23  7.074520E-26  1.000000E-30  1.000000E-30
    231  8.556251684447E-02  1.096175E-11  2.579350E-12  2.717494E-16  2.715618E-18  4.016575E-23  1.041934E-25  1.000000E-30  1.000000E-30
    232  8.609514523980E-02  1.314852E-11  3.315214E-12  3.519062E-16  3.690732E-18  5.437962E-23  1.470126E-25  1.000000E-30  1.000000E-30
    233  8.668730402486E-02  1.609724E-11  4.385138E-12  4.694471E-16  5.196980E-18  7.625261E-23  2.158977E-25  1.000000E-30  1.000000E-30
    234  8.725638446658E-02  1.954097E-11  5.737097E-12  6.193073E-16  7.224012E-18  1.055752E-22  3.125954E-25  1.078511E-30  1.000000E-30
    235  8.784892152766E-02  2.387107E-11  7.579837E-12  8.254714E-16  1.017090E-17  1.480409E-22  4.593726E-25  1.567340E-30  1.000000E-30
    236  8.837914431516E-02  2.849201E-11  9.708455E-12  1.065801E-15  1.379559E-17  2.000838E-22  6.476393E-25  2.184539E-30  1.000000E-30
    237  8.927467123273E-02  3.817877E-11  1.467178E-11  1.633117E-15  2.298899E-17  3.314544E-22  1.152848E-24  3.814072E-30  1.000000E-30
    238  9.009385267910E-02  4.939813E-11  2.120961E-11  2.391658E-15  3.637671E-17  5.217156E-22  1.939214E-24  6.302479E-30  1.000000E-30
    239  9.088007009323E-02  6.257931E-11  2.991965E-11  3.417031E-15  5.601743E-17  7.994317E-22  3.168912E-24  1.012379E-29  1.000000E-30
    240  9.160938796651E-02  7.705859E-11  4.073699E-11  4.708842E-15  8.279685E-17  1.176302E-21  4.952030E-24  1.556940E-29  1.000000E-30
    241  9.231864750676E-02  9.329498E-11  5.442334E-11  6.366467E-15  1.198960E-16  1.696097E-21  7.574178E-24  2.344471E-29  1.000000E-30
    242  9.335415502949E-02  1.208532E-10  8.151964E-11  9.707960E-15  2.022750E-16  2.844137E-21  1.385454E-23  4.191464E-29  1.000000E-30
    243  9.429165011748E-02  1.495908E-10  1.152351E-10  1.395270E-14  3.188883E-16  4.460048E-21  2.352655E-23  6.970925E-29  1.000000E-30
    244  9.514750284226E-02  1.788194E-10  1.557123E-10  1.914858E-14  4.765860E-16  6.634480E-21  3.766285E-23  1.094869E-28  1.000000E-30
    245  9.592869681963E-02  2.077922E-10  2.025197E-10  2.526792E-14  6.802101E-16  9.430040E-21  5.727787E-23  1.636264E-28  1.000000E-30
    246  9.638259128200E-02  2.256027E-10  2.348980E-10  2.955949E-14  8.331287E-16  1.152307E-20  7.281741E-23  2.059144E-28  1.000000E-30
    247  9.686466198075E-02  2.452485E-10  2.740031E-10  3.479919E-14  1.030062E-15  1.421236E-20  9.368853E-23  2.620862E-28  1.000000E-30
    248  9.745016881397E-02  2.700681E-10  3.288343E-10  4.223924E-14  1.327382E-15  1.826228E-20  1.267653E-22  3.499858E-28  1.000000E-30
    249  9.798964068785E-02  2.938221E-10  3.874404E-10  5.029821E-14  1.670772E-15  2.292797E-20  1.669572E-22  4.553987E-28  1.000000E-30
    250  9.892639389759E-02  3.369352E-10  5.109560E-10  6.759239E-14  2.474254E-15  3.381013E-20  2.677410E-22  7.150769E-28  1.000000E-30
    251  9.977784733458E-02  3.778466E-10  6.512758E-10  8.767675E-14  3.508536E-15  4.776866E-20  4.085652E-22  1.070465E-27  1.000000E-30
    252  1.005622893962E-01  4.166511E-10  8.092037E-10  1.107483E-13  4.814755E-15  6.534427E-20  6.004134E-22  1.545543E-27  1.000000E-30
    253  1.013070552067E-01  4.540710E-10  9.884306E-10  1.374543E-13  6.468978E-15  8.754339E-20  8.615248E-22  2.180710E-27  1.000000E-30
    254  1.019791947326E-01  4.879454E-10  1.178276E-09  1.662758E-13  8.410562E-15  1.135390E-19  1.189323E-21  2.965068E-27  1.000000E-30
    255  1.025982572428E-01  5.188684E-10  1.379690E-09  1.973901E-13  1.067530E-14  1.438018E-19  1.596173E-21  3.924036E-27  1.000000E-30
    256  1.032644197032E-01  5.514526E-10  1.627415E-09  2.363522E-13  1.374305E-14  1.847187E-19  2.183177E-21  5.286775E-27  1.000000E-30
    257  1.039121745974E-01  5.819953E-10  1.902202E-09  2.803863E-13  1.750251E-14  2.347732E-19  2.950771E-21  7.041409E-27  1.000000E-30
    258  1.045193471709E-01  6.091758E-10  2.192730E-09  3.278015E-13  2.187991E-14  2.929639E-19  3.902267E-21  9.184516E-27  1.000000E-30
    259  1.051181778144E-01  6.342746E-10  2.512147E-09  3.808887E-13  2.717029E-14  3.631915E-19  5.124692E-21  1.189863E-26  1.000000E-30
    260  1.056826419982E-01  6.560568E-10  2.844955E-09  4.372004E-13  3.321593E-14  4.433426E-19  6.607158E-21  1.514487E-26  1.000000E-30
    261  1.062431336111E-01  6.755411E-10  3.207847E-09  4.996922E-13  4.043200E-14  5.389009E-19  8.482330E-21  1.919635E-26  1.000000E-30
    262  1.068146627648E-01  6.930550E-10  3.611681E-09  5.705207E-13  4.924254E-14  6.554462E-19  1.091146E-20  2.437359E-26  1.000000E-30
    263  1.073656177930E-01  7.075222E-10  4.034216E-09  6.460182E-13  5.935968E-14  7.891389E-19  1.387061E-20  3.059555E-26  1.000000E-30
    264  1.079139362418E-01  7.192748E-10  4.489006E-09  7.287815E-13  7.129666E-14  9.467352E-19  1.757134E-20  3.827434E-26  1.000000E-30
    265  1.084202130578E-01  7.277800E-10  4.939334E-09  8.122290E-13  8.422049E-14  1.117221E-18  2.180993E-20  4.695759E-26  1.000000E-30
    266  1.089957947327E-01  7.347201E-10  5.487065E-09  9.156800E-13  1.014735E-13  1.344641E-18  2.780990E-20  5.908749E-26  1.000000E-30
    267  1.095139929398E-01  7.384283E-10  6.013573E-09  1.017083E-12  1.197018E-13  1.584757E-18  3.453528E-20  7.250498E-26  1.000000E-30
    268  1.100036617482E-01  7.396082E-10  6.541275E-09  1.120583E-12  1.396487E-13  1.847380E-18  4.230989E-20  8.782836E-26  1.000000E-30
    269  1.105581599754E-01  7.384644E-10  7.173508E-09  1.247034E-12  1.658641E-13  2.192397E-18  5.313519E-20  1.088951E-25  1.000000E-30
    270  1.111738162549E-01  7.342527E-10  7.918860E-09  1.399492E-12  2.001815E-13  2.643922E-18  6.826038E-20  1.379154E-25  1.000000E-30
    271  1.117276452796E-01  7.276941E-10  8.629936E-09  1.548263E-12  2.365466E-13  3.122344E-18  8.536504E-20  1.702808E-25  1.000000E-30
    272  1.122547306619E-01  7.192641E-10  9.341665E-09  1.700414E-12  2.767100E-13  3.650769E-18  1.054409E-19  2.077822E-25  1.000000E-30
    273  1.128196390807E-01  7.081060E-10  1.014157E-08  1.875279E-12  3.266335E-13  4.307720E-18  1.319953E-19  2.567412E-25  1.000000E-30
    274  1.134172103791E-01  6.939722E-10  1.102950E-08  2.074129E-12  3.883854E-13  5.120561E-18  1.671013E-19  3.205750E-25  1.000000E-30
    275  1.139661173569E-01  6.788917E-10  1.188269E-08  2.269876E-12  4.544707E-13  5.990780E-18  2.072261E-19  3.925500E-25  1.000000E-30
    276  1.145721141816E-01  6.603892E-10  1.286340E-08  2.500639E-12  5.393058E-13  7.108460E-18  2.623222E-19  4.900191E-25  1.000000E-30
    277  1.151138636995E-01  6.423956E-10  1.377277E-08  2.720193E-12  6.271895E-13  8.267009E-18  3.233518E-19  5.965178E-25  1.000000E-30
    278  1.160623872824E-01  6.073723E-10  1.543590E-08  3.135805E-12  8.136272E-13  1.072723E-17  4.650001E-19  8.392509E-25  1.000000E-30
    279  1.166131253687E-01  5.856462E-10  1.643663E-08  3.395046E-12  9.438658E-13  1.244784E-17  5.730395E-19  1.021172E-24  1.000000E-30
    280  1.171578902390E-01  5.633048E-10  1.744841E-08  3.664427E-12  1.091191E-12  1.439615E-17  7.036019E-19  1.238160E-24  1.000000E-30
    281  1.179966344325E-01  5.272698E-10  1.904277E-08  4.104392E-12  1.359762E-12  1.795304E-17  9.628672E-19  1.661885E-24  1.000000E-30
    282  1.184626561866E-01  5.068540E-10  1.994266E-08  4.361587E-12  1.533745E-12  2.026065E-17  1.144588E-18  1.954371E-24  1.000000E-30
    283  1.189221956404E-01  4.865918E-10  2.083734E-08  4.623978E-12  1.724918E-12  2.279923E-17  1.356040E-18  2.290960E-24  1.000000E-30
    284  1.197605220964E-01  4.490644E-10  2.248508E-08  5.125422E-12  2.131380E-12  2.820626E-17  1.844204E-18  3.055880E-24  1.000000E-30
    285  1.205341475296E-01  4.148420E-10  2.401485E-08  5.613631E-12  2.582540E-12  3.422217E-17  2.443558E-18  3.977183E-24  1.000000E-30
    286  1.212540834288E-01  3.835767E-10  2.544463E-08  6.090795E-12  3.080609E-12  4.087932E-17  3.170346E-18  5.074796E-24  1.000000E-30
    287  1.219299358624E-01  3.550134E-10  2.679348E-08  6.560160E-12  3.629250E-12  4.822967E-17  4.044531E-18  6.373458E-24  1.000000E-30
    288  1.225766858039E-01  3.288454E-10  2.809352E-08  7.030547E-12  4.240066E-12  5.643222E-17  5.102404E-18  7.920676E-24  1.000000E-30
    289  1.231854533608E-01  3.052129E-10  2.933413E-08  7.495427E-12  4.905901E-12  6.539417E-17  6.350114E-18  9.719048E-24  1.000000E-30
    290  1.237219182154E-01  2.853364E-10  3.044899E-08  7.925795E-12  5.578016E-12  7.446020E-17  7.702796E-18  1.164310E-23  1.000000E-30
    291  1.242404039059E-01  2.671560E-10  3.155412E-08  8.363244E-12  6.315532E-12  8.442888E-17  9.287701E-18  1.387015E-23  1.000000E-30
    292  1.248086455930E-01  2.484116E-10  3.281007E-08  8.871745E-12  7.240214E-12  9.695458E-17  1.141296E-17  1.681951E-23  1.000000E-30
    293  1.253177247642E-01  2.325304E-10  3.399155E-08  9.358902E-12  8.191946E-12  1.098746E-16  1.374849E-17  2.002194E-23  1.000000E-30
    294  1.258810647447E-01  2.161985E-10  3.537799E-08  9.939337E-12  9.404706E-12  1.263751E-16  1.692496E-17  2.432530E-23  1.000000E-30
    295  1.264205598797E-01  2.017961E-10  3.680517E-08  1.054419E-11  1.075348E-11  1.447694E-16  2.069894E-17  2.937626E-23  1.000000E-30
    296  1.270317883483E-01  1.867693E-10  3.857471E-08  1.130088E-11  1.255414E-11  1.693881E-16  2.609501E-17  3.650824E-23  1.000000E-30
    297  1.275757308169E-01  1.745606E-10  4.031670E-08  1.205091E-11  1.445308E-11  1.954171E-16  3.218534E-17  4.445894E-23  1.000000E-30
    298  1.286048671531E-01  1.544815E-10  4.415066E-08  1.371543E-11  1.903417E-11  2.584462E-16  4.834914E-17  6.519629E-23  1.000000E-30
    299  1.290949488661E-01  1.460568E-10  4.628327E-08  1.464782E-11  2.180661E-11  2.967249E-16  5.901707E-17  7.867307E-23  1.000000E-30
    300  1.295345101683E-01  1.391338E-10  4.838934E-08  1.557403E-11  2.469908E-11  3.367528E-16  7.077860E-17  9.338564E-23  1.000000E-30
    301  1.303954523490E-01  1.271566E-10  5.311239E-08  1.767290E-11  3.174556E-11  4.346017E-16  1.018384E-16  1.316846E-22  1.000000E-30
    302  1.308549873199E-01  1.214208E-10  5.600255E-08  1.897246E-11  3.644392E-11  5.000665E-16  1.242420E-16  1.589342E-22  1.000000E-30
    303  1.312776310019E-01  1.165263E-10  5.890912E-08  2.029213E-11  4.147099E-11  5.702810E-16  1.495610E-16  1.894383E-22  1.000000E-30
    304  1.320787884157E-01  1.081896E-10  6.512167E-08  2.315850E-11  5.326149E-11  7.355536E-16  2.138568E-16  2.658394E-22  1.000000E-30
    305  1.327308179063E-01  1.021023E-10  7.092951E-08  2.589446E-11  6.561235E-11  9.094219E-16  2.877449E-16  3.522610E-22  1.000000E-30
    306  1.333821207310E-01  9.651361E-11  7.747886E-08  2.904448E-11  8.113262E-11  1.128789E-15  3.888863E-16  4.688594E-22  1.000000E-30
    307  1.339749669338E-01  9.185825E-11  8.413683E-08  3.231749E-11  9.870038E-11  1.378093E-15  5.132478E-16  6.102413E-22  1.000000E-30
    308  1.345530840576E-01  8.760791E-11  9.133188E-08  3.593168E-11  1.197816E-10  1.678424E-15  6.747759E-16  7.914698E-22  1.000000E-30
    309  1.351098094661E-01  8.371115E-11  9.898390E-08  3.985913E-11  1.446556E-10  2.034164E-15  8.807347E-16  1.019610E-21  1.000000E-30
    310  1.359304916944E-01  7.840366E-11  1.116545E-07  4.654792E-11  1.916029E-10  2.708947E-15  1.309240E-15  1.486686E-21  1.000000E-30
    311  1.363572082699E-01  7.580436E-11  1.189613E-07  5.050527E-11  2.220514E-10  3.148544E-15  1.611846E-15  1.811992E-21  1.000000E-30
    312  1.367788244083E-01  7.328076E-11  1.267252E-07  5.478450E-11  2.571814E-10  3.657327E-15  1.982526E-15  2.206654E-21  1.000000E-30
    313  1.375777712339E-01  6.877640E-11  1.430022E-07  6.399996E-11  3.403883E-10  4.868214E-15  2.942761E-15  3.214262E-21  1.000000E-30
    314  1.380438267916E-01  6.631260E-11  1.535275E-07  7.012662E-11  4.012893E-10  5.758843E-15  3.710958E-15  4.008940E-21  1.000000E-30
    315  1.384690951451E-01  6.409476E-11  1.638720E-07  7.626785E-11  4.667842E-10  6.720059E-15  4.592121E-15  4.911225E-21  1.000000E-30
    316  1.391087445178E-01  6.088062E-11  1.808748E-07  8.660798E-11  5.868253E-10  8.489624E-15  6.339973E-15  6.678659E-21  1.000000E-30
    317  1.397002518981E-01  5.807562E-11  1.982552E-07  9.748222E-11  7.259752E-10  1.055154E-14  8.557784E-15  8.889496E-21  1.000000E-30
    318  1.402705851668E-01  5.547724E-11  2.166789E-07  1.093262E-10  8.923548E-10  1.302929E-14  1.144829E-14  1.173228E-20  1.000000E-30
    319  1.408634912375E-01  5.283421E-11  2.377771E-07  1.232624E-10  1.107583E-09  1.625088E-14  1.552810E-14  1.569088E-20  1.000000E-30
    320  1.414089642241E-01  5.052230E-11  2.590634E-07  1.377120E-10  1.352324E-09  1.993303E-14  2.058195E-14  2.052987E-20  1.000000E-30
    321  1.419220762512E-01  4.845185E-11  2.808667E-07  1.528991E-10  1.632786E-09  2.417320E-14  2.685729E-14  2.646436E-20  1.000000E-30
    322  1.422771704232E-01  4.702011E-11  2.970573E-07  1.644168E-10  1.861481E-09  2.764448E-14  3.232169E-14  3.158072E-20  1.000000E-30
    323  1.426029315631E-01  4.573044E-11  3.127651E-07  1.757776E-10  2.100207E-09  3.127961E-14  3.833139E-14  3.716308E-20  1.000000E-30
    324  1.430135230101E-01  4.415442E-11  3.337679E-07  1.912505E-10  2.446024E-09  3.656417E-14  4.755011E-14  4.565164E-20  1.000000E-30
    325  1.434683796643E-01  4.247441E-11  3.586868E-07  2.100154E-10  2.897050E-09  4.348560E-14  6.041247E-14  5.737406E-20  1.000000E-30
    326  1.440315208021E-01  4.046533E-11  3.921103E-07  2.358515E-10  3.574412E-09  5.393301E-14  8.134425E-14  7.621998E-20  1.000000E-30
    327  1.445490332405E-01  3.862802E-11  4.255811E-07  2.624475E-10  4.339912E-09  6.580298E-14  1.070932E-13  9.911120E-20  1.000000E-30
    328  1.451370980342E-01  3.663204E-11  4.670300E-07  2.963511E-10  5.413321E-09  8.254202E-14  1.465273E-13  1.337071E-19  1.000000E-30
    329  1.457052374241E-01  3.479844E-11  5.107493E-07  3.332334E-10  6.703830E-09  1.027881E-13  1.985192E-13  1.786946E-19  1.000000E-30
    330  1.463107957421E-01  3.285831E-11  5.616603E-07  3.775703E-10  8.426619E-09  1.299843E-13  2.748457E-13  2.438216E-19  1.000000E-30
    331  1.468752132891E-01  3.111191E-11  6.134395E-07  4.241301E-10  1.043326E-08  1.618622E-13  3.725898E-13  3.260701E-19  1.000000E-30
    332  1.475510939381E-01  2.912757E-11  6.812404E-07  4.872737E-10  1.347478E-08  2.105188E-13  5.367470E-13  4.621409E-19  1.000000E-30
    333  1.481899111058E-01  2.728604E-11  7.515087E-07  5.552376E-10  1.716723E-08  2.700296E-13  7.589169E-13  6.434398E-19  1.000000E-30
    334  1.491767377555E-01  2.457255E-11  8.727992E-07  6.783556E-10  2.495595E-08  3.967870E-13  1.297875E-12  1.074489E-18  1.000000E-30
    335  1.497116139607E-01  2.318921E-11  9.452558E-07  7.553492E-10  3.055037E-08  4.886495E-13  1.736326E-12  1.419015E-18  1.000000E-30
    336  1.502421520731E-01  2.180989E-11  1.021978E-06  8.396371E-10  3.734140E-08  6.008870E-13  2.319489E-12  1.871450E-18  1.000000E-30
    337  1.509052103900E-01  2.016662E-11  1.124809E-06  9.570195E-10  4.794904E-08  7.775398E-13  3.330440E-12  2.644374E-18  1.000000E-30
    338  1.515352476696E-01  1.869281E-11  1.229611E-06  1.081885E-09  6.073276E-08  9.922191E-13  4.693876E-12  3.670564E-18  1.000000E-30
    339  1.521327102765E-01  1.730437E-11  1.335244E-06  1.213160E-09  7.594460E-08  1.249735E-12  6.501860E-12  5.011420E-18  1.000000E-30
    340  1.526678407657E-01  1.611367E-11  1.434886E-06  1.342050E-09  9.267472E-08  1.535128E-12  8.700773E-12  6.619977E-18  1.000000E-30
    341  1.532481602429E-01  1.488943E-11  1.547926E-06  1.494412E-09  1.148238E-07  1.915913E-12  1.192050E-11  8.943234E-18  1.000000E-30
    342  1.535863948111E-01  1.419956E-11  1.615975E-06  1.589403E-09  1.299997E-07  2.178491E-12  1.431499E-11  1.065215E-17  1.000000E-30
    343  1.538995751697E-01  1.355634E-11  1.680239E-06  1.681464E-09  1.457955E-07  2.453051E-12  1.696107E-11  1.252587E-17  1.000000E-30
    344  1.546020187628E-01  1.218135E-11  1.828244E-06  1.902546E-09  1.881296E-07  3.194509E-12  2.477165E-11  1.798569E-17  1.000000E-30
    345  1.552062305672E-01  1.107880E-11  1.958664E-06  2.108659E-09  2.335623E-07  3.998025E-12  3.423321E-11  2.449445E-17  1.000000E-30
    346  1.557875935888E-01  1.005709E-11  2.085308E-06  2.320195E-09  2.869079E-07  4.950026E-12  4.666192E-11  3.292059E-17  1.000000E-30
    347  1.566447447202E-01  8.642980E-12  2.270840E-06  2.653687E-09  3.864984E-07  6.747799E-12  7.337697E-11  5.070415E-17  1.000000E-30
    348  1.574294426159E-01  7.473022E-12  2.434924E-06  2.977674E-09  5.041881E-07  8.900793E-12  1.104068E-10  7.485360E-17  1.000000E-30
    349  1.581710514975E-01  6.435806E-12  2.579393E-06  3.294214E-09  6.442971E-07  1.149670E-11  1.617270E-10  1.076901E-16  1.000000E-30
    350  1.588328903187E-01  5.601954E-12  2.695829E-06  3.580150E-09  7.967886E-07  1.435676E-11  2.260890E-10  1.481435E-16  1.000000E-30
    351  1.594606073659E-01  4.881869E-12  2.791620E-06  3.848613E-09  9.688954E-07  1.762238E-11  3.090760E-10  1.994485E-16  1.000000E-30
    352  1.600565792087E-01  4.248568E-12  2.865941E-06  4.095054E-09  1.160343E-06  2.129615E-11  4.141122E-10  2.633738E-16  1.000000E-30
    353  1.607059625219E-01  3.635559E-12  2.926090E-06  4.348659E-09  1.402244E-06  2.599453E-11  5.659070E-10  3.542524E-16  1.000000E-30
    354  1.613957576202E-01  3.063306E-12  2.962778E-06  4.592649E-09  1.700271E-06  3.186128E-11  7.826206E-10  4.817161E-16  1.000000E-30
    355  1.620398820205E-01  2.590548E-12  2.968661E-06  4.788053E-09  2.019506E-06  3.823263E-11  1.052326E-09  6.375789E-16  1.000000E-30
    356  1.627691861850E-01  2.140203E-12  2.942001E-06  4.965080E-09  2.428522E-06  4.652028E-11  1.457393E-09  8.673265E-16  1.000000E-30
    357  1.634667099868E-01  1.780702E-12  2.882369E-06  5.082019E-09  2.867464E-06  5.556069E-11  1.972004E-09  1.153619E-15  1.000000E-30
    358  1.645369737572E-01  1.353646E-12  2.729688E-06  5.151079E-09  3.626778E-06  7.154434E-11  3.081074E-09  1.755507E-15  1.000000E-30
    359  1.651200899964E-01  1.180907E-12  2.619761E-06  5.132088E-09  4.079077E-06  8.127211E-11  3.891469E-09  2.185572E-15  1.000000E-30
    360  1.656939516385E-01  1.042295E-12  2.494619E-06  5.071675E-09  4.548742E-06  9.153483E-11  4.870229E-09  2.696777E-15  1.000000E-30
    361  1.664404283242E-01  9.100714E-13  2.314509E-06  4.940260E-09  5.187486E-06  1.057677E-10  6.458620E-09  3.510914E-15  1.000000E-30
    362  1.671401020014E-01  8.271324E-13  2.133149E-06  4.767803E-09  5.808435E-06  1.199190E-10  8.338842E-09  4.455173E-15  1.000000E-30
    363  1.682228463170E-01  7.596009E-13  1.839976E-06  4.420102E-09  6.797281E-06  1.431336E-10  1.219863E-08  6.344688E-15  1.000000E-30
    364  1.688914277275E-01  7.494573E-13  1.660675E-06  4.173136E-09  7.413454E-06  1.580616E-10  1.528405E-08  7.818525E-15  1.000000E-30
    365  1.695862681704E-01  7.573640E-13  1.477981E-06  3.893651E-09  8.054085E-06  1.739869E-10  1.921453E-08  9.660706E-15  1.000000E-30
    366  1.708796298676E-01  8.145164E-13  1.165059E-06  3.355016E-09  9.223527E-06  2.042787E-10  2.893507E-08  1.408631E-14  1.000000E-30
    367  1.720689125062E-01  9.019833E-13  9.139190E-07  2.859997E-09  1.025693E-05  2.325729E-10  4.155882E-08  1.963899E-14  1.000000E-30
    368  1.730357271347E-01  9.917210E-13  7.399526E-07  2.479818E-09  1.105487E-05  2.556141E-10  5.526061E-08  2.548836E-14  1.000000E-30
    369  1.739185931198E-01  1.085076E-12  6.035376E-07  2.154817E-09  1.174566E-05  2.765702E-10  7.129185E-08  3.216080E-14  1.000000E-30
    370  1.748109107026E-01  1.188882E-12  4.871557E-07  1.855515E-09  1.240219E-05  2.975416E-10  9.171371E-08  4.045333E-14  1.000000E-30
    371  1.757092013639E-01  1.301622E-12  3.888075E-07  1.581694E-09  1.301840E-05  3.183641E-10  1.177483E-07  5.077086E-14  1.000000E-30
    372  1.765567714958E-01  1.414830E-12  3.124152E-07  1.353264E-09  1.355509E-05  3.376329E-10  1.483827E-07  6.261991E-14  1.000000E-30
    373  1.775373762473E-01  1.553189E-12  2.400409E-07  1.118994E-09  1.411952E-05  3.593728E-10  1.933592E-07  7.959063E-14  1.000000E-30
    374  1.784803688374E-01  1.693057E-12  1.851376E-07  9.269536E-10  1.460118E-05  3.795719E-10  2.482379E-07  9.974993E-14  1.000000E-30
    375  1.795112536071E-01  1.852803E-12  1.378830E-07  7.471219E-10  1.505533E-05  4.006972E-10  3.253335E-07  1.273235E-13  1.000000E-30
    376  1.804824008025E-01  2.009136E-12  1.038164E-07  6.065388E-10  1.540968E-05  4.194999E-10  4.177958E-07  1.594835E-13  1.000000E-30
    377  1.815169070317E-01  2.181127E-12  7.595022E-08  4.813025E-10  1.570294E-05  4.381035E-10  5.439090E-07  2.021719E-13  1.000000E-30
    378  1.825428215499E-01  2.356513E-12  5.534299E-08  3.805103E-10  1.590238E-05  4.548212E-10  7.029196E-07  2.544591E-13  1.000000E-30
    379  1.841355644659E-01  2.636652E-12  3.330060E-08  2.603710E-10  1.601286E-05  4.764437E-10  1.037816E-06  3.605471E-13  1.000000E-30
    380  1.856860183354E-01  2.916508E-12  1.993482E-08  1.770353E-10  1.586025E-05  4.909689E-10  1.497198E-06  4.996491E-13  1.000000E-30
    381  1.870847965371E-01  3.173401E-12  1.238383E-08  1.235570E-10  1.547576E-05  4.969732E-10  2.053836E-06  6.609197E-13  1.000000E-30
    382  1.883699545972E-01  3.412054E-12  7.931068E-09  8.815510E-11  1.489797E-05  4.952242E-10  2.704033E-06  8.414472E-13  1.000000E-30
    383  1.895671856375E-01  3.635991E-12  5.205830E-09  6.401736E-11  1.415441E-05  4.862271E-10  3.442106E-06  1.038063E-12  1.000000E-30
    384  1.907324824205E-01  3.855044E-12  3.457387E-09  4.690424E-11  1.324661E-05  4.701394E-10  4.277704E-06  1.251169E-12  1.000000E-30
    385  1.917913284253E-01  4.054809E-12  2.401561E-09  3.559016E-11  1.227509E-05  4.490251E-10  5.127026E-06  1.458320E-12  1.000000E-30
    386  1.928179034582E-01  4.249060E-12  1.705388E-09  2.749242E-11  1.122183E-05  4.229168E-10  6.011469E-06  1.664118E-12  1.000000E-30
    387  1.939781308337E-01  4.469281E-12  1.190210E-09  2.104955E-11  9.938065E-06  3.876059E-10  7.046767E-06  1.891610E-12  1.000000E-30
    388  1.950365569225E-01  4.670894E-12  8.845819E-10  1.697239E-11  8.720963E-06  3.511476E-10  7.986926E-06  2.084447E-12  1.000000E-30
    389  1.963061656501E-01  4.913852E-12  6.525074E-10  1.375705E-11  7.271409E-06  3.044078E-10  9.046853E-06  2.282359E-12  1.000000E-30
    390  1.975160386553E-01  5.146830E-12  5.154218E-10  1.185908E-11  5.959521E-06  2.591120E-10  9.937077E-06  2.426933E-12  1.000000E-30
    391  1.988970783448E-01  5.415028E-12  4.172336E-10  1.059371E-11  4.613345E-06  2.096253E-10  1.075416E-05  2.530624E-12  1.000000E-30
    392  2.001908516564E-01  5.669067E-12  3.579618E-10  9.968325E-12  3.539150E-06  1.677443E-10  1.129950E-05  2.567527E-12  1.000000E-30
    393  2.023233395230E-01  6.095467E-12  2.957262E-10  9.596345E-12  2.191505E-06  1.115570E-10  1.173880E-05  2.517019E-12  1.000000E-30
    394  2.035207364909E-01  6.340104E-12  2.713590E-10  9.592681E-12  1.650119E-06  8.752285E-11  1.176578E-05  2.441484E-12  1.000000E-30
    395  2.047171141817E-01  6.589038E-12  2.514630E-10  9.674468E-12  1.239117E-06  6.852870E-11  1.166864E-05  2.343003E-12  1.000000E-30
    396  2.061861175315E-01  6.901765E-12  2.313540E-10  9.855993E-12  8.781183E-07  5.117281E-11  1.142135E-05  2.202152E-12  1.000000E-30
    397  2.075162532616E-01  7.192547E-12  2.162126E-10  1.007596E-11  6.550784E-07  4.006586E-11  1.111390E-05  2.065156E-12  1.000000E-30
    398  2.088103947538E-01  7.483244E-12  2.036786E-10  1.032890E-11  5.065756E-07  3.250382E-11  1.076805E-05  1.929893E-12  1.000000E-30
    399  2.102374295066E-01  7.813616E-12  1.919460E-10  1.064467E-11  3.978670E-07  2.694153E-11  1.035857E-05  1.783614E-12  1.000000E-30
    400  2.116254943500E-01  8.145773E-12  1.823351E-10  1.098391E-11  3.295241E-07  2.353922E-11  9.950812E-06  1.647570E-12  1.000000E-30
    401  2.137594200207E-01  8.679297E-12  1.705144E-10  1.155974E-11  2.681552E-07  2.084086E-11  9.333740E-06  1.454437E-12  1.000000E-30
    402  2.149968302441E-01  9.002480E-12  1.651043E-10  1.192133E-11  2.470488E-07  2.018715E-11  8.990244E-06  1.352157E-12  1.000000E-30
    403  2.163578604848E-01  9.370575E-12  1.602374E-10  1.234112E-11  2.309169E-07  1.995889E-11  8.628670E-06  1.247918E-12  1.000000E-30
    404  2.188327022992E-01  1.007634E-11  1.540173E-10  1.316164E-11  2.122133E-07  2.037127E-11  8.019421E-06  1.079428E-12  1.000000E-30
    405  2.210861741802E-01  1.076312E-11  1.509598E-10  1.397145E-11  2.008845E-07  2.128434E-11  7.519742E-06  9.474606E-13  1.000000E-30
    406  2.231360986547E-01  1.142721E-11  1.500830E-10  1.475973E-11  1.924661E-07  2.236784E-11  7.108835E-06  8.429760E-13  1.000000E-30
    407  2.249661932162E-01  1.205372E-11  1.506761E-10  1.550538E-11  1.855454E-07  2.347027E-11  6.774733E-06  7.606729E-13  1.000000E-30
    408  2.266023391923E-01  1.264216E-11  1.522085E-10  1.620609E-11  1.795238E-07  2.453886E-11  6.500280E-06  6.948349E-13  1.000000E-30
    409  2.291569547831E-01  1.361744E-11  1.563182E-10  1.736635E-11  1.701589E-07  2.633973E-11  6.113577E-06  6.047721E-13  1.000000E-30
    410  2.305971902523E-01  1.419924E-11  1.594862E-10  1.805719E-11  1.648439E-07  2.742071E-11  5.916138E-06  5.600019E-13  1.000000E-30
    411  2.319348711247E-01  1.476123E-11  1.629366E-10  1.872331E-11  1.598748E-07  2.846593E-11  5.744948E-06  5.218439E-13  1.000000E-30
    412  2.335360820165E-01  1.546236E-11  1.676738E-10  1.955251E-11  1.538891E-07  2.976931E-11  5.554406E-06  4.800874E-13  1.000000E-30
    413  2.351317971316E-01  1.619304E-11  1.730182E-10  2.041440E-11  1.478928E-07  3.112542E-11  5.378974E-06  4.423017E-13  1.000000E-30
    414  2.376293164755E-01  1.740371E-11  1.825551E-10  2.183721E-11  1.384801E-07  3.336518E-11  5.130752E-06  3.898990E-13  1.000000E-30
    415  2.399259738388E-01  1.859291E-11  1.925107E-10  2.322843E-11  1.298437E-07  3.555537E-11  4.927986E-06  3.479909E-13  1.000000E-30
    416  2.420046682363E-01  1.973533E-11  2.024481E-10  2.455913E-11  1.220888E-07  3.764972E-11  4.763188E-06  3.145042E-13  1.000000E-30
    417  2.451201276448E-01  2.157194E-11  2.189195E-10  2.668701E-11  1.106662E-07  4.099656E-11  4.545490E-06  2.710196E-13  1.000000E-30
    418  2.467564269033E-01  2.259944E-11  2.283081E-10  2.787160E-11  1.048013E-07  4.285852E-11  4.443642E-06  2.509553E-13  1.000000E-30
    419  2.483354027874E-01  2.363395E-11  2.378424E-10  2.906019E-11  9.925177E-08  4.472578E-11  4.352650E-06  2.331738E-13  1.000000E-30
    420  2.499258654919E-01  2.472022E-11  2.479152E-10  3.030403E-11  9.378655E-08  4.667867E-11  4.267641E-06  2.166804E-13  1.000000E-30
    421  2.515152656983E-01  2.585169E-11  2.584524E-10  3.159519E-11  8.846446E-08  4.870464E-11  4.188803E-06  2.014852E-13  1.000000E-30
    422  2.542060864984E-01  2.787653E-11  2.773740E-10  3.389502E-11  7.980937E-08  5.231083E-11  4.067868E-06  1.783633E-13  1.000000E-30
    423  2.556901221114E-01  2.905460E-11  2.884006E-10  3.522702E-11  7.524479E-08  5.439785E-11  4.007237E-06  1.668586E-13  1.000000E-30
    424  2.570805114381E-01  3.019955E-11  2.991197E-10  3.651748E-11  7.111226E-08  5.641865E-11  3.953960E-06  1.568008E-13  1.000000E-30
    425  2.598984391343E-01  3.264760E-11  3.220239E-10  3.926376E-11  6.318839E-08  6.071749E-11  3.855401E-06  1.383357E-13  1.000000E-30
    426  2.622653138568E-01  3.484237E-11  3.425222E-10  4.171181E-11  5.702260E-08  6.454685E-11  3.781230E-06  1.245837E-13  1.000000E-30
    427  2.644885215151E-01  3.702568E-11  3.628670E-10  4.413464E-11  5.165327E-08  6.833547E-11  3.717774E-06  1.129434E-13  1.000000E-30
    428  2.667229470066E-01  3.934504E-11  3.844231E-10  4.669564E-11  4.667630E-08  7.233957E-11  3.659312E-06  1.023501E-13  1.000000E-30
    429  2.687894382327E-01  4.160723E-11  4.053894E-10  4.918153E-11  4.244935E-08  7.622630E-11  3.609417E-06  9.343567E-14  1.000000E-30
    430  2.709436570286E-01  4.409127E-11  4.283452E-10  5.189826E-11  3.842528E-08  8.047454E-11  3.561162E-06  8.495457E-14  1.000000E-30
    431  2.728595154549E-01  4.641341E-11  4.497431E-10  5.442635E-11  3.516976E-08  8.442873E-11  3.521098E-06  7.804267E-14  1.000000E-30
    432  2.763050324764E-01  5.087276E-11  4.906745E-10  5.925175E-11  3.005827E-08  9.198028E-11  3.454857E-06  6.694248E-14  1.000000E-30
    433  2.797281875476E-01  5.568791E-11  5.346511E-10  6.442201E-11  2.588031E-08  1.000817E-10  3.395235E-06  5.739925E-14  1.000000E-30
    434  2.831107064370E-01  6.085209E-11  5.815823E-10  6.992463E-11  2.257002E-08  1.087159E-10  3.341218E-06  4.922199E-14  1.000000E-30
    435  2.863632962154E-01  6.622755E-11  6.302003E-10  7.560964E-11  2.008701E-08  1.176510E-10  3.292979E-06  4.237845E-14  1.000000E-30
    436  2.894106333807E-01  7.165432E-11  6.790629E-10  8.130828E-11  1.832221E-08  1.266219E-10  3.250447E-06  3.676128E-14  1.000000E-30
    437  2.941185503109E-01  8.084092E-11  7.613281E-10  9.087060E-11  1.653143E-08  1.417089E-10  3.188676E-06  2.938827E-14  1.000000E-30
    438  2.983685787405E-01  9.004387E-11  8.432345E-10  1.003540E-10  1.574442E-08  1.567160E-10  3.135980E-06  2.389544E-14  1.000000E-30
    439  3.021949729112E-01  9.913552E-11  9.237121E-10  1.096384E-10  1.559430E-08  1.714363E-10  3.090298E-06  1.974856E-14  1.000000E-30
    440  3.059150641439E-01  1.087680E-10  1.008553E-09  1.193928E-10  1.587098E-08  1.869368E-10  3.046998E-06  1.633855E-14  1.000000E-30
    441  3.094680949786E-01  1.187552E-10  1.096104E-09  1.294253E-10  1.646209E-08  2.029083E-10  3.006321E-06  1.357623E-14  1.000000E-30
    442  3.127856926026E-01  1.288263E-10  1.184003E-09  1.394660E-10  1.725908E-08  2.189162E-10  2.968702E-06  1.137594E-14  1.000000E-30
    443  3.178598433803E-01  1.457374E-10  1.330822E-09  1.561726E-10  1.886457E-08  2.455938E-10  2.911437E-06  8.613734E-15  1.000000E-30
    444  3.224504526026E-01  1.627488E-10  1.477631E-09  1.728053E-10  2.066122E-08  2.721888E-10  2.859558E-06  6.640839E-15  1.000000E-30
    445  3.266870398371E-01  1.800277E-10  1.625949E-09  1.895433E-10  2.257391E-08  2.989730E-10  2.811374E-06  5.184072E-15  1.000000E-30
    446  3.305577136787E-01  1.972527E-10  1.773084E-09  2.060898E-10  2.451950E-08  3.254589E-10  2.766959E-06  4.106817E-15  1.000000E-30
    447  3.362681054783E-01  2.254045E-10  2.012184E-09  2.328718E-10  2.772299E-08  3.683205E-10  2.700577E-06  2.876827E-15  1.000000E-30
    448  3.414589872690E-01  2.541096E-10  2.254405E-09  2.598888E-10  3.098065E-08  4.115211E-10  2.639235E-06  2.053933E-15  1.000000E-30
    449  3.462773530350E-01  2.836838E-10  2.502486E-09  2.874608E-10  3.430954E-08  4.555441E-10  2.581403E-06  1.484303E-15  1.000000E-30
    450  3.508856189623E-01  3.148579E-10  2.762524E-09  3.162745E-10  3.778238E-08  5.014569E-10  2.525296E-06  1.075637E-15  1.000000E-30
    451  3.552628710565E-01  3.473181E-10  3.031833E-09  3.460398E-10  4.135813E-08  5.487666E-10  2.471313E-06  7.836693E-16  1.000000E-30
    452  3.595141079779E-01  3.817248E-10  3.315799E-09  3.773601E-10  4.510465E-08  5.983977E-10  2.418288E-06  5.701599E-16  1.000000E-30
    453  3.636744849418E-01  4.183668E-10  3.616644E-09  4.104878E-10  4.904748E-08  6.507080E-10  2.365881E-06  4.133121E-16  1.000000E-30
    454  3.676260234901E-01  4.561011E-10  3.924879E-09  4.443885E-10  5.305973E-08  7.040259E-10  2.315689E-06  3.014755E-16  1.000000E-30
    455  3.714655117309E-01  4.957038E-10  4.246759E-09  4.797630E-10  5.722096E-08  7.594165E-10  2.266584E-06  2.197469E-16  1.000000E-30
    456  3.752653942304E-01  5.379530E-10  4.588423E-09  5.172988E-10  6.160708E-08  8.179026E-10  2.217714E-06  1.591458E-16  1.000000E-30
    457  3.809506426681E-01  6.073042E-10  5.145633E-09  5.785257E-10  6.869486E-08  9.126325E-10  2.144205E-06  9.637119E-17  1.000000E-30
    458  3.865190953769E-01  6.830252E-10  5.749193E-09  6.449182E-10  7.628493E-08  1.014370E-09  2.071906E-06  5.762830E-17  1.000000E-30
    459  3.928522091207E-01  7.795263E-10  6.511594E-09  7.289791E-10  8.574935E-08  1.141649E-09  1.989526E-06  3.118610E-17  1.000000E-30
    460  3.991093841216E-01  8.869162E-10  7.351654E-09  8.219584E-10  9.602651E-08  1.280370E-09  1.908192E-06  1.646163E-17  1.000000E-30
    461  4.054183851758E-01  1.008692E-09  8.294291E-09  9.268510E-10  1.073785E-07  1.434205E-09  1.826457E-06  8.349362E-18  1.000000E-30
    462  4.147392755742E-01  1.216681E-09  9.881425E-09  1.105070E-09  1.260836E-07  1.689029E-09  1.706621E-06  2.862417E-18  1.000000E-30
    463  4.232199499949E-01  1.439205E-09  1.155004E-08  1.294957E-09  1.452217E-07  1.951432E-09  1.598965E-06  1.000558E-18  1.000000E-30
    464  4.316976825025E-01  1.698292E-09  1.345747E-08  1.515551E-09  1.664656E-07  2.244629E-09  1.493048E-06  3.223439E-19  1.000000E-30
    465  4.393401554526E-01  1.967807E-09  1.540396E-08  1.744848E-09  1.874728E-07  2.536475E-09  1.399299E-06  1.082396E-19  1.000000E-30
    466  4.465935084243E-01  2.259378E-09  1.746973E-08  1.993077E-09  2.090465E-07  2.838100E-09  1.312046E-06  3.596312E-20  1.000000E-30
    467  4.537106765818E-01  2.583658E-09  1.972157E-08  2.269608E-09  2.317393E-07  3.157372E-09  1.228226E-06  1.116787E-20  1.000000E-30
    468  4.602314649238E-01  2.917940E-09  2.199587E-08  2.555366E-09  2.538069E-07  3.469720E-09  1.153119E-06  3.749191E-21  1.000000E-30
    469  4.709552966107E-01  3.555973E-09  2.621519E-08  3.103104E-09  2.925458E-07  4.022159E-09  1.033405E-06  4.337040E-22  1.000000E-30
    470  4.769745726746E-01  3.968702E-09  2.886646E-08  3.459128E-09  3.154683E-07  4.351269E-09  9.684331E-07  1.643060E-22  1.000000E-30
    471  4.828178172001E-01  4.411821E-09  3.165020E-08  3.842832E-09  3.383949E-07  4.681848E-09  9.069904E-07  4.359827E-23  1.000000E-30
    472  4.927188450138E-01  5.270406E-09  3.687479E-08  4.590252E-09  3.783858E-07  5.261044E-09  8.067588E-07  4.782816E-24  1.000000E-30
    473  5.000000000000E-01  6.000155E-09  4.115639E-08  5.229011E-09  4.083367E-07  5.695963E-09  7.363460E-07  7.509495E-25  1.000000E-30
