 *                                      
 * expansion:  temp0=  1.000E+10 den0=  3.000E+06 temp_stop=  1.000E+07
 *          time                cr51          cr52          cr53          cr54          cr55          cr56          cr57          cr58 
      1  0.000000000000E+00  1.000000E-30  1.000000E-30  1.000000E-30  1.000000E-30  1.000000E-30  1.000000E-30  1.000000E-30  1.000000E-30
      2  1.000000000000E-16  1.215090E-30  1.119810E-30  1.029211E-30  1.006972E-30  1.000000E-30  1.002344E-30  1.000000E-30  1.000000E-30
      3  6.264265632874E-16  2.694744E-30  2.092996E-30  1.279557E-30  1.059474E-30  1.000138E-30  1.014472E-30  1.000000E-30  1.000000E-30
      4  2.206990590178E-15  7.337902E-30  7.195585E-30  3.118223E-30  1.515255E-30  1.025008E-30  1.049055E-30  1.000112E-30  1.000000E-30
      5  6.425069294186E-15  1.419889E-29  2.340815E-29  1.396949E-29  5.458076E-30  1.467917E-30  1.139975E-30  1.003153E-30  1.004982E-30
      6  1.724777641531E-14  1.975530E-29  6.002268E-29  5.920654E-29  2.527122E-29  5.659042E-30  1.517823E-30  1.048803E-30  1.049935E-30
      7  4.527785414179E-14  2.594763E-29  1.371408E-28  2.086266E-28  8.712818E-29  2.951196E-29  3.979779E-30  1.483782E-30  1.183833E-30
      8  1.231582592127E-13  5.197123E-29  4.036018E-28  7.949054E-28  3.291240E-28  1.401109E-28  1.790642E-29  3.962332E-30  1.395733E-30
      9  4.001734798240E-13  1.977697E-28  1.766329E-27  3.660589E-27  1.434244E-27  6.088250E-28  7.833427E-29  1.393824E-29  1.964932E-30
     10  1.150918682670E-12  3.951350E-28  3.682647E-27  7.561521E-27  2.850289E-27  1.181477E-27  1.521995E-28  2.542400E-29  2.538418E-30
     11  2.802808442389E-12  2.577683E-28  2.409879E-27  4.979879E-27  1.889545E-27  7.895086E-28  1.024206E-28  1.755098E-29  2.133276E-30
     12  6.912921996243E-12  1.593763E-28  1.492461E-27  3.076799E-27  1.159328E-27  4.827994E-28  6.334881E-29  1.119313E-29  1.756096E-30
     13  1.659368270033E-11  1.036144E-29  9.793203E-29  2.023958E-28  7.593739E-29  3.223267E-29  5.449205E-30  1.720489E-30  1.118512E-30
     14  1.134012897413E-10  1.820792E-30  1.738375E-29  3.633719E-29  1.380560E-29  5.937007E-30  1.000000E-30  1.000000E-30  1.000000E-30
     15  1.081477360150E-09  1.000000E-30  7.203751E-30  1.505478E-29  5.711996E-30  2.449467E-30  1.000000E-30  1.000000E-30  1.000000E-30
     16  1.076223806424E-08  1.000000E-30  1.000000E-30  1.780382E-30  1.000000E-30  1.000000E-30  1.000000E-30  1.000000E-30  1.000000E-30
     17  6.834096797002E-08  1.000000E-30  1.000000E-30  1.000000E-30  1.000000E-30  1.000000E-30  1.000000E-30  1.000000E-30  1.000000E-30
     18  2.542122411654E-07  1.000000E-30  1.000000E-30  1.000000E-30  1.000000E-30  1.000000E-30  1.000000E-30  1.000000E-30  1.000000E-30
     19  7.007518887657E-07  1.000000E-30  1.000000E-30  1.000000E-30  1.000000E-30  1.000000E-30  1.000000E-30  1.000000E-30  1.000000E-30
     20  1.724661805125E-06  1.000000E-30  1.000000E-30  1.000000E-30  1.000000E-30  1.000000E-30  1.000000E-30  1.000000E-30  1.000000E-30
     21  4.267664185819E-06  1.000000E-30  1.000000E-30  1.000000E-30  1.000000E-30  1.000000E-30  1.000000E-30  1.000000E-30  1.000000E-30
     22  1.786211798807E-05  1.000000E-30  1.000000E-30  1.000000E-30  1.000000E-30  1.000000E-30  1.000000E-30  1.000000E-30  1.000000E-30
     23  6.929007850093E-05  1.000000E-30  1.000000E-30  1.000000E-30  1.000000E-30  1.000000E-30  1.000000E-30  1.000000E-30  1.000000E-30
     24  5.835696836295E-04  1.000000E-30  1.000000E-30  1.000000E-30  1.000000E-30  1.000000E-30  1.000000E-30  1.000000E-30  1.000000E-30
     25  1.496090518789E-03  1.000000E-30  1.000000E-30  1.000000E-30  1.000000E-30  1.000000E-30  1.000000E-30  1.000000E-30  1.000000E-30
     26  2.379765156362E-03  1.000000E-30  1.000000E-30  1.000000E-30  1.000000E-30  1.000000E-30  1.000000E-30  1.000000E-30  1.000000E-30
     27  3.772948503579E-03  1.000000E-30  1.000000E-30  1.000000E-30  1.000000E-30  1.000000E-30  1.000000E-30  1.000000E-30  1.000000E-30
     28  4.957278025650E-03  1.000000E-30  1.000000E-30  1.000000E-30  1.000000E-30  1.000000E-30  1.000000E-30  1.000000E-30  1.000000E-30
     29  5.758110286319E-03  1.000000E-30  1.000000E-30  1.000000E-30  1.000000E-30  1.000000E-30  1.000000E-30  1.000000E-30  1.000000E-30
     30  6.636115041812E-03  1.000000E-30  1.000000E-30  1.000000E-30  1.000000E-30  1.000000E-30  1.000000E-30  1.000000E-30  1.000000E-30
     31  7.490864585256E-03  1.000000E-30  1.000000E-30  1.000000E-30  1.000000E-30  1.000000E-30  1.000000E-30  1.000000E-30  1.000000E-30
     32  8.026631019591E-03  1.000000E-30  1.000000E-30  1.000000E-30  1.000000E-30  1.000000E-30  1.000000E-30  1.000000E-30  1.000000E-30
     33  8.451616658664E-03  1.000000E-30  1.000000E-30  1.000000E-30  1.000000E-30  1.000000E-30  1.000000E-30  1.000000E-30  1.000000E-30
     34  9.803471762980E-03  1.000000E-30  1.000000E-30  1.000000E-30  1.000000E-30  1.000000E-30  1.000000E-30  1.000000E-30  1.000000E-30
     35  1.116687552369E-02  1.000000E-30  1.000000E-30  1.000000E-30  1.000000E-30  1.000000E-30  1.000000E-30  1.000000E-30  1.000000E-30
     36  1.219012310682E-02  1.000000E-30  1.000000E-30  1.000000E-30  1.000000E-30  1.000000E-30  1.000000E-30  1.000000E-30  1.000000E-30
     37  1.314647137106E-02  1.000000E-30  1.000000E-30  1.000000E-30  1.000000E-30  1.000000E-30  1.000000E-30  1.000000E-30  1.000000E-30
     38  1.431720408173E-02  1.000000E-30  1.000000E-30  1.000000E-30  1.000000E-30  1.000000E-30  1.000000E-30  1.000000E-30  1.000000E-30
     39  1.545287753035E-02  1.000000E-30  1.000000E-30  1.000000E-30  1.000000E-30  1.000000E-30  1.000000E-30  1.000000E-30  1.000000E-30
     40  1.716820108076E-02  1.000000E-30  1.000000E-30  1.000000E-30  1.000000E-30  1.000000E-30  1.000000E-30  1.000000E-30  1.000000E-30
     41  1.871872199221E-02  1.000000E-30  1.000000E-30  1.000000E-30  1.000000E-30  1.000000E-30  1.000000E-30  1.000000E-30  1.000000E-30
     42  2.131412024987E-02  1.000000E-30  1.000000E-30  2.068842E-30  9.572982E-30  1.000000E-30  1.000000E-30  1.000000E-30  1.000000E-30
     43  2.288535686070E-02  7.427187E-30  2.041875E-28  3.121698E-28  2.936264E-28  2.762266E-29  2.761026E-30  1.000000E-30  1.000000E-30
     44  2.437102778700E-02  5.158576E-29  1.255923E-27  2.088260E-27  2.314796E-27  2.702726E-28  3.579945E-29  1.168766E-30  1.000000E-30
     45  2.666254430666E-02  2.582150E-27  1.550530E-25  3.670469E-25  5.162231E-25  5.174121E-26  1.000000E-30  1.000000E-30  1.000000E-30
     46  2.807329513827E-02  2.479066E-26  2.162432E-24  6.930932E-24  1.522977E-23  2.593627E-24  3.431611E-25  1.244228E-26  3.913697E-28
     47  2.946719119355E-02  2.742917E-25  3.686117E-23  1.346132E-22  3.368111E-22  6.131607E-23  8.654520E-24  3.208708E-25  1.012724E-26
     48  2.982466835475E-02  4.671955E-25  8.104165E-23  3.435218E-22  1.073164E-21  2.349340E-22  4.530933E-23  2.124681E-24  1.027738E-25
     49  3.017238950627E-02  8.835757E-25  1.717011E-22  7.546723E-22  2.485857E-21  5.627233E-22  1.136079E-22  5.487636E-24  2.789928E-25
     50  3.052509122072E-02  1.672356E-24  3.647000E-22  1.660484E-21  5.739260E-21  1.337805E-21  2.802782E-22  1.384676E-23  7.282892E-25
     51  3.066477686677E-02  2.152515E-24  4.903867E-22  2.263272E-21  7.973222E-21  1.880240E-21  3.997667E-22  1.992792E-23  1.062458E-24
     52  3.080037159611E-02  2.754090E-24  6.544644E-22  3.060555E-21  1.098488E-20  2.620024E-21  5.651443E-22  2.842008E-23  1.535467E-24
     53  3.111325257314E-02  4.864492E-24  1.270424E-21  6.121702E-21  2.294191E-20  5.617734E-21  1.252948E-21  6.430283E-23  3.582691E-24
     54  3.147800645819E-02  9.396467E-24  2.722981E-21  1.357708E-20  5.351876E-20  1.351456E-20  3.134627E-21  1.647501E-22  9.516190E-24
     55  3.181357346897E-02  1.710118E-23  5.423309E-21  2.788945E-20  1.151863E-19  2.992596E-20  7.197506E-21  3.867175E-22  2.309589E-23
     56  3.217197145871E-02  3.214016E-23  1.116450E-20  5.931564E-20  2.575392E-19  6.898201E-20  1.724958E-20  9.489851E-22  5.874416E-23
     57  3.249951277145E-02  5.673572E-23  2.133058E-20  1.167280E-19  5.306095E-19  1.461620E-19  3.788209E-20  2.129902E-21  1.362681E-22
     58  3.262595809504E-02  7.050730E-23  2.730217E-20  1.511099E-19  6.991442E-19  1.946755E-19  5.115660E-20  2.900427E-21  1.879357E-22
     59  3.272641576722E-02  8.386027E-23  3.324246E-20  1.856629E-19  8.712542E-19  2.447020E-19  6.501679E-20  3.711028E-21  2.429160E-22
     60  3.304841700500E-02  1.455915E-22  6.210430E-20  3.570871E-19  1.753710E-18  5.064155E-19  1.394235E-19  8.131329E-21  5.499544E-22
     61  3.362823507679E-02  3.864472E-22  1.869875E-19  1.133134E-18  6.045283E-18  1.836406E-18  5.396688E-19  3.274552E-20  2.352702E-21
     62  3.417743618412E-02  9.587296E-22  5.195022E-19  3.308115E-18  1.907347E-17  6.074994E-18  1.896814E-18  1.193831E-19  9.066447E-21
     63  3.448472684867E-02  1.585160E-21  9.139767E-19  5.986905E-18  3.608059E-17  1.180718E-17  3.817031E-18  2.453399E-19  1.923641E-20
     64  3.459225947862E-02  1.889342E-21  1.112884E-18  7.361978E-18  4.505612E-17  1.488388E-17  4.870325E-18  3.153417E-19  2.500241E-20
     65  3.468161085917E-02  2.186896E-21  1.311266E-18  8.746085E-18  5.422055E-17  1.805273E-17  5.967359E-18  3.887427E-19  3.111060E-20
     66  3.501586344154E-02  3.772692E-21  2.416255E-18  1.662362E-17  1.081581E-16  3.709057E-17  1.273553E-17  8.489245E-19  7.035642E-20
     67  3.563385967804E-02  1.024438E-20  7.394661E-18  5.392482E-17  3.841296E-16  1.392641E-16  5.139189E-17  3.578465E-18  3.170871E-19
     68  3.619390900501E-02  2.513905E-20  2.015552E-17  1.549354E-16  1.196474E-15  4.557102E-16  1.791773E-16  1.296161E-17  1.217108E-18
     69  3.661379630041E-02  4.908374E-20  4.255451E-17  3.405954E-16  2.797402E-15  1.106458E-15  4.567795E-16  3.402877E-17  3.342035E-18
     70  3.704099468238E-02  9.673197E-20  9.074958E-17  7.571607E-16  6.623546E-15  2.722931E-15  1.181630E-15  9.071217E-17  9.327197E-18
     71  3.731378163516E-02  1.486156E-19  1.465649E-16  1.256070E-15  1.144127E-14  4.821359E-15  2.160226E-15  1.690551E-16  1.789927E-17
     72  3.757630769329E-02  2.237968E-19  2.314777E-16  2.035963E-15  1.928395E-14  8.323360E-15  3.846928E-15  3.067345E-16  3.341929E-17
     73  3.788075418501E-02  3.578237E-19  3.909196E-16  3.544067E-15  3.512565E-14  1.558882E-14  7.469440E-15  6.086390E-16  6.855110E-17
     74  3.819794660071E-02  5.792641E-19  6.695735E-16  6.266394E-15  6.512013E-14  2.975355E-14  1.480446E-14  1.234010E-15  1.438997E-16
     75  3.838080203158E-02  7.617999E-19  9.093916E-16  8.668884E-15  9.258215E-14  4.301705E-14  2.187498E-14  1.847397E-15  2.197908E-16
     76  3.859219912978E-02  1.044020E-18  1.293649E-15  1.259938E-14  1.389077E-13  6.581286E-14  3.432525E-14  2.943292E-15  3.584319E-16
     77  3.884096228080E-02  1.504620E-18  1.947339E-15  1.945371E-14  2.226750E-13  1.079570E-13  5.801404E-14  5.064656E-15  6.339790E-16
     78  3.907668434759E-02  2.114996E-18  2.851461E-15  2.918328E-14  3.461540E-13  1.715306E-13  9.483203E-14  8.421297E-15  1.082083E-15
     79  3.934936577490E-02  3.112975E-18  4.397908E-15  4.629587E-14  5.722945E-13  2.908779E-13  1.662052E-13  1.505460E-14  1.994074E-15
     80  3.961640452516E-02  4.508927E-18  6.664649E-15  7.213032E-14  9.285410E-13  4.838510E-13  2.855694E-13  2.637446E-14  3.599279E-15
     81  3.991996766101E-02  6.802241E-18  1.057646E-14  1.181581E-13  1.593012E-12  8.540319E-13  5.230340E-13  4.939048E-14  6.973827E-15
     82  4.019473378510E-02  9.775848E-18  1.589909E-14  1.828273E-13  2.570393E-12  1.414025E-12  8.955496E-13  8.628902E-14  1.256667E-14
     83  4.046928694587E-02  1.392897E-17  2.367734E-14  2.802992E-13  4.110009E-12  2.320211E-12  1.519765E-12  1.494204E-13  2.244592E-14
     84  4.074955599116E-02  1.980224E-17  3.517936E-14  4.290922E-13  6.569101E-12  3.808080E-12  2.582040E-12  2.591767E-13  4.019343E-14
     85  4.099011663524E-02  2.654874E-17  4.892852E-14  6.123650E-13  9.729239E-12  5.770169E-12  4.030558E-12  4.118556E-13  6.564687E-14
     86  4.118445936105E-02  3.343552E-17  6.341562E-14  8.104210E-13  1.326828E-11  8.015755E-12  5.735594E-12  5.946034E-13  9.690237E-14
     87  4.137235583218E-02  4.156167E-17  8.096992E-14  1.055922E-12  1.779777E-11  1.094637E-11  8.017607E-12  8.428947E-13  1.403554E-13
     88  4.152714488067E-02  4.951783E-17  9.854221E-14  1.306743E-12  2.256004E-11  1.408184E-11  1.051485E-11  1.118276E-12  1.895487E-13
     89  4.165981986900E-02  5.737123E-17  1.161900E-13  1.563040E-12  2.754609E-11  1.741357E-11  1.321963E-11  1.419953E-12  2.443845E-13
     90  4.188596337322E-02  7.328114E-17  1.526539E-13  2.104527E-12  3.841579E-11  2.481700E-11  1.938051E-11  2.117312E-12  3.740376E-13
     91  4.208159634323E-02  9.003527E-17  1.917933E-13  2.700851E-12  5.082524E-11  3.345617E-11  2.677574E-11  2.968557E-12  5.364133E-13
     92  4.230932596557E-02  1.137414E-16  2.479857E-13  3.579703E-12  6.980283E-11  4.696717E-11  3.868144E-11  4.362771E-12  8.094572E-13
     93  4.251598135750E-02  1.399744E-16  3.107165E-13  4.587246E-12  9.239458E-11  6.342094E-11  5.361274E-11  6.141991E-12  1.167304E-12
     94  4.274368410830E-02  1.751790E-16  3.949645E-13  5.977144E-12  1.247729E-10  8.755457E-11  7.617857E-11  8.879096E-12  1.732960E-12
     95  4.294191711445E-02  2.124417E-16  4.834515E-13  7.475162E-12  1.609874E-10  1.151603E-10  1.027501E-10  1.215791E-11  2.428595E-12
     96  4.316569238790E-02  2.637996E-16  6.033016E-13  9.556281E-12  2.131929E-10  1.558599E-10  1.430806E-10  1.722113E-11  3.531563E-12
     97  4.339365876136E-02  3.290721E-16  7.511891E-13  1.219310E-11  2.819817E-10  2.107820E-10  1.992111E-10  2.439827E-11  5.139530E-12
     98  4.362382833621E-02  4.123284E-16  9.321570E-13  1.550483E-11  3.718507E-10  2.842818E-10  2.767061E-10  3.449239E-11  7.466091E-12
     99  4.384703699487E-02  5.150434E-16  1.144246E-12  1.948352E-11  4.840660E-10  3.782506E-10  3.788655E-10  4.804383E-11  1.067800E-11
    100  4.408801045744E-02  6.581983E-16  1.422256E-12  2.482818E-11  6.408528E-10  5.127536E-10  5.297581E-10  6.843760E-11  1.565243E-11
    101  4.430336182063E-02  8.236481E-16  1.723470E-12  3.075376E-11  8.214519E-10  6.713373E-10  7.131594E-10  9.367647E-11  2.198201E-11
    102  4.453208602613E-02  1.049319E-15  2.108637E-12  3.849938E-11  1.066508E-09  8.915143E-10  9.755324E-10  1.304319E-10  3.145583E-11
    103  4.474836808964E-02  1.321237E-15  2.545173E-12  4.747245E-11  1.361231E-09  1.162486E-09  1.308274E-09  1.778849E-10  4.402727E-11
    104  4.497736119052E-02  1.683219E-15  3.095678E-12  5.904556E-11  1.756123E-09  1.534167E-09  1.778817E-09  2.462183E-10  6.264196E-11
    105  4.517199675598E-02  2.058237E-15  3.642768E-12  7.080643E-11  2.172444E-09  1.934929E-09  2.301192E-09  3.234022E-10  8.423250E-11
    106  4.536038532241E-02  2.482980E-15  4.245797E-12  8.405554E-11  2.657865E-09  2.412106E-09  2.940245E-09  4.193518E-10  1.117392E-10
    107  4.552484255766E-02  2.902426E-15  4.832064E-12  9.721896E-11  3.156164E-09  2.911711E-09  3.626549E-09  5.239513E-10  1.424195E-10
    108  4.581275722245E-02  3.731427E-15  5.985739E-12  1.239512E-10  4.214427E-09  4.001658E-09  5.176299E-09  7.649895E-10  2.153424E-10
    109  4.603616864208E-02  4.435139E-15  6.977607E-12  1.478517E-10  5.211072E-09  5.060117E-09  6.740979E-09  1.013941E-09  2.933005E-10
    110  4.624194314299E-02  5.103058E-15  7.946411E-12  1.720985E-10  6.271210E-09  6.217000E-09  8.510780E-09  1.301155E-09  3.859748E-10
    111  4.641297951594E-02  5.656024E-15  8.778226E-12  1.936863E-10  7.256662E-09  7.319156E-09  1.024951E-08  1.588369E-09  4.811584E-10
    112  4.656990459822E-02  6.148884E-15  9.551062E-12  2.144484E-10  8.242413E-09  8.446354E-09  1.207733E-08  1.895109E-09  5.852540E-10
    113  4.671253119976E-02  6.576452E-15  1.025317E-11  2.339625E-10  9.204073E-09  9.569062E-09  1.394508E-08  2.213165E-09  6.955836E-10
    114  4.684580987606E-02  6.952743E-15  1.090277E-11  2.526312E-10  1.015728E-08  1.070384E-08  1.587864E-08  2.546953E-09  8.137567E-10
    115  4.697520204195E-02  7.292519E-15  1.152249E-11  2.710540E-10  1.113120E-08  1.188543E-08  1.793898E-08  2.907318E-09  9.438604E-10
    116  4.709649788536E-02  7.585504E-15  1.208991E-11  2.885082E-10  1.208585E-08  1.306507E-08  2.004214E-08  3.279833E-09  1.080897E-09
    117  4.721637454993E-02  7.848955E-15  1.263484E-11  3.058620E-10  1.306737E-08  1.429977E-08  2.229148E-08  3.683122E-09  1.231970E-09
    118  4.732862910872E-02  8.071067E-15  1.312860E-11  3.221491E-10  1.401943E-08  1.551840E-08  2.455836E-08  4.094364E-09  1.388738E-09
    119  4.750539400184E-02  8.371219E-15  1.386952E-11  3.477500E-10  1.558033E-08  1.756072E-08  2.845884E-08  4.812529E-09  1.668601E-09
    120  4.767210524850E-02  8.598601E-15  1.452337E-11  3.717165E-10  1.711822E-08  1.962639E-08  3.252881E-08  5.575108E-09  1.973572E-09
    121  4.783406579930E-02  8.768498E-15  1.511367E-11  3.947173E-10  1.867026E-08  2.176460E-08  3.686990E-08  6.402232E-09  2.312665E-09
    122  4.799263518131E-02  8.887511E-15  1.564649E-11  4.168703E-10  2.024256E-08  2.398540E-08  4.151294E-08  7.301458E-09  2.690342E-09
    123  4.815339657435E-02  8.960957E-15  1.613841E-11  4.388569E-10  2.188809E-08  2.636861E-08  4.664464E-08  8.311576E-09  3.124941E-09
    124  4.832264594384E-02  8.992342E-15  1.660527E-11  4.614502E-10  2.367374E-08  2.902273E-08  5.253537E-08  9.490735E-09  3.645030E-09
    125  4.849826454798E-02  8.978881E-15  1.703428E-11  4.842184E-10  2.558143E-08  3.193666E-08  5.921064E-08  1.085055E-08  4.260538E-09
    126  4.867786870736E-02  8.920898E-15  1.741492E-11  5.067175E-10  2.758692E-08  3.508780E-08  6.666859E-08  1.239742E-08  4.979616E-09
    127  4.885872256535E-02  8.821751E-15  1.773944E-11  5.284954E-10  2.965825E-08  3.843786E-08  7.486445E-08  1.412870E-08  5.806430E-09
    128  4.903755607841E-02  8.687720E-15  1.800302E-11  5.490896E-10  3.175328E-08  4.192639E-08  8.368680E-08  1.602663E-08  6.737555E-09
    129  4.921259737621E-02  8.525669E-15  1.820647E-11  5.682662E-10  3.384396E-08  4.551025E-08  9.305219E-08  1.807794E-08  7.770955E-09
    130  4.938368810460E-02  8.341070E-15  1.835369E-11  5.859950E-10  3.592008E-08  4.917338E-08  1.029389E-07  2.028200E-08  8.910530E-09
    131  4.955132280349E-02  8.137901E-15  1.844875E-11  6.023118E-10  3.797900E-08  5.291248E-08  1.133579E-07  2.264546E-08  1.016411E-08
    132  4.971624312404E-02  7.918914E-15  1.849489E-11  6.172603E-10  4.002098E-08  5.673019E-08  1.243393E-07  2.517969E-08  1.154257E-08
    133  4.987811857735E-02  7.687608E-15  1.849438E-11  6.307755E-10  4.203250E-08  6.060355E-08  1.358401E-07  2.787950E-08  1.304817E-08
    134  5.003799836445E-02  7.442865E-15  1.844603E-11  6.428288E-10  4.401672E-08  6.454241E-08  1.479204E-07  3.076386E-08  1.469719E-08
    135  5.019682549602E-02  7.187401E-15  1.835334E-11  6.534837E-10  4.597419E-08  6.855218E-08  1.606251E-07  3.384973E-08  1.650583E-08
    136  5.035511419132E-02  6.922188E-15  1.821636E-11  6.626822E-10  4.789825E-08  7.262640E-08  1.739727E-07  3.714869E-08  1.848849E-08
    137  5.051299755300E-02  6.648387E-15  1.803470E-11  6.703158E-10  4.977552E-08  7.674534E-08  1.879428E-07  4.066352E-08  2.065539E-08
    138  5.067010535678E-02  6.367896E-15  1.780845E-11  6.762437E-10  5.158459E-08  8.087124E-08  2.024533E-07  4.438167E-08  2.300784E-08
    139  5.082726902819E-02  6.080336E-15  1.753577E-11  6.803569E-10  5.331549E-08  8.499243E-08  2.175144E-07  4.831468E-08  2.556320E-08
    140  5.098506829486E-02  5.785583E-15  1.721435E-11  6.824945E-10  5.495130E-08  8.908383E-08  2.330983E-07  5.246580E-08  2.833538E-08
    141  5.114361869269E-02  5.484289E-15  1.684227E-11  6.824561E-10  5.646593E-08  9.309973E-08  2.491056E-07  5.682051E-08  3.132809E-08
    142  5.130328078870E-02  5.176629E-15  1.641687E-11  6.800177E-10  5.783125E-08  9.699056E-08  2.654265E-07  6.136233E-08  3.454514E-08
    143  5.146205644840E-02  4.867412E-15  1.594260E-11  6.750182E-10  5.899796E-08  1.006422E-07  2.816677E-07  6.599469E-08  3.793301E-08
    144  5.162089365231E-02  4.555836E-15  1.541662E-11  6.672664E-10  5.994040E-08  1.040049E-07  2.976966E-07  7.069253E-08  4.148830E-08
    145  5.177902725711E-02  4.244519E-15  1.484187E-11  6.566506E-10  6.062004E-08  1.069846E-07  3.131685E-07  7.536860E-08  4.516099E-08
    146  5.193558292952E-02  3.935166E-15  1.422052E-11  6.430545E-10  6.100093E-08  1.094858E-07  3.277098E-07  7.992248E-08  4.888770E-08
    147  5.207655208218E-02  3.657720E-15  1.361987E-11  6.281635E-10  6.106855E-08  1.112853E-07  3.398600E-07  8.388448E-08  5.227501E-08
    148  5.220437120847E-02  3.408246E-15  1.304378E-11  6.124753E-10  6.088469E-08  1.124917E-07  3.498734E-07  8.730051E-08  5.533109E-08
    149  5.240275279905E-02  3.027253E-15  1.209571E-11  5.840248E-10  6.010206E-08  1.134537E-07  3.630262E-07  9.212788E-08  5.994579E-08
    150  5.258707116153E-02  2.682967E-15  1.116468E-11  5.532688E-10  5.880143E-08  1.132374E-07  3.720372E-07  9.591363E-08  6.395544E-08
    151  5.276353482958E-02  2.365267E-15  1.023910E-11  5.202253E-10  5.702435E-08  1.119388E-07  3.772133E-07  9.872880E-08  6.739676E-08
    152  5.293536770993E-02  2.070041E-15  9.317865E-12  4.850988E-10  5.480014E-08  1.096016E-07  3.785848E-07  1.005596E-07  7.023752E-08
    153  5.310288915571E-02  1.798311E-15  8.413752E-12  4.485901E-10  5.218815E-08  1.062997E-07  3.761555E-07  1.013638E-07  7.240158E-08
    154  5.325369291828E-02  1.569291E-15  7.606198E-12  4.143465E-10  4.949886E-08  1.024945E-07  3.706751E-07  1.011928E-07  7.375304E-08
    155  5.339308966526E-02  1.372082E-15  6.874186E-12  3.820031E-10  4.676805E-08  9.832621E-08  3.628424E-07  1.002530E-07  7.444641E-08
    156  5.362726198018E-02  1.074679E-15  5.697734E-12  3.274304E-10  4.177563E-08  9.011139E-08  3.440101E-07  9.699436E-08  7.432941E-08
    157  5.383816121000E-02  8.445779E-16  4.717480E-12  2.794545E-10  3.701030E-08  8.170191E-08  3.216200E-07  9.235437E-08  7.281439E-08
    158  5.403768730975E-02  6.601411E-16  3.877480E-12  2.364171E-10  3.244098E-08  7.320515E-08  2.966883E-07  8.668541E-08  7.021390E-08
    159  5.422986619970E-02  5.122004E-16  3.160086E-12  1.981184E-10  2.813213E-08  6.484188E-08  2.702850E-07  8.030400E-08  6.676134E-08
    160  5.440569294967E-02  4.005332E-16  2.586120E-12  1.663273E-10  2.437025E-08  5.727315E-08  2.449677E-07  7.390765E-08  6.292862E-08
    161  5.456994612052E-02  3.146806E-16  2.120624E-12  1.396860E-10  2.107601E-08  5.044013E-08  2.210077E-07  6.764360E-08  5.889694E-08
    162  5.485681963417E-02  2.013276E-16  1.462386E-12  1.004346E-10  1.595162E-08  3.941151E-08  1.801389E-07  5.654113E-08  5.119785E-08
    163  5.511708850657E-02  1.307825E-16  1.016734E-12  7.252896E-11  1.206935E-08  3.069548E-08  1.457916E-07  4.681960E-08  4.393184E-08
    164  5.536560227933E-02  8.479860E-17  7.028973E-13  5.199185E-11  9.046300E-09  2.365347E-08  1.165500E-07  3.825805E-08  3.714301E-08
    165  5.559867087093E-02  5.550626E-17  4.881335E-13  3.735485E-11  6.777592E-09  1.818932E-08  9.277808E-08  3.108916E-08  3.116676E-08
    166  5.582344501454E-02  3.630747E-17  3.377135E-13  2.670787E-11  5.046910E-09  1.389055E-08  7.326467E-08  2.504488E-08  2.589927E-08
    167  5.608267729631E-02  2.188761E-17  2.168563E-13  1.781315E-11  3.528183E-09  9.997918E-09  5.481702E-08  1.917600E-08  2.055573E-08
    168  5.632179590432E-02  1.353105E-17  1.419067E-13  1.207228E-11  2.497389E-09  7.270464E-09  4.131789E-08  1.476555E-08  1.636294E-08
    169  5.658568452696E-02  7.851979E-18  8.754211E-14  7.740818E-12  1.680136E-09  5.039377E-09  2.979714E-08  1.090292E-08  1.253527E-08
    170  5.682194908758E-02  4.772193E-18  5.613568E-14  5.138711E-12  1.164462E-09  3.587489E-09  2.198105E-08  8.215374E-09  9.762565E-09
    171  5.707748662895E-02  2.757968E-18  3.434258E-14  3.263903E-12  7.749580E-10  2.457855E-09  1.565221E-08  5.986113E-09  7.372938E-09
    172  5.730159219632E-02  1.693291E-18  2.214678E-14  2.175293E-12  5.380973E-10  1.750764E-09  1.153405E-08  4.501286E-09  5.721549E-09
    173  5.769211250520E-02  7.149251E-19  1.016930E-14  1.057796E-12  2.810745E-10  9.562254E-10  6.685055E-09  2.702978E-09  3.630798E-09
    174  5.804755660481E-02  3.226843E-19  4.947567E-15  5.424864E-13  1.539464E-10  5.455663E-10  4.027155E-09  1.681839E-09  2.376029E-09
    175  5.837706807704E-02  1.542229E-19  2.530015E-15  2.913236E-13  8.787795E-11  3.234835E-10  2.511560E-09  1.080913E-09  1.600327E-09
    176  5.868213309337E-02  7.833387E-20  1.364545E-15  1.644125E-13  5.248367E-11  2.001332E-10  1.628539E-09  7.207663E-10  1.114670E-09
    177  5.897372529375E-02  4.154218E-20  7.637982E-16  9.610509E-14  3.238460E-11  1.277374E-10  1.087254E-09  4.942868E-10  7.970556E-10
    178  5.927019313219E-02  2.230296E-20  4.312641E-16  5.670579E-14  2.018841E-11  8.242307E-11  7.344506E-10  3.431587E-10  5.774589E-10
    179  5.955970264735E-02  1.254971E-20  2.536390E-16  3.481567E-14  1.307980E-11  5.523442E-11  5.147749E-10  2.470560E-10  4.334782E-10
    180  5.987296131417E-02  7.064237E-21  1.489931E-16  2.142708E-14  8.534031E-12  3.738357E-11  3.658272E-10  1.807587E-10  3.318916E-10
    181  6.018239261751E-02  4.245391E-21  9.311761E-17  1.402390E-14  5.917474E-12  2.688091E-11  2.760765E-10  1.404076E-10  2.696726E-10
    182  6.051941164510E-02  2.611090E-21  5.984124E-17  9.478135E-15  4.258924E-12  2.012970E-11  2.179406E-10  1.143934E-10  2.307863E-10
    183  6.081686890997E-02  1.792136E-21  4.290986E-17  7.107705E-15  3.376546E-12  1.652992E-11  1.875276E-10  1.012200E-10  2.133028E-10
    184  6.107970107709E-02  1.327926E-21  3.323335E-17  5.728482E-15  2.858840E-12  1.443803E-11  1.707206E-10  9.445966E-11  2.068936E-10
    185  6.149099227918E-02  8.664200E-22  2.349286E-17  4.312503E-15  2.325883E-12  1.233542E-11  1.556727E-10  8.955276E-11  2.084194E-10
    186  6.184187848266E-02  6.166344E-22  1.806524E-17  3.501133E-15  2.018961E-12  1.116654E-11  1.490347E-10  8.864418E-11  2.173409E-10
    187  6.212841772032E-02  4.713114E-22  1.477521E-17  2.994016E-15  1.823878E-12  1.044047E-11  1.458872E-10  8.917897E-11  2.281947E-10
    188  6.241083345826E-02  3.629869E-22  1.220077E-17  2.583856E-15  1.661715E-12  9.841162E-12  1.438947E-10  9.037332E-11  2.412263E-10
    189  6.286334795077E-02  2.393872E-22  9.035494E-18  2.054324E-15  1.441421E-12  9.016300E-12  1.418099E-10  9.302631E-11  2.657594E-10
    190  6.324448148531E-02  1.683988E-22  7.026333E-18  1.696301E-15  1.281043E-12  8.392431E-12  1.403974E-10  9.555637E-11  2.891369E-10
    191  6.354755735680E-02  1.269404E-22  5.743587E-18  1.454805E-15  1.165371E-12  7.922030E-12  1.392352E-10  9.759556E-11  3.091966E-10
    192  6.382753282149E-02  9.754148E-23  4.759365E-18  1.260379E-15  1.066371E-12  7.501664E-12  1.380250E-10  9.942284E-11  3.287015E-10
    193  6.429792763326E-02  6.236385E-23  3.455688E-18  9.864156E-16  9.150752E-13  6.820169E-12  1.355585E-10  1.022453E-10  3.632287E-10
    194  6.470641913937E-02  4.209362E-23  2.604292E-18  7.935381E-16  7.975407E-13  6.251335E-12  1.329048E-10  1.043525E-10  3.947091E-10
    195  6.514351188605E-02  2.751423E-23  1.913637E-18  6.253955E-16  6.848925E-13  5.666996E-12  1.295143E-10  1.061779E-10  4.296105E-10
    196  6.551961572666E-02  1.898921E-23  1.459653E-18  5.068406E-16  5.979614E-13  5.184933E-12  1.261581E-10  1.073629E-10  4.605129E-10
    197  6.614173306661E-02  1.020153E-23  9.227477E-19  3.543842E-16  4.731875E-13  4.435419E-12  1.197777E-10  1.084685E-10  5.127085E-10
    198  6.666431851744E-02  6.014681E-24  6.218233E-19  2.599725E-16  3.852260E-13  3.856494E-12  1.137243E-10  1.085425E-10  5.569298E-10
    199  6.714973898932E-02  3.665139E-24  4.276393E-19  1.935043E-16  3.158945E-13  3.362730E-12  1.076465E-10  1.079097E-10  5.977552E-10
    200  6.763365269933E-02  2.221198E-24  2.917028E-19  1.429175E-16  2.572234E-13  2.912267E-12  1.012512E-10  1.066213E-10  6.378796E-10
    201  6.810748363549E-02  1.354363E-24  1.991052E-19  1.054754E-16  2.089013E-13  2.513039E-12  9.476277E-11  1.047446E-10  6.759654E-10
    202  6.886988901479E-02  6.063085E-25  1.061258E-19  6.377956E-17  1.473616E-13  1.955543E-12  8.408674E-11  1.005360E-10  7.334336E-10
    203  6.932442343830E-02  3.729178E-25  7.222927E-20  4.682155E-17  1.186413E-13  1.669963E-12  7.770102E-11  9.738717E-11  7.647677E-10
    204  6.977291475786E-02  2.298359E-25  4.904192E-20  3.427166E-17  9.516713E-14  1.420181E-12  7.146266E-11  9.385825E-11  7.929836E-10
    205  7.051837306122E-02  1.021053E-25  2.540875E-20  2.012682E-17  6.506243E-14  1.070565E-12  6.139562E-11  8.720124E-11  8.325407E-10
    206  7.120724846930E-02  4.778415E-26  1.360908E-20  1.211201E-17  4.505473E-14  8.119114E-13  5.258420E-11  8.033571E-11  8.594665E-10
    207  7.185571854523E-02  2.316749E-26  7.437408E-21  7.392745E-18  3.139853E-14  6.167880E-13  4.483803E-11  7.340976E-11  8.750641E-10
    208  7.250556240022E-02  1.115638E-26  4.003956E-21  4.447862E-18  2.155552E-14  4.618818E-13  3.771341E-11  6.621072E-11  8.801275E-10
    209  7.308358088908E-02  5.798792E-27  2.280217E-21  2.797424E-18  1.523267E-14  3.527874E-13  3.195670E-11  5.972459E-11  8.752640E-10
    210  7.365083251161E-02  3.036705E-27  1.295615E-21  1.753320E-18  1.069956E-14  2.675769E-13  2.685703E-11  5.339341E-11  8.617801E-10
    211  7.420607479025E-02  1.611456E-27  7.379229E-22  1.099459E-18  7.487839E-15  2.019363E-13  2.241368E-11  4.735499E-11  8.404165E-10
    212  7.477269193766E-02  8.456115E-28  4.117932E-22  6.768984E-19  5.143717E-15  1.498657E-13  1.843324E-11  4.145445E-11  8.108369E-10
    213  7.532671922740E-02  4.503539E-28  2.302301E-22  4.168731E-19  3.519337E-15  1.106357E-13  1.505409E-11  3.600157E-11  7.750503E-10
    214  7.590819975934E-02  2.339551E-28  1.240704E-22  2.486993E-19  2.335781E-15  7.954731E-14  1.203349E-11  3.070701E-11  7.314000E-10
    215  7.648106882397E-02  1.240484E-28  6.711582E-23  1.486979E-19  1.543046E-15  5.687002E-14  9.545391E-12  2.597476E-11  6.836990E-10
    216  7.706864365518E-02  6.557524E-29  3.554433E-23  8.728434E-20  9.972204E-16  3.986356E-14  7.441683E-12  2.163862E-11  6.314008E-10
    217  7.765097184480E-02  3.547021E-29  1.886911E-23  5.133021E-20  6.402893E-16  2.774559E-14  5.751938E-12  1.786823E-11  5.777598E-10
    218  7.824188421090E-02  1.947900E-29  9.945343E-24  3.001143E-20  4.051337E-16  1.905076E-14  4.386114E-12  1.457514E-11  5.230976E-10
    219  7.883216312169E-02  1.099821E-29  5.268940E-24  1.763618E-20  2.546644E-16  1.299121E-14  3.315095E-12  1.178683E-11  4.695636E-10
    220  7.934760137230E-02  6.829686E-30  3.037123E-24  1.113661E-20  1.688653E-16  9.247972E-15  2.577362E-12  9.723989E-12  4.244877E-10
    221  7.991019390762E-02  4.174383E-30  1.680801E-24  6.809463E-21  1.075879E-16  6.363490E-15  1.946446E-12  7.836400E-12  3.779097E-10
    222  8.044081450283E-02  2.693495E-30  9.728873E-25  4.331263E-21  7.030738E-17  4.468795E-15  1.486537E-12  6.363721E-12  3.369586E-10
    223  8.103419684334E-02  1.696947E-30  5.339507E-25  2.644553E-21  4.370811E-17  3.008871E-15  1.093851E-12  5.016406E-12  2.948043E-10
    224  8.158988408622E-02  1.129305E-30  3.084335E-25  1.689851E-21  2.811342E-17  2.083782E-15  8.179798E-13  4.001395E-12  2.590398E-10
    225  8.219791245697E-02  1.000000E-30  1.719831E-25  1.053024E-21  1.749329E-17  1.404235E-15  5.941098E-13  3.118823E-12  2.240576E-10
    226  8.273529679330E-02  1.000000E-30  1.038895E-25  7.024192E-22  1.160696E-17  9.989217E-16  4.474971E-13  2.500191E-12  1.965689E-10
    227  8.327310875316E-02  1.000000E-30  6.331414E-26  4.733315E-22  7.777549E-18  7.173086E-16  3.370252E-13  2.003902E-12  1.720600E-10
    228  8.381967664174E-02  1.000000E-30  3.868654E-26  3.204255E-22  5.249849E-18  5.192500E-16  2.532379E-13  1.603543E-12  1.500582E-10
    229  8.442137901789E-02  1.000000E-30  2.273759E-26  2.108274E-22  3.467147E-18  3.703803E-16  1.856812E-13  1.259519E-12  1.288924E-10
    230  8.496109010092E-02  1.000000E-30  1.417938E-26  1.456108E-22  2.424783E-18  2.777864E-16  1.411243E-13  1.017796E-12  1.122436E-10
    231  8.556251684447E-02  1.000000E-30  8.433636E-27  9.699985E-23  1.657417E-18  2.055328E-16  1.047368E-13  8.082018E-13  9.604982E-11
    232  8.609514523980E-02  1.000000E-30  5.348179E-27  6.794672E-23  1.200981E-18  1.600141E-16  8.109413E-14  6.639396E-13  8.352197E-11
    233  8.668730402486E-02  1.000000E-30  3.227411E-27  4.576843E-23  8.505327E-19  1.230257E-16  6.161914E-14  5.384898E-13  7.128207E-11
    234  8.725638446658E-02  1.000000E-30  1.986442E-27  3.127084E-23  6.169507E-19  9.681324E-17  4.785645E-14  4.450549E-13  6.097663E-11
    235  8.784892152766E-02  1.000000E-30  1.198924E-27  2.099329E-23  4.454415E-19  7.627463E-17  3.727921E-14  3.697902E-13  5.159114E-11
    236  8.837914431516E-02  1.000000E-30  7.618882E-28  1.464218E-23  3.342262E-19  6.200875E-17  3.016291E-14  3.170361E-13  4.420135E-11
    237  8.927467123273E-02  1.000000E-30  3.512109E-28  7.858748E-24  2.058985E-19  4.393109E-17  2.159171E-14  2.506436E-13  3.356664E-11
    238  9.009385267910E-02  1.000000E-30  1.715842E-28  4.378353E-24  1.315840E-19  3.201424E-17  1.628420E-14  2.076200E-13  2.566332E-11
    239  9.088007009323E-02  1.000000E-30  8.506919E-29  2.444962E-24  8.453466E-20  2.340366E-17  1.260027E-14  1.764556E-13  1.947049E-11
    240  9.160938796651E-02  1.000000E-30  4.405744E-29  1.400447E-24  5.534502E-20  1.730005E-17  1.000945E-14  1.534391E-13  1.483462E-11
    241  9.231864750676E-02  1.000000E-30  2.303687E-29  7.997974E-25  3.610478E-20  1.271937E-17  8.013449E-15  1.345570E-13  1.122424E-11
    242  9.335415502949E-02  1.000000E-30  8.853715E-30  3.410749E-25  1.876278E-20  7.890513E-18  5.754267E-15  1.109215E-13  7.298928E-12
    243  9.429165011748E-02  1.000000E-30  3.717259E-30  1.526689E-25  1.006085E-20  4.974377E-18  4.207072E-15  9.225920E-14  4.870171E-12
    244  9.514750284226E-02  1.000000E-30  1.699076E-30  7.132858E-26  5.545166E-21  3.183368E-18  3.112742E-15  7.700213E-14  3.351058E-12
    245  9.592869681963E-02  1.000000E-30  1.000000E-30  3.498756E-26  3.158937E-21  2.079661E-18  2.332594E-15  6.451105E-14  2.397946E-12
    246  9.638259128200E-02  1.000000E-30  1.000000E-30  2.290444E-26  2.256172E-21  1.609444E-18  1.959529E-15  5.786983E-14  1.983909E-12
    247  9.686466198075E-02  1.000000E-30  1.000000E-30  1.452833E-26  1.568377E-21  1.218641E-18  1.620404E-15  5.133143E-14  1.633155E-12
    248  9.745016881397E-02  1.000000E-30  1.000000E-30  8.305302E-27  1.000619E-21  8.626988E-19  1.277905E-15  4.410311E-14  1.304124E-12
    249  9.798964068785E-02  1.000000E-30  1.000000E-30  4.929492E-27  6.562721E-22  6.228882E-19  1.020132E-15  3.811881E-14  1.072637E-12
    250  9.892639389759E-02  1.000000E-30  1.000000E-30  1.960867E-27  3.095785E-22  3.476011E-19  6.794631E-16  2.918758E-14  7.850612E-13
    251  9.977784733458E-02  1.000000E-30  1.000000E-30  8.393093E-28  1.538709E-22  2.013066E-19  4.624922E-16  2.257261E-14  6.083392E-13
    252  1.005622893962E-01  1.000000E-30  1.000000E-30  3.789675E-28  7.940460E-23  1.197075E-19  3.198084E-16  1.758022E-14  4.895182E-13
    253  1.013070552067E-01  1.000000E-30  1.000000E-30  1.770102E-28  4.184576E-23  7.216925E-20  2.225355E-16  1.370452E-14  4.025520E-13
    254  1.019791947326E-01  1.000000E-30  1.000000E-30  8.845022E-29  2.318727E-23  4.515068E-20  1.585352E-16  1.082474E-14  3.386831E-13
    255  1.025982572428E-01  1.000000E-30  1.000000E-30  4.631668E-29  1.328963E-23  2.894733E-20  1.146672E-16  8.616937E-15  2.886134E-13
    256  1.032644197032E-01  1.000000E-30  1.000000E-30  2.297267E-29  7.211409E-24  1.771140E-20  7.985893E-17  6.656047E-15  2.418917E-13
    257  1.039121745974E-01  1.000000E-30  1.000000E-30  1.152054E-29  3.916364E-24  1.080661E-20  5.528565E-17  5.099620E-15  2.019735E-13
    258  1.045193471709E-01  1.000000E-30  1.000000E-30  5.981269E-30  2.172543E-24  6.682428E-21  3.850399E-17  3.908462E-15  1.686177E-13
    259  1.051181778144E-01  1.000000E-30  1.000000E-30  3.113317E-30  1.195249E-24  4.088003E-21  2.647434E-17  2.954563E-15  1.391712E-13
    260  1.056826419982E-01  1.000000E-30  1.000000E-30  1.670673E-30  6.686050E-25  2.524665E-21  1.824877E-17  2.227935E-15  1.143203E-13
    261  1.062431336111E-01  1.000000E-30  1.000000E-30  1.000000E-30  3.677697E-25  1.530541E-21  1.234246E-17  1.648516E-15  9.232484E-14
    262  1.068146627648E-01  1.000000E-30  1.000000E-30  1.000000E-30  1.959284E-25  8.986461E-22  8.093770E-18  1.185165E-15  7.270787E-14
    263  1.073656177930E-01  1.000000E-30  1.000000E-30  1.000000E-30  1.046764E-25  5.259923E-22  5.261416E-18  8.420609E-16  5.648894E-14
    264  1.079139362418E-01  1.000000E-30  1.000000E-30  1.000000E-30  5.478746E-26  3.008152E-22  3.337003E-18  5.839083E-16  4.289373E-14
    265  1.084202130578E-01  1.000000E-30  1.000000E-30  1.000000E-30  2.962569E-26  1.759466E-22  2.141211E-18  4.069436E-16  3.254577E-14
    266  1.089957947327E-01  1.000000E-30  1.000000E-30  1.000000E-30  1.447683E-26  9.359225E-23  1.258456E-18  2.627994E-16  2.317600E-14
    267  1.095139929398E-01  1.000000E-30  1.000000E-30  1.000000E-30  7.502783E-27  5.211467E-23  7.606786E-19  1.729648E-16  1.667507E-14
    268  1.100036617482E-01  1.000000E-30  1.000000E-30  1.000000E-30  4.000114E-27  2.960957E-23  4.622278E-19  1.139581E-16  1.196579E-14
    269  1.105581599754E-01  1.000000E-30  1.000000E-30  1.000000E-30  1.967456E-27  1.557459E-23  2.569118E-19  6.942140E-17  8.036494E-15
    270  1.111738162549E-01  1.000000E-30  1.000000E-30  1.000000E-30  9.120339E-28  7.750622E-24  1.303362E-19  3.898630E-17  5.034395E-15
    271  1.117276452796E-01  1.000000E-30  1.000000E-30  1.000000E-30  4.709992E-28  4.277662E-24  6.910038E-20  2.264691E-17  3.230940E-15
    272  1.122547306619E-01  1.000000E-30  1.000000E-30  1.000000E-30  2.624033E-28  2.562324E-24  3.710545E-20  1.325505E-17  2.081209E-15
    273  1.128196390807E-01  1.000000E-30  1.000000E-30  1.000000E-30  1.488699E-28  1.597779E-24  1.877429E-20  7.339318E-18  1.277802E-15
    274  1.134172103791E-01  1.000000E-30  1.000000E-30  1.000000E-30  8.761095E-29  1.061418E-24  9.011432E-21  3.857020E-18  7.498142E-16
    275  1.139661173569E-01  1.000000E-30  1.000000E-30  1.000000E-30  5.690623E-29  7.822412E-25  4.559134E-21  2.102907E-18  4.528755E-16
    276  1.145721141816E-01  1.000000E-30  1.000000E-30  1.000000E-30  3.712889E-29  5.911804E-25  2.162305E-21  1.063000E-18  2.564503E-16
    277  1.151138636995E-01  1.000000E-30  1.000000E-30  1.000000E-30  2.613413E-29  4.750546E-25  1.134352E-21  5.725382E-19  1.529186E-16
    278  1.160623872824E-01  1.000000E-30  1.000000E-30  1.000000E-30  1.466039E-29  3.351677E-25  4.106328E-22  1.896440E-19  6.062169E-17
    279  1.166131253687E-01  1.000000E-30  1.000000E-30  1.000000E-30  1.060471E-29  2.762720E-25  2.561951E-22  9.939341E-20  3.521627E-17
    280  1.171578902390E-01  1.000000E-30  1.000000E-30  1.000000E-30  7.730349E-30  2.285983E-25  1.785477E-22  5.238775E-20  2.051613E-17
    281  1.179966344325E-01  1.000000E-30  1.000000E-30  1.000000E-30  4.756482E-30  1.706483E-25  1.228987E-22  1.957972E-20  8.879066E-18
    282  1.184626561866E-01  1.000000E-30  1.000000E-30  1.000000E-30  3.624725E-30  1.449613E-25  1.069593E-22  1.143554E-20  5.579071E-18
    283  1.189221956404E-01  1.000000E-30  1.000000E-30  1.000000E-30  2.774849E-30  1.232949E-25  9.598490E-23  6.817152E-21  3.535175E-18
    284  1.197605220964E-01  1.000000E-30  1.000000E-30  1.000000E-30  1.701749E-30  9.138938E-26  8.199326E-23  2.786241E-21  1.541601E-18
    285  1.205341475296E-01  1.000000E-30  1.000000E-30  1.000000E-30  1.077643E-30  6.907985E-26  7.247574E-23  1.355774E-21  7.250300E-19
    286  1.212540834288E-01  1.000000E-30  1.000000E-30  1.000000E-30  1.000000E-30  5.302251E-26  6.505558E-23  7.885572E-22  3.637368E-19
    287  1.219299358624E-01  1.000000E-30  1.000000E-30  1.000000E-30  1.000000E-30  4.120637E-26  5.891452E-23  5.386113E-22  1.929767E-19
    288  1.225766858039E-01  1.000000E-30  1.000000E-30  1.000000E-30  1.000000E-30  3.226962E-26  5.360857E-23  4.144628E-22  1.071247E-19
    289  1.231854533608E-01  1.000000E-30  1.000000E-30  1.000000E-30  1.000000E-30  2.553356E-26  4.901619E-23  3.460204E-22  6.258637E-20
    290  1.237219182154E-01  1.000000E-30  1.000000E-30  1.000000E-30  1.000000E-30  2.070707E-26  4.526229E-23  3.057861E-22  3.963902E-20
    291  1.242404039059E-01  1.000000E-30  1.000000E-30  1.000000E-30  1.000000E-30  1.686359E-26  4.186641E-23  2.768085E-22  2.597866E-20
    292  1.248086455930E-01  1.000000E-30  1.000000E-30  1.000000E-30  1.000000E-30  1.341363E-26  3.837000E-23  2.515047E-22  1.674915E-20
    293  1.253177247642E-01  1.000000E-30  1.000000E-30  1.000000E-30  1.000000E-30  1.087442E-26  3.540249E-23  2.322238E-22  1.155156E-20
    294  1.258810647447E-01  1.000000E-30  1.000000E-30  1.000000E-30  1.000000E-30  8.579804E-27  3.229566E-23  2.133276E-22  7.893710E-21
    295  1.264205598797E-01  1.000000E-30  1.000000E-30  1.000000E-30  1.000000E-30  6.799704E-27  2.946787E-23  1.967681E-22  5.661322E-21
    296  1.270317883483E-01  1.000000E-30  1.000000E-30  1.000000E-30  1.000000E-30  5.177111E-27  2.639381E-23  1.790437E-22  4.027653E-21
    297  1.275757308169E-01  1.000000E-30  1.000000E-30  1.000000E-30  1.000000E-30  4.024103E-27  2.376098E-23  1.638633E-22  3.071675E-21
    298  1.286048671531E-01  1.000000E-30  1.000000E-30  1.000000E-30  1.000000E-30  2.424088E-27  1.899653E-23  1.358491E-22  1.977387E-21
    299  1.290949488661E-01  1.000000E-30  1.000000E-30  1.000000E-30  1.000000E-30  1.869079E-27  1.680291E-23  1.225171E-22  1.637980E-21
    300  1.295345101683E-01  1.000000E-30  1.000000E-30  1.000000E-30  1.000000E-30  1.461752E-27  1.488411E-23  1.105531E-22  1.394601E-21
    301  1.303954523490E-01  1.000000E-30  1.000000E-30  1.000000E-30  1.000000E-30  8.670065E-28  1.129990E-23  8.728221E-23  1.024977E-21
    302  1.308549873199E-01  1.000000E-30  1.000000E-30  1.000000E-30  1.000000E-30  6.382656E-28  9.508191E-24  7.511646E-23  8.646640E-22
    303  1.312776310019E-01  1.000000E-30  1.000000E-30  1.000000E-30  1.000000E-30  4.724714E-28  7.967424E-24  6.432401E-23  7.342941E-22
    304  1.320787884157E-01  1.000000E-30  1.000000E-30  1.000000E-30  1.000000E-30  2.532558E-28  5.412626E-24  4.564744E-23  5.249043E-22
    305  1.327308179063E-01  1.000000E-30  1.000000E-30  1.000000E-30  1.000000E-30  1.441964E-28  3.744092E-24  3.280186E-23  3.863495E-22
    306  1.333821207310E-01  1.000000E-30  1.000000E-30  1.000000E-30  1.000000E-30  7.812830E-29  2.469110E-24  2.252082E-23  2.753263E-22
    307  1.339749669338E-01  1.000000E-30  1.000000E-30  1.000000E-30  1.000000E-30  4.300577E-29  1.626067E-24  1.541569E-23  1.969772E-22
    308  1.345530840576E-01  1.000000E-30  1.000000E-30  1.000000E-30  1.000000E-30  2.322698E-29  1.047153E-24  1.032758E-23  1.388571E-22
    309  1.351098094661E-01  1.000000E-30  1.000000E-30  1.000000E-30  1.000000E-30  1.246976E-29  6.666701E-25  6.841464E-24  9.723612E-23
    310  1.359304916944E-01  1.000000E-30  1.000000E-30  1.000000E-30  1.000000E-30  4.782889E-30  3.290825E-25  3.591300E-24  5.598658E-23
    311  1.363572082699E-01  1.000000E-30  1.000000E-30  1.000000E-30  1.000000E-30  2.859890E-30  2.241238E-25  2.529270E-24  4.155280E-23
    312  1.367788244083E-01  1.000000E-30  1.000000E-30  1.000000E-30  1.000000E-30  1.694699E-30  1.516392E-25  1.770456E-24  3.071524E-23
    313  1.375777712339E-01  1.000000E-30  1.000000E-30  1.000000E-30  1.000000E-30  1.000000E-30  7.059473E-26  8.812347E-25  1.706586E-23
    314  1.380438267916E-01  1.000000E-30  1.000000E-30  1.000000E-30  1.000000E-30  1.000000E-30  4.458420E-26  5.796350E-25  1.201263E-23
    315  1.384690951451E-01  1.000000E-30  1.000000E-30  1.000000E-30  1.000000E-30  1.000000E-30  2.903274E-26  3.920817E-25  8.662096E-24
    316  1.391087445178E-01  1.000000E-30  1.000000E-30  1.000000E-30  1.000000E-30  1.000000E-30  1.499929E-26  2.148607E-25  5.243271E-24
    317  1.397002518981E-01  1.000000E-30  1.000000E-30  1.000000E-30  1.000000E-30  1.000000E-30  8.027305E-27  1.216502E-25  3.264314E-24
    318  1.402705851668E-01  1.000000E-30  1.000000E-30  1.000000E-30  1.000000E-30  1.000000E-30  4.333321E-27  6.944542E-26  2.046672E-24
    319  1.408634912375E-01  1.000000E-30  1.000000E-30  1.000000E-30  1.000000E-30  1.000000E-30  2.247225E-27  3.823776E-26  1.244827E-24
    320  1.414089642241E-01  1.000000E-30  1.000000E-30  1.000000E-30  1.000000E-30  1.000000E-30  1.214330E-27  2.186529E-26  7.809511E-25
    321  1.419220762512E-01  1.000000E-30  1.000000E-30  1.000000E-30  1.000000E-30  1.000000E-30  6.742675E-28  1.282065E-26  4.998803E-25
    322  1.422771704232E-01  1.000000E-30  1.000000E-30  1.000000E-30  1.000000E-30  1.000000E-30  4.455934E-28  8.804897E-27  3.648693E-25
    323  1.426029315631E-01  1.000000E-30  1.000000E-30  1.000000E-30  1.000000E-30  1.000000E-30  3.034886E-28  6.215737E-27  2.723496E-25
    324  1.430135230101E-01  1.000000E-30  1.000000E-30  1.000000E-30  1.000000E-30  1.000000E-30  1.861815E-28  3.992192E-27  1.875654E-25
    325  1.434683796643E-01  1.000000E-30  1.000000E-30  1.000000E-30  1.000000E-30  1.000000E-30  1.078117E-28  2.434538E-27  1.234220E-25
    326  1.440315208021E-01  1.000000E-30  1.000000E-30  1.000000E-30  1.000000E-30  1.000000E-30  5.445963E-29  1.313027E-27  7.291467E-26
    327  1.445490332405E-01  1.000000E-30  1.000000E-30  1.000000E-30  1.000000E-30  1.000000E-30  2.886880E-29  7.404347E-28  4.450022E-26
    328  1.451370980342E-01  1.000000E-30  1.000000E-30  1.000000E-30  1.000000E-30  1.000000E-30  1.402454E-29  3.868233E-28  2.519499E-26
    329  1.457052374241E-01  1.000000E-30  1.000000E-30  1.000000E-30  1.000000E-30  1.000000E-30  7.022604E-30  2.082922E-28  1.444567E-26
    330  1.463107957421E-01  1.000000E-30  1.000000E-30  1.000000E-30  1.000000E-30  1.000000E-30  3.395516E-30  1.093066E-28  7.909484E-27
    331  1.468752132891E-01  1.000000E-30  1.000000E-30  1.000000E-30  1.000000E-30  1.000000E-30  1.761369E-30  6.164711E-29  4.487761E-27
    332  1.475510939381E-01  1.000000E-30  1.000000E-30  1.000000E-30  1.000000E-30  1.000000E-30  1.000000E-30  3.279484E-29  2.272176E-27
    333  1.481899111058E-01  1.000000E-30  1.000000E-30  1.000000E-30  1.000000E-30  1.000000E-30  1.000000E-30  1.934113E-29  1.192817E-27
    334  1.491767377555E-01  1.000000E-30  1.000000E-30  1.000000E-30  1.000000E-30  1.000000E-30  1.000000E-30  9.884911E-30  4.482398E-28
    335  1.497116139607E-01  1.000000E-30  1.000000E-30  1.000000E-30  1.000000E-30  1.000000E-30  1.000000E-30  7.383411E-30  2.688850E-28
    336  1.502421520731E-01  1.000000E-30  1.000000E-30  1.000000E-30  1.000000E-30  1.000000E-30  1.000000E-30  5.693109E-30  1.648855E-28
    337  1.509052103900E-01  1.000000E-30  1.000000E-30  1.000000E-30  1.000000E-30  1.000000E-30  1.000000E-30  4.258882E-30  9.318782E-29
    338  1.515352476696E-01  1.000000E-30  1.000000E-30  1.000000E-30  1.000000E-30  1.000000E-30  1.000000E-30  3.322377E-30  5.709969E-29
    339  1.521327102765E-01  1.000000E-30  1.000000E-30  1.000000E-30  1.000000E-30  1.000000E-30  1.000000E-30  2.663262E-30  3.769346E-29
    340  1.526678407657E-01  1.000000E-30  1.000000E-30  1.000000E-30  1.000000E-30  1.000000E-30  1.000000E-30  2.195565E-30  2.709639E-29
    341  1.532481602429E-01  1.000000E-30  1.000000E-30  1.000000E-30  1.000000E-30  1.000000E-30  1.000000E-30  1.785362E-30  1.972579E-29
    342  1.535863948111E-01  1.000000E-30  1.000000E-30  1.000000E-30  1.000000E-30  1.000000E-30  1.000000E-30  1.609222E-30  1.674543E-29
    343  1.538995751697E-01  1.000000E-30  1.000000E-30  1.000000E-30  1.000000E-30  1.000000E-30  1.000000E-30  1.441998E-30  1.444849E-29
    344  1.546020187628E-01  1.000000E-30  1.000000E-30  1.000000E-30  1.000000E-30  1.000000E-30  1.000000E-30  1.103726E-30  1.056669E-29
    345  1.552062305672E-01  1.000000E-30  1.000000E-30  1.000000E-30  1.000000E-30  1.000000E-30  1.000000E-30  1.000000E-30  8.320181E-30
    346  1.557875935888E-01  1.000000E-30  1.000000E-30  1.000000E-30  1.000000E-30  1.000000E-30  1.000000E-30  1.000000E-30  6.659277E-30
    347  1.566447447202E-01  1.000000E-30  1.000000E-30  1.000000E-30  1.000000E-30  1.000000E-30  1.000000E-30  1.000000E-30  4.768421E-30
    348  1.574294426159E-01  1.000000E-30  1.000000E-30  1.000000E-30  1.000000E-30  1.000000E-30  1.000000E-30  1.000000E-30  3.577539E-30
    349  1.581710514975E-01  1.000000E-30  1.000000E-30  1.000000E-30  1.000000E-30  1.000000E-30  1.000000E-30  1.000000E-30  2.668356E-30
    350  1.588328903187E-01  1.000000E-30  1.000000E-30  1.000000E-30  1.000000E-30  1.000000E-30  1.000000E-30  1.000000E-30  2.078686E-30
    351  1.594606073659E-01  1.000000E-30  1.000000E-30  1.000000E-30  1.000000E-30  1.000000E-30  1.000000E-30  1.000000E-30  1.620379E-30
    352  1.600565792087E-01  1.000000E-30  1.000000E-30  1.000000E-30  1.000000E-30  1.000000E-30  1.000000E-30  1.000000E-30  1.268334E-30
    353  1.607059625219E-01  1.000000E-30  1.000000E-30  1.000000E-30  1.000000E-30  1.000000E-30  1.000000E-30  1.000000E-30  1.000000E-30
    354  1.613957576202E-01  1.000000E-30  1.000000E-30  1.000000E-30  1.000000E-30  1.000000E-30  1.000000E-30  1.000000E-30  1.000000E-30
    355  1.620398820205E-01  1.000000E-30  1.000000E-30  1.000000E-30  1.000000E-30  1.000000E-30  1.000000E-30  1.000000E-30  1.000000E-30
    356  1.627691861850E-01  1.000000E-30  1.000000E-30  1.000000E-30  1.000000E-30  1.000000E-30  1.000000E-30  1.000000E-30  1.000000E-30
    357  1.634667099868E-01  1.000000E-30  1.000000E-30  1.000000E-30  1.000000E-30  1.000000E-30  1.000000E-30  1.000000E-30  1.000000E-30
    358  1.645369737572E-01  1.000000E-30  1.000000E-30  1.000000E-30  1.000000E-30  1.000000E-30  1.000000E-30  1.000000E-30  1.000000E-30
    359  1.651200899964E-01  1.000000E-30  1.000000E-30  1.000000E-30  1.000000E-30  1.000000E-30  1.000000E-30  1.000000E-30  1.000000E-30
    360  1.656939516385E-01  1.000000E-30  1.000000E-30  1.000000E-30  1.000000E-30  1.000000E-30  1.000000E-30  1.000000E-30  1.000000E-30
    361  1.664404283242E-01  1.000000E-30  1.000000E-30  1.000000E-30  1.000000E-30  1.000000E-30  1.000000E-30  1.000000E-30  1.000000E-30
    362  1.671401020014E-01  1.000000E-30  1.000000E-30  1.000000E-30  1.000000E-30  1.000000E-30  1.000000E-30  1.000000E-30  1.000000E-30
    363  1.682228463170E-01  1.000000E-30  1.000000E-30  1.000000E-30  1.000000E-30  1.000000E-30  1.000000E-30  1.000000E-30  1.000000E-30
    364  1.688914277275E-01  1.000000E-30  1.000000E-30  1.000000E-30  1.000000E-30  1.000000E-30  1.000000E-30  1.000000E-30  1.000000E-30
    365  1.695862681704E-01  1.000000E-30  1.000000E-30  1.000000E-30  1.000000E-30  1.000000E-30  1.000000E-30  1.000000E-30  1.000000E-30
    366  1.708796298676E-01  1.000000E-30  1.000000E-30  1.000000E-30  1.000000E-30  1.000000E-30  1.000000E-30  1.000000E-30  1.000000E-30
    367  1.720689125062E-01  1.000000E-30  1.000000E-30  1.000000E-30  1.000000E-30  1.000000E-30  1.000000E-30  1.000000E-30  1.000000E-30
    368  1.730357271347E-01  1.000000E-30  1.000000E-30  1.000000E-30  1.000000E-30  1.000000E-30  1.000000E-30  1.000000E-30  1.000000E-30
    369  1.739185931198E-01  1.000000E-30  1.000000E-30  1.000000E-30  1.000000E-30  1.000000E-30  1.000000E-30  1.000000E-30  1.000000E-30
    370  1.748109107026E-01  1.000000E-30  1.000000E-30  1.000000E-30  1.000000E-30  1.000000E-30  1.000000E-30  1.000000E-30  1.000000E-30
    371  1.757092013639E-01  1.000000E-30  1.000000E-30  1.000000E-30  1.000000E-30  1.000000E-30  1.000000E-30  1.000000E-30  1.000000E-30
    372  1.765567714958E-01  1.000000E-30  1.000000E-30  1.000000E-30  1.000000E-30  1.000000E-30  1.000000E-30  1.000000E-30  1.000000E-30
    373  1.775373762473E-01  1.000000E-30  1.000000E-30  1.000000E-30  1.000000E-30  1.000000E-30  1.000000E-30  1.000000E-30  1.000000E-30
    374  1.784803688374E-01  1.000000E-30  1.000000E-30  1.000000E-30  1.000000E-30  1.000000E-30  1.000000E-30  1.000000E-30  1.000000E-30
    375  1.795112536071E-01  1.000000E-30  1.000000E-30  1.000000E-30  1.000000E-30  1.000000E-30  1.000000E-30  1.000000E-30  1.000000E-30
    376  1.804824008025E-01  1.000000E-30  1.000000E-30  1.000000E-30  1.000000E-30  1.000000E-30  1.000000E-30  1.000000E-30  1.000000E-30
    377  1.815169070317E-01  1.000000E-30  1.000000E-30  1.000000E-30  1.000000E-30  1.000000E-30  1.000000E-30  1.000000E-30  1.000000E-30
    378  1.825428215499E-01  1.000000E-30  1.000000E-30  1.000000E-30  1.000000E-30  1.000000E-30  1.000000E-30  1.000000E-30  1.000000E-30
    379  1.841355644659E-01  1.000000E-30  1.000000E-30  1.000000E-30  1.000000E-30  1.000000E-30  1.000000E-30  1.000000E-30  1.000000E-30
    380  1.856860183354E-01  1.000000E-30  1.000000E-30  1.000000E-30  1.000000E-30  1.000000E-30  1.000000E-30  1.000000E-30  1.000000E-30
    381  1.870847965371E-01  1.000000E-30  1.000000E-30  1.000000E-30  1.000000E-30  1.000000E-30  1.000000E-30  1.000000E-30  1.000000E-30
    382  1.883699545972E-01  1.000000E-30  1.000000E-30  1.000000E-30  1.000000E-30  1.000000E-30  1.000000E-30  1.000000E-30  1.000000E-30
    383  1.895671856375E-01  1.000000E-30  1.000000E-30  1.000000E-30  1.000000E-30  1.000000E-30  1.000000E-30  1.000000E-30  1.000000E-30
    384  1.907324824205E-01  1.000000E-30  1.000000E-30  1.000000E-30  1.000000E-30  1.000000E-30  1.000000E-30  1.000000E-30  1.000000E-30
    385  1.917913284253E-01  1.000000E-30  1.000000E-30  1.000000E-30  1.000000E-30  1.000000E-30  1.000000E-30  1.000000E-30  1.000000E-30
    386  1.928179034582E-01  1.000000E-30  1.000000E-30  1.000000E-30  1.000000E-30  1.000000E-30  1.000000E-30  1.000000E-30  1.000000E-30
    387  1.939781308337E-01  1.000000E-30  1.000000E-30  1.000000E-30  1.000000E-30  1.000000E-30  1.000000E-30  1.000000E-30  1.000000E-30
    388  1.950365569225E-01  1.000000E-30  1.000000E-30  1.000000E-30  1.000000E-30  1.000000E-30  1.000000E-30  1.000000E-30  1.000000E-30
    389  1.963061656501E-01  1.000000E-30  1.000000E-30  1.000000E-30  1.000000E-30  1.000000E-30  1.000000E-30  1.000000E-30  1.000000E-30
    390  1.975160386553E-01  1.000000E-30  1.000000E-30  1.000000E-30  1.000000E-30  1.000000E-30  1.000000E-30  1.000000E-30  1.000000E-30
    391  1.988970783448E-01  1.000000E-30  1.000000E-30  1.000000E-30  1.000000E-30  1.000000E-30  1.000000E-30  1.000000E-30  1.000000E-30
    392  2.001908516564E-01  1.000000E-30  1.000000E-30  1.000000E-30  1.000000E-30  1.000000E-30  1.000000E-30  1.000000E-30  1.000000E-30
    393  2.023233395230E-01  1.000000E-30  1.000000E-30  1.000000E-30  1.000000E-30  1.000000E-30  1.000000E-30  1.000000E-30  1.000000E-30
    394  2.035207364909E-01  1.000000E-30  1.000000E-30  1.000000E-30  1.000000E-30  1.000000E-30  1.000000E-30  1.000000E-30  1.000000E-30
    395  2.047171141817E-01  1.000000E-30  1.000000E-30  1.000000E-30  1.000000E-30  1.000000E-30  1.000000E-30  1.000000E-30  1.000000E-30
    396  2.061861175315E-01  1.000000E-30  1.000000E-30  1.000000E-30  1.000000E-30  1.000000E-30  1.000000E-30  1.000000E-30  1.000000E-30
    397  2.075162532616E-01  1.000000E-30  1.000000E-30  1.000000E-30  1.000000E-30  1.000000E-30  1.000000E-30  1.000000E-30  1.000000E-30
    398  2.088103947538E-01  1.000000E-30  1.000000E-30  1.000000E-30  1.000000E-30  1.000000E-30  1.000000E-30  1.000000E-30  1.000000E-30
    399  2.102374295066E-01  1.000000E-30  1.000000E-30  1.000000E-30  1.000000E-30  1.000000E-30  1.000000E-30  1.000000E-30  1.000000E-30
    400  2.116254943500E-01  1.000000E-30  1.000000E-30  1.000000E-30  1.000000E-30  1.000000E-30  1.000000E-30  1.000000E-30  1.000000E-30
    401  2.137594200207E-01  1.000000E-30  1.000000E-30  1.000000E-30  1.000000E-30  1.000000E-30  1.000000E-30  1.000000E-30  1.000000E-30
    402  2.149968302441E-01  1.000000E-30  1.000000E-30  1.000000E-30  1.000000E-30  1.000000E-30  1.000000E-30  1.000000E-30  1.000000E-30
    403  2.163578604848E-01  1.000000E-30  1.000000E-30  1.000000E-30  1.000000E-30  1.000000E-30  1.000000E-30  1.000000E-30  1.000000E-30
    404  2.188327022992E-01  1.000000E-30  1.000000E-30  1.000000E-30  1.000000E-30  1.000000E-30  1.000000E-30  1.000000E-30  1.000000E-30
    405  2.210861741802E-01  1.000000E-30  1.000000E-30  1.000000E-30  1.000000E-30  1.000000E-30  1.000000E-30  1.000000E-30  1.000000E-30
    406  2.231360986547E-01  1.000000E-30  1.000000E-30  1.000000E-30  1.000000E-30  1.000000E-30  1.000000E-30  1.000000E-30  1.000000E-30
    407  2.249661932162E-01  1.000000E-30  1.000000E-30  1.000000E-30  1.000000E-30  1.000000E-30  1.000000E-30  1.000000E-30  1.000000E-30
    408  2.266023391923E-01  1.000000E-30  1.000000E-30  1.000000E-30  1.000000E-30  1.000000E-30  1.000000E-30  1.000000E-30  1.000000E-30
    409  2.291569547831E-01  1.000000E-30  1.000000E-30  1.000000E-30  1.000000E-30  1.000000E-30  1.000000E-30  1.000000E-30  1.000000E-30
    410  2.305971902523E-01  1.000000E-30  1.000000E-30  1.000000E-30  1.000000E-30  1.000000E-30  1.000000E-30  1.000000E-30  1.000000E-30
    411  2.319348711247E-01  1.000000E-30  1.000000E-30  1.000000E-30  1.000000E-30  1.000000E-30  1.000000E-30  1.000000E-30  1.000000E-30
    412  2.335360820165E-01  1.000000E-30  1.000000E-30  1.000000E-30  1.000000E-30  1.000000E-30  1.000000E-30  1.000000E-30  1.000000E-30
    413  2.351317971316E-01  1.000000E-30  1.000000E-30  1.000000E-30  1.000000E-30  1.000000E-30  1.000000E-30  1.000000E-30  1.000000E-30
    414  2.376293164755E-01  1.000000E-30  1.000000E-30  1.000000E-30  1.000000E-30  1.000000E-30  1.000000E-30  1.000000E-30  1.000000E-30
    415  2.399259738388E-01  1.000000E-30  1.000000E-30  1.000000E-30  1.000000E-30  1.000000E-30  1.000000E-30  1.000000E-30  1.000000E-30
    416  2.420046682363E-01  1.000000E-30  1.000000E-30  1.000000E-30  1.000000E-30  1.000000E-30  1.000000E-30  1.000000E-30  1.000000E-30
    417  2.451201276448E-01  1.000000E-30  1.000000E-30  1.000000E-30  1.000000E-30  1.000000E-30  1.000000E-30  1.000000E-30  1.000000E-30
    418  2.467564269033E-01  1.000000E-30  1.000000E-30  1.000000E-30  1.000000E-30  1.000000E-30  1.000000E-30  1.000000E-30  1.000000E-30
    419  2.483354027874E-01  1.000000E-30  1.000000E-30  1.000000E-30  1.000000E-30  1.000000E-30  1.000000E-30  1.000000E-30  1.000000E-30
    420  2.499258654919E-01  1.000000E-30  1.000000E-30  1.000000E-30  1.000000E-30  1.000000E-30  1.000000E-30  1.000000E-30  1.000000E-30
    421  2.515152656983E-01  1.000000E-30  1.000000E-30  1.000000E-30  1.000000E-30  1.000000E-30  1.000000E-30  1.000000E-30  1.000000E-30
    422  2.542060864984E-01  1.000000E-30  1.000000E-30  1.000000E-30  1.000000E-30  1.000000E-30  1.000000E-30  1.000000E-30  1.000000E-30
    423  2.556901221114E-01  1.000000E-30  1.000000E-30  1.000000E-30  1.000000E-30  1.000000E-30  1.000000E-30  1.000000E-30  1.000000E-30
    424  2.570805114381E-01  1.000000E-30  1.000000E-30  1.000000E-30  1.000000E-30  1.000000E-30  1.000000E-30  1.000000E-30  1.000000E-30
    425  2.598984391343E-01  1.000000E-30  1.000000E-30  1.000000E-30  1.000000E-30  1.000000E-30  1.000000E-30  1.000000E-30  1.000000E-30
    426  2.622653138568E-01  1.000000E-30  1.000000E-30  1.000000E-30  1.000000E-30  1.000000E-30  1.000000E-30  1.000000E-30  1.000000E-30
    427  2.644885215151E-01  1.000000E-30  1.000000E-30  1.000000E-30  1.000000E-30  1.000000E-30  1.000000E-30  1.000000E-30  1.000000E-30
    428  2.667229470066E-01  1.000000E-30  1.000000E-30  1.000000E-30  1.000000E-30  1.000000E-30  1.000000E-30  1.000000E-30  1.000000E-30
    429  2.687894382327E-01  1.000000E-30  1.000000E-30  1.000000E-30  1.000000E-30  1.000000E-30  1.000000E-30  1.000000E-30  1.000000E-30
    430  2.709436570286E-01  1.000000E-30  1.000000E-30  1.000000E-30  1.000000E-30  1.000000E-30  1.000000E-30  1.000000E-30  1.000000E-30
    431  2.728595154549E-01  1.000000E-30  1.000000E-30  1.000000E-30  1.000000E-30  1.000000E-30  1.000000E-30  1.000000E-30  1.000000E-30
    432  2.763050324764E-01  1.000000E-30  1.000000E-30  1.000000E-30  1.000000E-30  1.000000E-30  1.000000E-30  1.000000E-30  1.000000E-30
    433  2.797281875476E-01  1.000000E-30  1.000000E-30  1.000000E-30  1.000000E-30  1.000000E-30  1.000000E-30  1.000000E-30  1.000000E-30
    434  2.831107064370E-01  1.000000E-30  1.000000E-30  1.000000E-30  1.000000E-30  1.000000E-30  1.000000E-30  1.000000E-30  1.000000E-30
    435  2.863632962154E-01  1.000000E-30  1.000000E-30  1.000000E-30  1.000000E-30  1.000000E-30  1.000000E-30  1.000000E-30  1.000000E-30
    436  2.894106333807E-01  1.000000E-30  1.000000E-30  1.000000E-30  1.000000E-30  1.000000E-30  1.000000E-30  1.000000E-30  1.000000E-30
    437  2.941185503109E-01  1.000000E-30  1.000000E-30  1.000000E-30  1.000000E-30  1.000000E-30  1.000000E-30  1.000000E-30  1.000000E-30
    438  2.983685787405E-01  1.000000E-30  1.000000E-30  1.000000E-30  1.000000E-30  1.000000E-30  1.000000E-30  1.000000E-30  1.000000E-30
    439  3.021949729112E-01  1.000000E-30  1.000000E-30  1.000000E-30  1.000000E-30  1.000000E-30  1.000000E-30  1.000000E-30  1.171113E-30
    440  3.059150641439E-01  1.000000E-30  1.000000E-30  1.000000E-30  1.000000E-30  1.000000E-30  1.000000E-30  1.000000E-30  1.514990E-30
    441  3.094680949786E-01  1.000000E-30  1.000000E-30  1.000000E-30  1.000000E-30  1.000000E-30  1.000000E-30  1.000000E-30  2.176410E-30
    442  3.127856926026E-01  1.000000E-30  1.000000E-30  1.000000E-30  1.000000E-30  1.000000E-30  1.000000E-30  1.000000E-30  1.927260E-30
    443  3.178598433803E-01  1.000000E-30  1.000000E-30  1.000000E-30  1.000000E-30  1.000000E-30  1.000000E-30  1.000000E-30  3.293050E-30
    444  3.224504526026E-01  1.000000E-30  1.000000E-30  1.000000E-30  1.000000E-30  1.000000E-30  1.000000E-30  1.000000E-30  5.083187E-30
    445  3.266870398371E-01  1.000000E-30  1.000000E-30  1.000000E-30  1.000000E-30  1.000000E-30  1.000000E-30  1.000000E-30  7.329466E-30
    446  3.305577136787E-01  1.000000E-30  1.000000E-30  1.000000E-30  1.000000E-30  1.000000E-30  1.000000E-30  1.000000E-30  8.774611E-30
    447  3.362681054783E-01  1.000000E-30  1.000000E-30  1.000000E-30  1.000000E-30  1.000000E-30  1.000000E-30  1.000000E-30  1.338954E-29
    448  3.414589872690E-01  1.000000E-30  1.000000E-30  1.000000E-30  1.000000E-30  1.000000E-30  1.000000E-30  1.000000E-30  1.874594E-29
    449  3.462773530350E-01  1.000000E-30  1.000000E-30  1.000000E-30  1.000000E-30  1.000000E-30  1.000000E-30  1.113236E-30  2.589156E-29
    450  3.508856189623E-01  1.000000E-30  1.000000E-30  1.000000E-30  1.000000E-30  1.000000E-30  1.000000E-30  1.693468E-30  3.797373E-29
    451  3.552628710565E-01  1.000000E-30  1.000000E-30  1.000000E-30  1.000000E-30  1.000000E-30  1.166972E-30  2.772085E-30  5.980627E-29
    452  3.595141079779E-01  1.000000E-30  1.000000E-30  1.000000E-30  1.000000E-30  1.000000E-30  1.365208E-30  4.607871E-30  9.863768E-29
    453  3.636744849418E-01  1.000000E-30  1.000000E-30  1.000000E-30  1.000000E-30  1.000000E-30  1.586499E-30  7.450637E-30  1.663185E-28
    454  3.676260234901E-01  1.000000E-30  1.000000E-30  1.000000E-30  1.000000E-30  1.000000E-30  1.895459E-30  1.196640E-29  2.775701E-28
    455  3.714655117309E-01  1.000000E-30  1.000000E-30  1.000000E-30  1.000000E-30  1.000000E-30  2.219954E-30  1.916175E-29  4.595084E-28
    456  3.752653942304E-01  1.000000E-30  1.000000E-30  1.000000E-30  1.000000E-30  1.000000E-30  1.407043E-30  2.987471E-29  7.552112E-28
    457  3.809506426681E-01  1.000000E-30  1.000000E-30  1.000000E-30  1.000000E-30  1.000000E-30  2.980907E-30  6.258621E-29  1.608511E-27
    458  3.865190953769E-01  1.000000E-30  1.000000E-30  1.000000E-30  1.000000E-30  1.000000E-30  3.823095E-30  1.289320E-28  3.369268E-27
    459  3.928522091207E-01  1.000000E-30  1.000000E-30  1.000000E-30  1.000000E-30  1.000000E-30  5.918609E-30  2.928306E-28  7.792644E-27
    460  3.991093841216E-01  1.000000E-30  1.000000E-30  1.000000E-30  1.014666E-30  1.000000E-30  1.162590E-29  6.592875E-28  1.779843E-26
    461  4.054183851758E-01  1.000000E-30  1.000000E-30  1.000000E-30  1.000000E-30  1.000000E-30  2.349289E-29  1.488682E-27  4.077492E-26
    462  4.147392755742E-01  1.000000E-30  1.000000E-30  1.000000E-30  1.048369E-30  1.000000E-30  7.547429E-29  4.931971E-27  1.378898E-25
    463  4.232199499949E-01  1.000000E-30  1.000000E-30  1.000000E-30  1.388935E-30  1.173742E-30  2.319378E-28  1.451823E-26  4.136857E-25
    464  4.316976825025E-01  1.000000E-30  1.000000E-30  1.000000E-30  1.000000E-30  1.000000E-30  7.045042E-28  4.232595E-26  1.229292E-24
    465  4.393401554526E-01  1.000000E-30  1.502622E-30  1.000000E-30  2.287047E-30  1.981241E-30  1.923857E-27  1.102569E-25  3.257102E-24
    466  4.465935084243E-01  1.000000E-30  1.000000E-30  1.000000E-30  1.478519E-30  1.730366E-30  4.954245E-27  2.711293E-25  8.142227E-24
    467  4.537106765818E-01  1.000000E-30  1.146812E-30  1.000000E-30  1.799963E-30  3.062932E-30  1.248671E-26  6.510400E-25  1.986224E-23
    468  4.602314649238E-01  1.000000E-30  1.459096E-30  1.000000E-30  2.329095E-30  6.584275E-30  2.900438E-26  1.443224E-24  4.465852E-23
    469  4.709552966107E-01  1.000000E-30  2.215636E-30  1.000000E-30  3.825874E-30  2.023436E-29  1.149906E-25  5.275347E-24  1.668912E-22
    470  4.769745726746E-01  1.000000E-30  2.400810E-30  1.000000E-30  5.196544E-30  4.432118E-29  2.479206E-25  1.082970E-23  3.468820E-22
    471  4.828178172001E-01  1.000000E-30  2.864740E-30  1.000000E-30  6.211634E-30  9.242748E-29  5.212043E-25  2.167401E-23  7.020970E-22
    472  4.927188450138E-01  1.000000E-30  5.757674E-30  1.000000E-30  1.195311E-29  3.243302E-28  1.824888E-24  6.951320E-23  2.291590E-21
    473  5.000000000000E-01  1.000000E-30  4.535388E-30  1.000000E-30  1.399384E-29  8.343756E-28  4.564301E-24  1.623296E-22  5.415982E-21
