 *                                      
 * expansion:  temp0=  1.000E+10 den0=  3.000E+06 temp_stop=  1.000E+07
 *          time                re215         re216         re217         re218         re219         re220         re221         re222
      1  0.000000000000E+00  1.000000E-30  1.000000E-30  1.000000E-30  1.000000E-30  1.000000E-30  1.000000E-30  1.000000E-30  1.000000E-30
      2  1.000000000000E-16  1.000004E-30  1.000028E-30  1.000010E-30  1.000024E-30  1.000011E-30  1.000026E-30  1.000000E-30  1.000000E-30
      3  6.264265632874E-16  1.000026E-30  1.000173E-30  1.000063E-30  1.000152E-30  1.000071E-30  1.000162E-30  1.000000E-30  1.000000E-30
      4  2.206990590178E-15  1.000092E-30  1.000609E-30  1.000220E-30  1.000537E-30  1.000249E-30  1.000571E-30  1.000000E-30  1.000000E-30
      5  6.425069294186E-15  1.000269E-30  1.001770E-30  1.000642E-30  1.001558E-30  1.000723E-30  1.001658E-30  1.000000E-30  1.000000E-30
      6  1.724777641531E-14  1.000733E-30  1.004726E-30  1.001727E-30  1.004154E-30  1.001927E-30  1.004417E-30  1.000000E-30  1.000000E-30
      7  4.527785414179E-14  1.001996E-30  1.012227E-30  1.004548E-30  1.010705E-30  1.004967E-30  1.011370E-30  1.000000E-30  1.000000E-30
      8  1.231582592127E-13  1.005913E-30  1.031949E-30  1.012432E-30  1.027674E-30  1.012854E-30  1.029308E-30  1.000000E-30  1.000000E-30
      9  4.001734798240E-13  1.022761E-30  1.090341E-30  1.039812E-30  1.075575E-30  1.035217E-30  1.079281E-30  1.000000E-30  1.000000E-30
     10  1.150918682670E-12  1.067992E-30  1.184031E-30  1.096855E-30  1.143440E-30  1.067212E-30  1.147581E-30  1.000000E-30  1.000000E-30
     11  2.802808442389E-12  1.113033E-30  1.247329E-30  1.143199E-30  1.178598E-30  1.083970E-30  1.180342E-30  1.000000E-30  1.000000E-30
     12  6.912921996243E-12  1.122985E-30  1.256794E-30  1.151803E-30  1.183001E-30  1.086109E-30  1.183865E-30  1.000000E-30  1.000000E-30
     13  1.659368270033E-11  1.121045E-30  1.285615E-30  1.154067E-30  1.222824E-30  1.090725E-30  1.212157E-30  1.065929E-30  1.065481E-30
     14  1.134012897413E-10  1.086782E-30  1.182981E-30  1.085465E-30  1.000000E-30  1.000000E-30  1.000000E-30  1.000000E-30  1.000000E-30
     15  1.081477360150E-09  1.000000E-30  1.000000E-30  1.000000E-30  1.000000E-30  1.000000E-30  1.000000E-30  1.000000E-30  1.000000E-30
     16  1.076223806424E-08  1.000000E-30  1.000000E-30  1.000000E-30  1.000000E-30  1.000000E-30  1.000000E-30  1.000000E-30  1.000000E-30
     17  6.834096797002E-08  1.000000E-30  1.000000E-30  1.000000E-30  1.000000E-30  1.000000E-30  1.000000E-30  1.000000E-30  1.000000E-30
     18  2.542122411654E-07  1.000000E-30  1.000000E-30  1.000000E-30  1.000000E-30  1.000000E-30  1.000000E-30  1.000000E-30  1.000000E-30
     19  7.007518887657E-07  1.000000E-30  1.000000E-30  1.000000E-30  1.000000E-30  1.000000E-30  1.000000E-30  1.000000E-30  1.000000E-30
     20  1.724661805125E-06  1.000000E-30  1.000000E-30  1.000000E-30  1.000000E-30  1.000000E-30  1.000000E-30  1.000000E-30  1.000000E-30
     21  4.267664185819E-06  1.000000E-30  1.000000E-30  1.000000E-30  1.000000E-30  1.000000E-30  1.000000E-30  1.000000E-30  1.000000E-30
     22  1.786211798807E-05  1.000000E-30  1.000000E-30  1.000000E-30  1.000000E-30  1.000000E-30  1.000000E-30  1.000000E-30  1.000000E-30
     23  6.929007850093E-05  1.000000E-30  1.000000E-30  1.000000E-30  1.000000E-30  1.000000E-30  1.000000E-30  1.000000E-30  1.000000E-30
     24  5.835696836295E-04  1.000000E-30  1.000000E-30  1.000000E-30  1.000000E-30  1.000000E-30  1.000000E-30  1.000000E-30  1.000000E-30
     25  1.496090518789E-03  1.000000E-30  1.000000E-30  1.000000E-30  1.000000E-30  1.000000E-30  1.000000E-30  1.000000E-30  1.000000E-30
     26  2.379765156362E-03  1.000000E-30  1.000000E-30  1.000000E-30  1.000000E-30  1.000000E-30  1.000000E-30  1.000000E-30  1.000000E-30
     27  3.772948503579E-03  1.000000E-30  1.000000E-30  1.000000E-30  1.000000E-30  1.000000E-30  1.000000E-30  1.000000E-30  1.000000E-30
     28  4.957278025650E-03  1.000000E-30  1.000000E-30  1.000000E-30  1.000000E-30  1.000000E-30  1.000000E-30  1.000000E-30  1.000000E-30
     29  5.758110286319E-03  1.000000E-30  1.000000E-30  1.000000E-30  1.000000E-30  1.000000E-30  1.000000E-30  1.000000E-30  1.000000E-30
     30  6.636115041812E-03  1.000000E-30  1.000000E-30  1.000000E-30  1.000000E-30  1.000000E-30  1.000000E-30  1.000000E-30  1.000000E-30
     31  7.490864585256E-03  1.000000E-30  1.000000E-30  1.000000E-30  1.000000E-30  1.000000E-30  1.000000E-30  1.000000E-30  1.000000E-30
     32  8.026631019591E-03  1.000000E-30  1.000000E-30  1.000000E-30  1.000000E-30  1.000000E-30  1.000000E-30  1.000000E-30  1.000000E-30
     33  8.451616658664E-03  1.000000E-30  1.000000E-30  1.000000E-30  1.000000E-30  1.000000E-30  1.000000E-30  1.000000E-30  1.000000E-30
     34  9.803471762980E-03  1.000000E-30  1.000000E-30  1.000000E-30  1.000000E-30  1.000000E-30  1.000000E-30  1.000000E-30  1.000000E-30
     35  1.116687552369E-02  1.000000E-30  1.000000E-30  1.000000E-30  1.000000E-30  1.000000E-30  1.000000E-30  1.000000E-30  1.000000E-30
     36  1.219012310682E-02  1.000000E-30  1.000000E-30  1.000000E-30  1.000000E-30  1.000000E-30  1.000000E-30  1.000000E-30  1.000000E-30
     37  1.314647137106E-02  1.000000E-30  1.000000E-30  1.000000E-30  1.000000E-30  1.000000E-30  1.000000E-30  1.000000E-30  1.000000E-30
     38  1.431720408173E-02  1.000000E-30  1.000000E-30  1.000000E-30  1.000000E-30  1.000000E-30  1.000000E-30  1.000000E-30  1.000000E-30
     39  1.545287753035E-02  1.000000E-30  1.000000E-30  1.000000E-30  1.000000E-30  1.000000E-30  1.000000E-30  1.000000E-30  1.000000E-30
     40  1.716820108076E-02  1.000000E-30  1.000000E-30  1.000000E-30  1.000000E-30  1.000000E-30  1.000000E-30  1.000000E-30  1.000000E-30
     41  1.871872199221E-02  1.000000E-30  1.000000E-30  1.000000E-30  1.000000E-30  1.000000E-30  1.000000E-30  1.000000E-30  1.000000E-30
     42  2.131412024987E-02  1.000000E-30  1.000000E-30  1.000000E-30  1.000000E-30  1.000000E-30  1.000000E-30  1.000000E-30  1.000000E-30
     43  2.288535686070E-02  1.000000E-30  1.000000E-30  1.000000E-30  1.000000E-30  1.000000E-30  1.000000E-30  1.000000E-30  1.000000E-30
     44  2.437102778700E-02  1.000000E-30  1.000000E-30  1.000000E-30  1.000000E-30  1.000000E-30  1.000000E-30  1.000000E-30  1.000000E-30
     45  2.666254430666E-02  1.000000E-30  1.000000E-30  1.000000E-30  1.000000E-30  1.000000E-30  1.000000E-30  1.000000E-30  1.000000E-30
     46  2.807329513827E-02  1.000000E-30  1.000000E-30  1.000000E-30  1.000000E-30  1.000000E-30  1.000000E-30  1.000000E-30  1.000000E-30
     47  2.946719119355E-02  1.000000E-30  1.000000E-30  1.000000E-30  1.000000E-30  1.000000E-30  1.000000E-30  1.000000E-30  1.000000E-30
     48  2.982466835475E-02  1.000000E-30  1.000000E-30  1.000000E-30  1.000000E-30  1.000000E-30  1.000000E-30  1.000000E-30  1.000000E-30
     49  3.017238950627E-02  1.000000E-30  1.000000E-30  1.000000E-30  1.000000E-30  1.000000E-30  1.000000E-30  1.000000E-30  1.000000E-30
     50  3.052509122072E-02  1.000000E-30  1.000000E-30  1.000000E-30  1.000000E-30  1.000000E-30  1.000000E-30  1.000000E-30  1.000000E-30
     51  3.066477686677E-02  1.000000E-30  1.000000E-30  1.000000E-30  1.000000E-30  1.000000E-30  1.000000E-30  1.000000E-30  1.000000E-30
     52  3.080037159611E-02  1.000000E-30  1.000000E-30  1.000000E-30  1.000000E-30  1.000000E-30  1.000000E-30  1.000000E-30  1.000000E-30
     53  3.111325257314E-02  1.000000E-30  1.000000E-30  1.000000E-30  1.000000E-30  1.000000E-30  1.000000E-30  1.000000E-30  1.000000E-30
     54  3.147800645819E-02  1.000000E-30  1.000000E-30  1.000000E-30  1.000000E-30  1.000000E-30  1.000000E-30  1.000000E-30  1.000000E-30
     55  3.181357346897E-02  1.000000E-30  1.000000E-30  1.000000E-30  1.000000E-30  1.000000E-30  1.000000E-30  1.000000E-30  1.000000E-30
     56  3.217197145871E-02  1.000000E-30  1.000000E-30  1.000000E-30  1.000000E-30  1.000000E-30  1.000000E-30  1.000000E-30  1.000000E-30
     57  3.249951277145E-02  1.000000E-30  1.000000E-30  1.000000E-30  1.000000E-30  1.000000E-30  1.000000E-30  1.000000E-30  1.000000E-30
     58  3.262595809504E-02  1.000000E-30  1.000000E-30  1.000000E-30  1.000000E-30  1.000000E-30  1.000000E-30  1.000000E-30  1.000000E-30
     59  3.272641576722E-02  1.000000E-30  1.000000E-30  1.000000E-30  1.000000E-30  1.000000E-30  1.000000E-30  1.000000E-30  1.000000E-30
     60  3.304841700500E-02  1.000000E-30  1.000000E-30  1.000000E-30  1.000000E-30  1.000000E-30  1.000000E-30  1.000000E-30  1.000000E-30
     61  3.362823507679E-02  1.000000E-30  1.000000E-30  1.000000E-30  1.000000E-30  1.000000E-30  1.000000E-30  1.000000E-30  1.000000E-30
     62  3.417743618412E-02  1.000000E-30  1.000000E-30  1.000000E-30  1.000000E-30  1.000000E-30  1.000000E-30  1.000000E-30  1.000000E-30
     63  3.448472684867E-02  1.000000E-30  1.000000E-30  1.000000E-30  1.000000E-30  1.000000E-30  1.000000E-30  1.000000E-30  1.000000E-30
     64  3.459225947862E-02  1.000000E-30  1.000000E-30  1.000000E-30  1.000000E-30  1.000000E-30  1.000000E-30  1.000000E-30  1.000000E-30
     65  3.468161085917E-02  1.000000E-30  1.000000E-30  1.000000E-30  1.000000E-30  1.000000E-30  1.000000E-30  1.000000E-30  1.000000E-30
     66  3.501586344154E-02  1.000000E-30  1.000000E-30  1.000000E-30  1.000000E-30  1.000000E-30  1.000000E-30  1.000000E-30  1.000000E-30
     67  3.563385967804E-02  1.000000E-30  1.000000E-30  1.000000E-30  1.000000E-30  1.000000E-30  1.000000E-30  1.000000E-30  1.000000E-30
     68  3.619390900501E-02  1.000000E-30  1.000000E-30  1.000000E-30  1.000000E-30  1.000000E-30  1.000000E-30  1.000000E-30  1.000000E-30
     69  3.661379630041E-02  1.000000E-30  1.000000E-30  1.000000E-30  1.000000E-30  1.000000E-30  1.000000E-30  1.000000E-30  1.000000E-30
     70  3.704099468238E-02  1.000000E-30  1.000000E-30  1.000000E-30  1.000000E-30  1.000000E-30  1.000000E-30  1.000000E-30  1.000000E-30
     71  3.731378163516E-02  1.000000E-30  1.000000E-30  1.000000E-30  1.000000E-30  1.000000E-30  1.000000E-30  1.000000E-30  1.000000E-30
     72  3.757630769329E-02  1.000000E-30  1.000000E-30  1.000000E-30  1.000000E-30  1.000000E-30  1.000000E-30  1.000000E-30  1.000000E-30
     73  3.788075418501E-02  1.000000E-30  1.000000E-30  1.000000E-30  1.000000E-30  1.000000E-30  1.000000E-30  1.000000E-30  1.000000E-30
     74  3.819794660071E-02  1.000000E-30  1.000000E-30  1.000000E-30  1.000000E-30  1.000000E-30  1.000000E-30  1.000000E-30  1.000000E-30
     75  3.838080203158E-02  1.000000E-30  1.000000E-30  1.000000E-30  1.000000E-30  1.000000E-30  1.000000E-30  1.000000E-30  1.000000E-30
     76  3.859219912978E-02  1.000000E-30  1.000000E-30  1.000000E-30  1.000000E-30  1.000000E-30  1.000000E-30  1.000000E-30  1.000000E-30
     77  3.884096228080E-02  1.000000E-30  1.000000E-30  1.000000E-30  1.000000E-30  1.000000E-30  1.000000E-30  1.000000E-30  1.000000E-30
     78  3.907668434759E-02  1.000000E-30  1.000000E-30  1.000000E-30  1.000000E-30  1.000000E-30  1.000000E-30  1.000000E-30  1.000000E-30
     79  3.934936577490E-02  1.000000E-30  1.000000E-30  1.000000E-30  1.000000E-30  1.000000E-30  1.000000E-30  1.000000E-30  1.000000E-30
     80  3.961640452516E-02  1.000000E-30  1.000000E-30  1.000000E-30  1.000000E-30  1.000000E-30  1.000000E-30  1.000000E-30  1.000000E-30
     81  3.991996766101E-02  1.000000E-30  1.000000E-30  1.000000E-30  1.000000E-30  1.000000E-30  1.000000E-30  1.000000E-30  1.000000E-30
     82  4.019473378510E-02  1.000000E-30  1.000000E-30  1.000000E-30  1.000000E-30  1.000000E-30  1.000000E-30  1.000000E-30  1.000000E-30
     83  4.046928694587E-02  1.000000E-30  1.000000E-30  1.000000E-30  1.000000E-30  1.000000E-30  1.000000E-30  1.000000E-30  1.000000E-30
     84  4.074955599116E-02  1.000000E-30  1.000000E-30  1.000000E-30  1.000000E-30  1.000000E-30  1.000000E-30  1.000000E-30  1.000000E-30
     85  4.099011663524E-02  1.000000E-30  1.000000E-30  1.000000E-30  1.000000E-30  1.000000E-30  1.000000E-30  1.000000E-30  1.000000E-30
     86  4.118445936105E-02  1.000000E-30  1.000000E-30  1.000000E-30  1.000000E-30  1.000000E-30  1.000000E-30  1.000000E-30  1.000000E-30
     87  4.137235583218E-02  1.000000E-30  1.000000E-30  1.000000E-30  1.000000E-30  1.000000E-30  1.000000E-30  1.000000E-30  1.000000E-30
     88  4.152714488067E-02  1.000000E-30  1.000000E-30  1.000000E-30  1.000000E-30  1.000000E-30  1.000000E-30  1.000000E-30  1.000000E-30
     89  4.165981986900E-02  1.000000E-30  1.000000E-30  1.000000E-30  1.000000E-30  1.000000E-30  1.000000E-30  1.000000E-30  1.000000E-30
     90  4.188596337322E-02  1.000000E-30  1.000000E-30  1.000000E-30  1.000000E-30  1.000000E-30  1.000000E-30  1.000000E-30  1.000000E-30
     91  4.208159634323E-02  1.000000E-30  1.000000E-30  1.000000E-30  1.000000E-30  1.000000E-30  1.000000E-30  1.000000E-30  1.000000E-30
     92  4.230932596557E-02  1.000000E-30  1.000000E-30  1.000000E-30  1.000000E-30  1.000000E-30  1.000000E-30  1.000000E-30  1.000000E-30
     93  4.251598135750E-02  1.000000E-30  1.000000E-30  1.000000E-30  1.000000E-30  1.000000E-30  1.000000E-30  1.000000E-30  1.000000E-30
     94  4.274368410830E-02  1.000000E-30  1.000000E-30  1.000000E-30  1.000000E-30  1.000000E-30  1.000000E-30  1.000000E-30  1.000000E-30
     95  4.294191711445E-02  1.000000E-30  1.000000E-30  1.000000E-30  1.000000E-30  1.000000E-30  1.000000E-30  1.000000E-30  1.000000E-30
     96  4.316569238790E-02  1.000000E-30  1.000000E-30  1.000000E-30  1.000000E-30  1.000000E-30  1.000000E-30  1.000000E-30  1.000000E-30
     97  4.339365876136E-02  1.000000E-30  1.000000E-30  1.000000E-30  1.000000E-30  1.000000E-30  1.000000E-30  1.000000E-30  1.000000E-30
     98  4.362382833621E-02  1.000000E-30  1.000000E-30  1.000000E-30  1.000000E-30  1.000000E-30  1.000000E-30  1.000000E-30  1.000000E-30
     99  4.384703699487E-02  1.000000E-30  1.000000E-30  1.000000E-30  1.000000E-30  1.000000E-30  1.000000E-30  1.000000E-30  1.000000E-30
    100  4.408801045744E-02  1.000000E-30  1.000000E-30  1.000000E-30  1.000000E-30  1.000000E-30  1.000000E-30  1.000000E-30  1.000000E-30
    101  4.430336182063E-02  1.000000E-30  1.000000E-30  1.000000E-30  1.000000E-30  1.000000E-30  1.000000E-30  1.000000E-30  1.000000E-30
    102  4.453208602613E-02  1.000000E-30  1.000000E-30  1.000000E-30  1.000000E-30  1.000000E-30  1.000000E-30  1.000000E-30  1.000000E-30
    103  4.474836808964E-02  1.000000E-30  1.000000E-30  1.000000E-30  1.000000E-30  1.000000E-30  1.000000E-30  1.000000E-30  1.000000E-30
    104  4.497736119052E-02  1.000000E-30  1.000000E-30  1.000000E-30  1.000000E-30  1.000000E-30  1.000000E-30  1.000000E-30  1.000000E-30
    105  4.517199675598E-02  1.000000E-30  1.000000E-30  1.000000E-30  1.000000E-30  1.000000E-30  1.000000E-30  1.000000E-30  1.000000E-30
    106  4.536038532241E-02  1.000000E-30  1.000000E-30  1.000000E-30  1.000000E-30  1.000000E-30  1.000000E-30  1.000000E-30  1.000000E-30
    107  4.552484255766E-02  1.000000E-30  1.000000E-30  1.000000E-30  1.000000E-30  1.000000E-30  1.000000E-30  1.000000E-30  1.000000E-30
    108  4.581275722245E-02  1.000000E-30  1.000000E-30  1.000000E-30  1.000000E-30  1.000000E-30  1.000000E-30  1.000000E-30  1.000000E-30
    109  4.603616864208E-02  1.000000E-30  1.000000E-30  1.000000E-30  1.000000E-30  1.000000E-30  1.000000E-30  1.000000E-30  1.000000E-30
    110  4.624194314299E-02  1.000000E-30  1.000000E-30  1.000000E-30  1.000000E-30  1.000000E-30  1.000000E-30  1.000000E-30  1.000000E-30
    111  4.641297951594E-02  1.000000E-30  1.000000E-30  1.000000E-30  1.000000E-30  1.000000E-30  1.000000E-30  1.000000E-30  1.000000E-30
    112  4.656990459822E-02  1.000000E-30  1.000000E-30  1.000000E-30  1.000000E-30  1.000000E-30  1.000000E-30  1.000000E-30  1.000000E-30
    113  4.671253119976E-02  1.000000E-30  1.000000E-30  1.000000E-30  1.000000E-30  1.000000E-30  1.000000E-30  1.000000E-30  1.000000E-30
    114  4.684580987606E-02  1.000000E-30  1.000000E-30  1.000000E-30  1.000000E-30  1.000000E-30  1.000000E-30  1.000000E-30  1.000000E-30
    115  4.697520204195E-02  1.000000E-30  1.000000E-30  1.000000E-30  1.000000E-30  1.000000E-30  1.000000E-30  1.000000E-30  1.000000E-30
    116  4.709649788536E-02  1.000000E-30  1.000000E-30  1.000000E-30  1.000000E-30  1.000000E-30  1.000000E-30  1.000000E-30  1.000000E-30
    117  4.721637454993E-02  1.000000E-30  1.000000E-30  1.000000E-30  1.000000E-30  1.000000E-30  1.000000E-30  1.000000E-30  1.000000E-30
    118  4.732862910872E-02  1.000000E-30  1.000000E-30  1.000000E-30  1.000000E-30  1.000000E-30  1.000000E-30  1.000000E-30  1.000000E-30
    119  4.750539400184E-02  1.000000E-30  1.000000E-30  1.000000E-30  1.000000E-30  1.000000E-30  1.000000E-30  1.000000E-30  1.000000E-30
    120  4.767210524850E-02  1.000000E-30  1.000000E-30  1.000000E-30  1.000000E-30  1.000000E-30  1.000000E-30  1.000000E-30  1.000000E-30
    121  4.783406579930E-02  1.000000E-30  1.000000E-30  1.000000E-30  1.000000E-30  1.000000E-30  1.000000E-30  1.000000E-30  1.000000E-30
    122  4.799263518131E-02  1.000000E-30  1.000000E-30  1.000000E-30  1.000000E-30  1.000000E-30  1.000000E-30  1.000000E-30  1.000000E-30
    123  4.815339657435E-02  1.000000E-30  1.000000E-30  1.000000E-30  1.000000E-30  1.000000E-30  1.000000E-30  1.000000E-30  1.000000E-30
    124  4.832264594384E-02  1.000000E-30  1.000000E-30  1.000000E-30  1.000000E-30  1.000000E-30  1.000000E-30  1.000000E-30  1.000000E-30
    125  4.849826454798E-02  1.000000E-30  1.000000E-30  1.000000E-30  1.000000E-30  1.000000E-30  1.000000E-30  1.000000E-30  1.000000E-30
    126  4.867786870736E-02  1.000000E-30  1.000000E-30  1.000000E-30  1.000000E-30  1.000000E-30  1.000000E-30  1.000000E-30  1.000000E-30
    127  4.885872256535E-02  1.000000E-30  1.000000E-30  1.000000E-30  1.000000E-30  1.000000E-30  1.000000E-30  1.000000E-30  1.000000E-30
    128  4.903755607841E-02  1.000000E-30  1.000000E-30  1.000000E-30  1.000000E-30  1.000000E-30  1.000000E-30  1.000000E-30  1.000000E-30
    129  4.921259737621E-02  1.000000E-30  1.000000E-30  1.000000E-30  1.000000E-30  1.000000E-30  1.000000E-30  1.000000E-30  1.000000E-30
    130  4.938368810460E-02  1.000000E-30  1.000000E-30  1.000000E-30  1.000000E-30  1.000000E-30  1.000000E-30  1.000000E-30  1.000000E-30
    131  4.955132280349E-02  1.000000E-30  1.000000E-30  1.000000E-30  1.000000E-30  1.000000E-30  1.000000E-30  1.000000E-30  1.000000E-30
    132  4.971624312404E-02  1.000000E-30  1.000000E-30  1.000000E-30  1.000000E-30  1.000000E-30  1.000000E-30  1.000000E-30  1.000000E-30
    133  4.987811857735E-02  1.000000E-30  1.000000E-30  1.000000E-30  1.000000E-30  1.000000E-30  1.000000E-30  1.000000E-30  1.000000E-30
    134  5.003799836445E-02  1.000000E-30  1.000000E-30  1.000000E-30  1.000000E-30  1.000000E-30  1.000000E-30  1.000000E-30  1.000000E-30
    135  5.019682549602E-02  1.000000E-30  1.000000E-30  1.000000E-30  1.000000E-30  1.000000E-30  1.000000E-30  1.000000E-30  1.000000E-30
    136  5.035511419132E-02  1.000000E-30  1.000000E-30  1.000000E-30  1.000000E-30  1.000000E-30  1.000000E-30  1.000000E-30  1.000000E-30
    137  5.051299755300E-02  1.000000E-30  1.000000E-30  1.000000E-30  1.000000E-30  1.000000E-30  1.000000E-30  1.000000E-30  1.000000E-30
    138  5.067010535678E-02  1.000000E-30  1.000000E-30  1.000000E-30  1.000000E-30  1.000000E-30  1.000000E-30  1.000000E-30  1.000000E-30
    139  5.082726902819E-02  1.000000E-30  1.000000E-30  1.000000E-30  1.000000E-30  1.000000E-30  1.000000E-30  1.000000E-30  1.000000E-30
    140  5.098506829486E-02  1.000000E-30  1.000000E-30  1.000000E-30  1.000000E-30  1.000000E-30  1.000000E-30  1.000000E-30  1.000000E-30
    141  5.114361869269E-02  1.000000E-30  1.000000E-30  1.000000E-30  1.000000E-30  1.000000E-30  1.000000E-30  1.000000E-30  1.000000E-30
    142  5.130328078870E-02  1.000000E-30  1.000000E-30  1.000000E-30  1.000000E-30  1.000000E-30  1.000000E-30  1.000000E-30  1.000000E-30
    143  5.146205644840E-02  1.000000E-30  1.000000E-30  1.000000E-30  1.000000E-30  1.000000E-30  1.000000E-30  1.000000E-30  1.000000E-30
    144  5.162089365231E-02  1.000000E-30  1.000000E-30  1.000000E-30  1.000000E-30  1.000000E-30  1.000000E-30  1.000000E-30  1.000000E-30
    145  5.177902725711E-02  1.000000E-30  1.000000E-30  1.000000E-30  1.000000E-30  1.000000E-30  1.000000E-30  1.000000E-30  1.000000E-30
    146  5.193558292952E-02  1.000000E-30  1.000000E-30  1.000000E-30  1.000000E-30  1.000000E-30  1.000000E-30  1.000000E-30  1.000000E-30
    147  5.207655208218E-02  1.000000E-30  1.000000E-30  1.000000E-30  1.000000E-30  1.000000E-30  1.000000E-30  1.000000E-30  1.000000E-30
    148  5.220437120847E-02  1.000000E-30  1.000000E-30  1.000000E-30  1.000000E-30  1.000000E-30  1.000000E-30  1.000000E-30  1.000000E-30
    149  5.240275279905E-02  1.000000E-30  1.000000E-30  1.000000E-30  1.000000E-30  1.000000E-30  1.000000E-30  1.000000E-30  1.000000E-30
    150  5.258707116153E-02  1.000000E-30  1.000000E-30  1.000000E-30  1.000000E-30  1.000000E-30  1.000000E-30  1.000000E-30  1.000000E-30
    151  5.276353482958E-02  1.000000E-30  1.000000E-30  1.000000E-30  1.000000E-30  1.000000E-30  1.000000E-30  1.000000E-30  1.000000E-30
    152  5.293536770993E-02  1.000000E-30  1.000000E-30  1.000000E-30  1.000000E-30  1.000000E-30  1.000000E-30  1.000000E-30  1.000000E-30
    153  5.310288915571E-02  1.000000E-30  1.000000E-30  1.000000E-30  1.000000E-30  1.000000E-30  1.000000E-30  1.000000E-30  1.000000E-30
    154  5.325369291828E-02  1.000000E-30  1.000000E-30  1.000000E-30  1.000000E-30  1.000000E-30  1.000000E-30  1.000000E-30  1.000000E-30
    155  5.339308966526E-02  1.000000E-30  1.000000E-30  1.000000E-30  1.000000E-30  1.000000E-30  1.000000E-30  1.000000E-30  1.000000E-30
    156  5.362726198018E-02  1.000000E-30  1.000000E-30  1.000000E-30  1.000000E-30  1.000000E-30  1.000000E-30  1.000000E-30  1.000000E-30
    157  5.383816121000E-02  1.000000E-30  1.000000E-30  1.000000E-30  1.000000E-30  1.000000E-30  1.000000E-30  1.000000E-30  1.000000E-30
    158  5.403768730975E-02  1.000000E-30  1.000000E-30  1.000000E-30  1.000000E-30  1.000000E-30  1.000000E-30  1.000000E-30  1.000000E-30
    159  5.422986619970E-02  1.000000E-30  1.000000E-30  1.000000E-30  1.000000E-30  1.000000E-30  1.000000E-30  1.000000E-30  1.000000E-30
    160  5.440569294967E-02  1.000000E-30  1.000000E-30  1.000000E-30  1.000000E-30  1.000000E-30  1.000000E-30  1.000000E-30  1.000000E-30
    161  5.456994612052E-02  1.000000E-30  1.000000E-30  1.000000E-30  1.000000E-30  1.000000E-30  1.000000E-30  1.000000E-30  1.000000E-30
    162  5.485681963417E-02  1.000000E-30  1.000000E-30  1.000000E-30  1.000000E-30  1.000000E-30  1.000000E-30  1.000000E-30  1.000000E-30
    163  5.511708850657E-02  1.000000E-30  1.000000E-30  1.000000E-30  1.000000E-30  1.000000E-30  1.000000E-30  1.000000E-30  1.000000E-30
    164  5.536560227933E-02  1.000000E-30  1.000000E-30  1.000000E-30  1.000000E-30  1.000000E-30  1.000000E-30  1.000000E-30  1.000000E-30
    165  5.559867087093E-02  1.000000E-30  1.000000E-30  1.000000E-30  1.000000E-30  1.000000E-30  1.000000E-30  1.000000E-30  1.000000E-30
    166  5.582344501454E-02  1.000000E-30  1.000000E-30  1.000000E-30  1.000000E-30  1.000000E-30  1.000000E-30  1.000000E-30  1.000000E-30
    167  5.608267729631E-02  1.000000E-30  1.000000E-30  1.000000E-30  1.000000E-30  1.000000E-30  1.000000E-30  1.000000E-30  1.000000E-30
    168  5.632179590432E-02  1.000000E-30  1.000000E-30  1.000000E-30  1.000000E-30  1.000000E-30  1.000000E-30  1.000000E-30  1.000000E-30
    169  5.658568452696E-02  1.000000E-30  1.000000E-30  1.000000E-30  1.000000E-30  1.000000E-30  1.000000E-30  1.000000E-30  1.000000E-30
    170  5.682194908758E-02  1.000000E-30  1.000000E-30  1.000000E-30  1.000000E-30  1.000000E-30  1.000000E-30  1.000000E-30  1.000000E-30
    171  5.707748662895E-02  1.000000E-30  1.000000E-30  1.000000E-30  1.000000E-30  1.000000E-30  1.000000E-30  1.000000E-30  1.000000E-30
    172  5.730159219632E-02  1.000000E-30  1.000000E-30  1.000000E-30  1.000000E-30  1.000000E-30  1.000000E-30  1.000000E-30  1.000000E-30
    173  5.769211250520E-02  1.000000E-30  1.000000E-30  1.000000E-30  1.000000E-30  1.000000E-30  1.000000E-30  1.000000E-30  1.000000E-30
    174  5.804755660481E-02  1.000000E-30  1.000000E-30  1.000000E-30  1.000000E-30  1.000000E-30  1.000000E-30  1.000000E-30  1.000000E-30
    175  5.837706807704E-02  1.000000E-30  1.000000E-30  1.000000E-30  1.000000E-30  1.000000E-30  1.000000E-30  1.000000E-30  1.000000E-30
    176  5.868213309337E-02  1.000000E-30  1.000000E-30  1.000000E-30  1.000000E-30  1.000000E-30  1.000000E-30  1.000000E-30  1.000000E-30
    177  5.897372529375E-02  1.000000E-30  1.000000E-30  1.000000E-30  1.000000E-30  1.000000E-30  1.000000E-30  1.000000E-30  1.000000E-30
    178  5.927019313219E-02  1.000000E-30  1.000000E-30  1.000000E-30  1.000000E-30  1.000000E-30  1.000000E-30  1.000000E-30  1.000000E-30
    179  5.955970264735E-02  1.000000E-30  1.000000E-30  1.000000E-30  1.000000E-30  1.000000E-30  1.000000E-30  1.000000E-30  1.000000E-30
    180  5.987296131417E-02  1.000000E-30  1.000000E-30  1.000000E-30  1.000000E-30  1.000000E-30  1.000000E-30  1.000000E-30  1.000000E-30
    181  6.018239261751E-02  1.000000E-30  1.000000E-30  1.000000E-30  1.000000E-30  1.000000E-30  1.000000E-30  1.000000E-30  1.000000E-30
    182  6.051941164510E-02  1.000000E-30  1.000000E-30  1.000000E-30  1.000000E-30  1.000000E-30  1.000000E-30  1.000000E-30  1.000000E-30
    183  6.081686890997E-02  1.000000E-30  1.000000E-30  1.000000E-30  1.000000E-30  1.000000E-30  1.000000E-30  1.000000E-30  1.000000E-30
    184  6.107970107709E-02  1.000000E-30  1.000000E-30  1.000000E-30  1.000000E-30  1.000000E-30  1.000000E-30  1.000000E-30  1.000000E-30
    185  6.149099227918E-02  1.000000E-30  1.000000E-30  1.000000E-30  1.000000E-30  1.000000E-30  1.000000E-30  1.000000E-30  1.000000E-30
    186  6.184187848266E-02  1.000000E-30  1.000000E-30  1.000000E-30  1.000000E-30  1.000000E-30  1.000000E-30  1.000000E-30  1.000000E-30
    187  6.212841772032E-02  1.000000E-30  1.000000E-30  1.000000E-30  1.000000E-30  1.000000E-30  1.000000E-30  1.000000E-30  1.000000E-30
    188  6.241083345826E-02  1.000000E-30  1.000000E-30  1.000000E-30  1.000000E-30  1.000000E-30  1.000000E-30  1.000000E-30  1.000000E-30
    189  6.286334795077E-02  1.000000E-30  1.000000E-30  1.000000E-30  1.000000E-30  1.000000E-30  1.000000E-30  1.000000E-30  1.000000E-30
    190  6.324448148531E-02  1.000000E-30  1.000000E-30  1.000000E-30  1.000000E-30  1.000000E-30  1.000000E-30  1.000000E-30  1.000000E-30
    191  6.354755735680E-02  1.000000E-30  1.000000E-30  1.000000E-30  1.000000E-30  1.000000E-30  1.000000E-30  1.000000E-30  1.000000E-30
    192  6.382753282149E-02  1.000000E-30  1.000000E-30  1.000000E-30  1.000000E-30  1.000000E-30  1.000000E-30  1.000000E-30  1.000000E-30
    193  6.429792763326E-02  1.000000E-30  1.000000E-30  1.000000E-30  1.000000E-30  1.000000E-30  1.000000E-30  1.000000E-30  1.000000E-30
    194  6.470641913937E-02  1.000000E-30  1.000000E-30  1.000000E-30  1.000000E-30  1.000000E-30  1.000000E-30  1.000000E-30  1.000000E-30
    195  6.514351188605E-02  1.000000E-30  1.000000E-30  1.000000E-30  1.000000E-30  1.000000E-30  1.000000E-30  1.000000E-30  1.000000E-30
    196  6.551961572666E-02  1.000000E-30  1.000000E-30  1.000000E-30  1.000000E-30  1.000000E-30  1.000000E-30  1.000000E-30  1.000000E-30
    197  6.614173306661E-02  1.000000E-30  1.000000E-30  1.000000E-30  1.000000E-30  1.000000E-30  1.000000E-30  1.000000E-30  1.000000E-30
    198  6.666431851744E-02  1.000000E-30  1.000000E-30  1.000000E-30  1.000000E-30  1.000000E-30  1.000000E-30  1.000000E-30  1.000000E-30
    199  6.714973898932E-02  1.000000E-30  1.000000E-30  1.000000E-30  1.000000E-30  1.000000E-30  1.000000E-30  1.000000E-30  1.000000E-30
    200  6.763365269933E-02  1.000000E-30  1.000000E-30  1.000000E-30  1.000000E-30  1.000000E-30  1.000000E-30  1.000000E-30  1.000000E-30
    201  6.810748363549E-02  1.000000E-30  1.000000E-30  1.000000E-30  1.000000E-30  1.000000E-30  1.000000E-30  1.000000E-30  1.000000E-30
    202  6.886988901479E-02  1.000000E-30  1.000000E-30  1.000000E-30  1.000000E-30  1.000000E-30  1.000000E-30  1.000000E-30  1.000000E-30
    203  6.932442343830E-02  1.000000E-30  1.000000E-30  1.000000E-30  1.000000E-30  1.000000E-30  1.000000E-30  1.000000E-30  1.000000E-30
    204  6.977291475786E-02  1.000000E-30  1.000000E-30  1.000000E-30  1.000000E-30  1.000000E-30  1.000000E-30  1.000000E-30  1.000000E-30
    205  7.051837306122E-02  1.000000E-30  1.000000E-30  1.000000E-30  1.000000E-30  1.000000E-30  1.000000E-30  1.000000E-30  1.000000E-30
    206  7.120724846930E-02  1.000000E-30  1.000000E-30  1.000000E-30  1.000000E-30  1.000000E-30  1.000000E-30  1.000000E-30  1.000000E-30
    207  7.185571854523E-02  1.000000E-30  1.000000E-30  1.000000E-30  1.000000E-30  1.000000E-30  1.000000E-30  1.000000E-30  1.000000E-30
    208  7.250556240022E-02  1.000000E-30  1.000000E-30  1.000000E-30  1.000000E-30  1.000000E-30  1.000000E-30  1.000000E-30  1.000000E-30
    209  7.308358088908E-02  1.000000E-30  1.000000E-30  1.000000E-30  1.000000E-30  1.000000E-30  1.000000E-30  1.000000E-30  1.000000E-30
    210  7.365083251161E-02  1.000000E-30  1.000000E-30  1.000000E-30  1.000000E-30  1.000000E-30  1.000000E-30  1.000000E-30  1.000000E-30
    211  7.420607479025E-02  1.000000E-30  1.000000E-30  1.000000E-30  1.000000E-30  1.000000E-30  1.000000E-30  1.000000E-30  1.000000E-30
    212  7.477269193766E-02  1.000000E-30  1.000000E-30  1.000000E-30  1.000000E-30  1.000000E-30  1.000000E-30  1.000000E-30  1.000000E-30
    213  7.532671922740E-02  1.000000E-30  1.000000E-30  1.000000E-30  1.000000E-30  1.000000E-30  1.000000E-30  1.000000E-30  1.000000E-30
    214  7.590819975934E-02  1.000000E-30  1.000000E-30  1.000000E-30  1.000000E-30  1.000000E-30  1.000000E-30  1.000000E-30  1.000000E-30
    215  7.648106882397E-02  1.000000E-30  1.000000E-30  1.000000E-30  1.000000E-30  1.000000E-30  1.000000E-30  1.000000E-30  1.000000E-30
    216  7.706864365518E-02  1.000000E-30  1.000000E-30  1.000000E-30  1.000000E-30  1.000000E-30  1.000000E-30  1.000000E-30  1.000000E-30
    217  7.765097184480E-02  1.000000E-30  1.000000E-30  1.000000E-30  1.000000E-30  1.000000E-30  1.000000E-30  1.000000E-30  1.000000E-30
    218  7.824188421090E-02  1.000000E-30  1.000000E-30  1.000000E-30  1.000000E-30  1.000000E-30  1.000000E-30  1.000000E-30  1.000000E-30
    219  7.883216312169E-02  1.000000E-30  1.000000E-30  1.000000E-30  1.000000E-30  1.000000E-30  1.000000E-30  1.000000E-30  1.000000E-30
    220  7.934760137230E-02  1.000000E-30  1.000000E-30  1.000000E-30  1.000000E-30  1.000000E-30  1.000000E-30  1.000000E-30  1.000000E-30
    221  7.991019390762E-02  1.000000E-30  1.000000E-30  1.000000E-30  1.000000E-30  1.000000E-30  1.000000E-30  1.000000E-30  1.000000E-30
    222  8.044081450283E-02  1.000000E-30  1.000000E-30  1.000000E-30  1.000000E-30  1.000000E-30  1.000000E-30  1.000000E-30  1.000000E-30
    223  8.103419684334E-02  1.000000E-30  1.000000E-30  1.000000E-30  1.000000E-30  1.000000E-30  1.000000E-30  1.000000E-30  1.000000E-30
    224  8.158988408622E-02  1.000000E-30  1.000000E-30  1.000000E-30  1.000000E-30  1.000000E-30  1.000000E-30  1.000000E-30  1.000000E-30
    225  8.219791245697E-02  1.000000E-30  1.000000E-30  1.000000E-30  1.000000E-30  1.000000E-30  1.000000E-30  1.000000E-30  1.000000E-30
    226  8.273529679330E-02  1.000000E-30  1.000000E-30  1.000000E-30  1.000000E-30  1.000000E-30  1.000000E-30  1.000000E-30  1.000000E-30
    227  8.327310875316E-02  1.000000E-30  1.000000E-30  1.000000E-30  1.000000E-30  1.000000E-30  1.000000E-30  1.000000E-30  1.000000E-30
    228  8.381967664174E-02  1.000000E-30  1.000000E-30  1.000000E-30  1.000000E-30  1.000000E-30  1.000000E-30  1.000000E-30  1.000000E-30
    229  8.442137901789E-02  1.000000E-30  1.000000E-30  1.000000E-30  1.000000E-30  1.000000E-30  1.000000E-30  1.000000E-30  1.000000E-30
    230  8.496109010092E-02  1.000000E-30  1.000000E-30  1.000000E-30  1.000000E-30  1.000000E-30  1.000000E-30  1.000000E-30  1.000000E-30
    231  8.556251684447E-02  1.000000E-30  1.000000E-30  1.000000E-30  1.000000E-30  1.000000E-30  1.000000E-30  1.000000E-30  1.000000E-30
    232  8.609514523980E-02  1.000000E-30  1.000000E-30  1.000000E-30  1.000000E-30  1.000000E-30  1.000000E-30  1.000000E-30  1.000000E-30
    233  8.668730402486E-02  1.000000E-30  1.000000E-30  1.000000E-30  1.000000E-30  1.000000E-30  1.000000E-30  1.000000E-30  1.000000E-30
    234  8.725638446658E-02  1.000000E-30  1.000000E-30  1.000000E-30  1.000000E-30  1.000000E-30  1.000000E-30  1.000000E-30  1.000000E-30
    235  8.784892152766E-02  1.000000E-30  1.000000E-30  1.000000E-30  1.000000E-30  1.000000E-30  1.000000E-30  1.000000E-30  1.000000E-30
    236  8.837914431516E-02  1.000000E-30  1.000000E-30  1.000000E-30  1.000000E-30  1.000000E-30  1.000000E-30  1.000000E-30  1.000000E-30
    237  8.927467123273E-02  1.000000E-30  1.000000E-30  1.000000E-30  1.000000E-30  1.000000E-30  1.000000E-30  1.000000E-30  1.000000E-30
    238  9.009385267910E-02  1.000000E-30  1.000000E-30  1.000000E-30  1.000000E-30  1.000000E-30  1.000000E-30  1.000000E-30  1.000000E-30
    239  9.088007009323E-02  1.000000E-30  1.000000E-30  1.000000E-30  1.000000E-30  1.000000E-30  1.000000E-30  1.000000E-30  1.000000E-30
    240  9.160938796651E-02  1.000000E-30  1.000000E-30  1.000000E-30  1.000000E-30  1.000000E-30  1.000000E-30  1.000000E-30  1.000000E-30
    241  9.231864750676E-02  1.000000E-30  1.000000E-30  1.000000E-30  1.000000E-30  1.000000E-30  1.000000E-30  1.000000E-30  1.000000E-30
    242  9.335415502949E-02  1.000000E-30  1.000000E-30  1.000000E-30  1.000000E-30  1.000000E-30  1.000000E-30  1.000000E-30  1.000000E-30
    243  9.429165011748E-02  1.000000E-30  1.000000E-30  1.000000E-30  1.000000E-30  1.000000E-30  1.000000E-30  1.000000E-30  1.000000E-30
    244  9.514750284226E-02  1.000000E-30  1.000000E-30  1.000000E-30  1.000000E-30  1.000000E-30  1.000000E-30  1.000000E-30  1.000000E-30
    245  9.592869681963E-02  1.000000E-30  1.000000E-30  1.000000E-30  1.000000E-30  1.000000E-30  1.000000E-30  1.000000E-30  1.000000E-30
    246  9.638259128200E-02  1.000000E-30  1.000000E-30  1.000000E-30  1.000000E-30  1.000000E-30  1.000000E-30  1.000000E-30  1.000000E-30
    247  9.686466198075E-02  1.000000E-30  1.000000E-30  1.000000E-30  1.000000E-30  1.000000E-30  1.000000E-30  1.000000E-30  1.000000E-30
    248  9.745016881397E-02  1.000000E-30  1.000000E-30  1.000000E-30  1.000000E-30  1.000000E-30  1.000000E-30  1.000000E-30  1.000000E-30
    249  9.798964068785E-02  1.000000E-30  1.000000E-30  1.000000E-30  1.000000E-30  1.000000E-30  1.000000E-30  1.000000E-30  1.000000E-30
    250  9.892639389759E-02  1.000000E-30  1.000000E-30  1.000000E-30  1.000000E-30  1.000000E-30  1.000000E-30  1.000000E-30  1.000000E-30
    251  9.977784733458E-02  1.000000E-30  1.000000E-30  1.000000E-30  1.000000E-30  1.000000E-30  1.000000E-30  1.000000E-30  1.000000E-30
    252  1.005622893962E-01  1.000000E-30  1.000000E-30  1.000000E-30  1.000000E-30  1.000000E-30  1.000000E-30  1.000000E-30  1.000000E-30
    253  1.013070552067E-01  1.000000E-30  1.000000E-30  1.000000E-30  1.000000E-30  1.000000E-30  1.000000E-30  1.000000E-30  1.000000E-30
    254  1.019791947326E-01  1.000000E-30  1.000000E-30  1.000000E-30  1.000000E-30  1.000000E-30  1.000000E-30  1.000000E-30  1.000000E-30
    255  1.025982572428E-01  1.000000E-30  1.000000E-30  1.000000E-30  1.000000E-30  1.000000E-30  1.000000E-30  1.000000E-30  1.000000E-30
    256  1.032644197032E-01  1.000000E-30  1.000000E-30  1.000000E-30  1.000000E-30  1.000000E-30  1.000000E-30  1.000000E-30  1.000000E-30
    257  1.039121745974E-01  1.000000E-30  1.000000E-30  1.000000E-30  1.000000E-30  1.000000E-30  1.000000E-30  1.000000E-30  1.000000E-30
    258  1.045193471709E-01  1.000000E-30  1.000000E-30  1.000000E-30  1.000000E-30  1.000000E-30  1.000000E-30  1.000000E-30  1.000000E-30
    259  1.051181778144E-01  1.000000E-30  1.000000E-30  1.000000E-30  1.000000E-30  1.000000E-30  1.000000E-30  1.000000E-30  1.000000E-30
    260  1.056826419982E-01  1.000000E-30  1.000000E-30  1.000000E-30  1.000000E-30  1.000000E-30  1.000000E-30  1.000000E-30  1.000000E-30
    261  1.062431336111E-01  1.000000E-30  1.000000E-30  1.000000E-30  1.000000E-30  1.000000E-30  1.000000E-30  1.000000E-30  1.000000E-30
    262  1.068146627648E-01  1.000000E-30  1.000000E-30  1.000000E-30  1.000000E-30  1.000000E-30  1.000000E-30  1.000000E-30  1.000000E-30
    263  1.073656177930E-01  1.000000E-30  1.000000E-30  1.000000E-30  1.000000E-30  1.000000E-30  1.000000E-30  1.000000E-30  1.000000E-30
    264  1.079139362418E-01  1.000000E-30  1.000000E-30  1.000000E-30  1.000000E-30  1.000000E-30  1.000000E-30  1.000000E-30  1.000000E-30
    265  1.084202130578E-01  1.000000E-30  1.000000E-30  1.000000E-30  1.000000E-30  1.000000E-30  1.000000E-30  1.000000E-30  1.000000E-30
    266  1.089957947327E-01  1.000000E-30  1.000000E-30  1.000000E-30  1.000000E-30  1.000000E-30  1.000000E-30  1.000000E-30  1.000000E-30
    267  1.095139929398E-01  1.000000E-30  1.000000E-30  1.000000E-30  1.000000E-30  1.000000E-30  1.000000E-30  1.000000E-30  1.000000E-30
    268  1.100036617482E-01  1.000000E-30  1.000000E-30  1.000000E-30  1.000000E-30  1.000000E-30  1.000000E-30  1.000000E-30  1.000000E-30
    269  1.105581599754E-01  1.000000E-30  1.000000E-30  1.000000E-30  1.000000E-30  1.000000E-30  1.000000E-30  1.000000E-30  1.000000E-30
    270  1.111738162549E-01  1.000000E-30  1.000000E-30  1.000000E-30  1.000000E-30  1.000000E-30  1.000000E-30  1.000000E-30  1.000000E-30
    271  1.117276452796E-01  1.000000E-30  1.000000E-30  1.000000E-30  1.000000E-30  1.000000E-30  1.000000E-30  1.000000E-30  1.000000E-30
    272  1.122547306619E-01  1.000000E-30  1.000000E-30  1.000000E-30  1.000000E-30  1.000000E-30  1.000000E-30  1.000000E-30  1.000000E-30
    273  1.128196390807E-01  1.000000E-30  1.000000E-30  1.000000E-30  1.000000E-30  1.000000E-30  1.000000E-30  1.000000E-30  1.000000E-30
    274  1.134172103791E-01  1.000000E-30  1.000000E-30  1.000000E-30  1.000000E-30  1.000000E-30  1.000000E-30  1.000000E-30  1.000000E-30
    275  1.139661173569E-01  1.000000E-30  1.000000E-30  1.000000E-30  1.000000E-30  1.000000E-30  1.000000E-30  1.000000E-30  1.000000E-30
    276  1.145721141816E-01  1.000000E-30  1.000000E-30  1.000000E-30  1.000000E-30  1.000000E-30  1.000000E-30  1.000000E-30  1.000000E-30
    277  1.151138636995E-01  1.000000E-30  1.000000E-30  1.000000E-30  1.000000E-30  1.000000E-30  1.000000E-30  1.000000E-30  1.000000E-30
    278  1.160623872824E-01  1.000000E-30  1.000000E-30  1.000000E-30  1.000000E-30  1.000000E-30  1.000000E-30  1.000000E-30  1.000000E-30
    279  1.166131253687E-01  1.000000E-30  1.000000E-30  1.000000E-30  1.000000E-30  1.000000E-30  1.000000E-30  1.000000E-30  1.000000E-30
    280  1.171578902390E-01  1.000000E-30  1.000000E-30  1.000000E-30  1.000000E-30  1.000000E-30  1.000000E-30  1.000000E-30  1.000000E-30
    281  1.179966344325E-01  1.000000E-30  1.000000E-30  1.000000E-30  1.000000E-30  1.000000E-30  1.000000E-30  1.000000E-30  1.000000E-30
    282  1.184626561866E-01  1.000000E-30  1.000000E-30  1.000000E-30  1.000000E-30  1.000000E-30  1.000000E-30  1.000000E-30  1.000000E-30
    283  1.189221956404E-01  1.000000E-30  1.000000E-30  1.000000E-30  1.000000E-30  1.000000E-30  1.000000E-30  1.000000E-30  1.000000E-30
    284  1.197605220964E-01  1.000000E-30  1.000000E-30  1.000000E-30  1.000000E-30  1.000000E-30  1.000000E-30  1.000000E-30  1.000000E-30
    285  1.205341475296E-01  1.000000E-30  1.000000E-30  1.000000E-30  1.000000E-30  1.000000E-30  1.000000E-30  1.000000E-30  1.000000E-30
    286  1.212540834288E-01  1.000000E-30  1.000000E-30  1.000000E-30  1.000000E-30  1.000000E-30  1.000000E-30  1.000000E-30  1.000000E-30
    287  1.219299358624E-01  1.000000E-30  1.000000E-30  1.000000E-30  1.000000E-30  1.000000E-30  1.000000E-30  1.000000E-30  1.000000E-30
    288  1.225766858039E-01  1.000000E-30  1.000000E-30  1.000000E-30  1.000000E-30  1.000000E-30  1.000000E-30  1.000000E-30  1.000000E-30
    289  1.231854533608E-01  1.000000E-30  1.000000E-30  1.000000E-30  1.000000E-30  1.000000E-30  1.000000E-30  1.000000E-30  1.000000E-30
    290  1.237219182154E-01  1.000000E-30  1.000000E-30  1.000000E-30  1.000000E-30  1.000000E-30  1.000000E-30  1.000000E-30  1.000000E-30
    291  1.242404039059E-01  1.000000E-30  1.000000E-30  1.000000E-30  1.000000E-30  1.000000E-30  1.000000E-30  1.000000E-30  1.000000E-30
    292  1.248086455930E-01  1.000000E-30  1.000000E-30  1.000000E-30  1.000000E-30  1.000000E-30  1.000000E-30  1.000000E-30  1.000000E-30
    293  1.253177247642E-01  1.000000E-30  1.000000E-30  1.000000E-30  1.000000E-30  1.000000E-30  1.000000E-30  1.000000E-30  1.000000E-30
    294  1.258810647447E-01  1.000000E-30  1.000000E-30  1.000000E-30  1.000000E-30  1.000000E-30  1.000000E-30  1.000000E-30  1.000000E-30
    295  1.264205598797E-01  1.000000E-30  1.000000E-30  1.000000E-30  1.000000E-30  1.000000E-30  1.000000E-30  1.000000E-30  1.000000E-30
    296  1.270317883483E-01  1.000000E-30  1.000000E-30  1.000000E-30  1.000000E-30  1.000000E-30  1.000000E-30  1.000000E-30  1.000000E-30
    297  1.275757308169E-01  1.000000E-30  1.000000E-30  1.000000E-30  1.000000E-30  1.000000E-30  1.000000E-30  1.000000E-30  1.000000E-30
    298  1.286048671531E-01  1.000000E-30  1.000000E-30  1.000000E-30  1.000000E-30  1.000000E-30  1.000000E-30  1.000000E-30  1.000000E-30
    299  1.290949488661E-01  1.000000E-30  1.000000E-30  1.000000E-30  1.000000E-30  1.000000E-30  1.000000E-30  1.000000E-30  1.000000E-30
    300  1.295345101683E-01  1.000000E-30  1.000000E-30  1.000000E-30  1.000000E-30  1.000000E-30  1.000000E-30  1.000000E-30  1.000000E-30
    301  1.303954523490E-01  1.000000E-30  1.000000E-30  1.000000E-30  1.000000E-30  1.000000E-30  1.000000E-30  1.000000E-30  1.000000E-30
    302  1.308549873199E-01  1.000000E-30  1.000000E-30  1.000000E-30  1.000000E-30  1.000000E-30  1.000000E-30  1.000000E-30  1.000000E-30
    303  1.312776310019E-01  1.000000E-30  1.000000E-30  1.000000E-30  1.000000E-30  1.000000E-30  1.000000E-30  1.000000E-30  1.000000E-30
    304  1.320787884157E-01  1.000000E-30  1.000000E-30  1.000000E-30  1.000000E-30  1.000000E-30  1.000000E-30  1.000000E-30  1.000000E-30
    305  1.327308179063E-01  1.000000E-30  1.000000E-30  1.000000E-30  1.000000E-30  1.000000E-30  1.000000E-30  1.000000E-30  1.000000E-30
    306  1.333821207310E-01  1.000000E-30  1.000000E-30  1.000000E-30  1.000000E-30  1.000000E-30  1.000000E-30  1.000000E-30  1.000000E-30
    307  1.339749669338E-01  1.000000E-30  1.000000E-30  1.000000E-30  1.000000E-30  1.000000E-30  1.000000E-30  1.000000E-30  1.000000E-30
    308  1.345530840576E-01  1.000000E-30  1.000000E-30  1.000000E-30  1.000000E-30  1.000000E-30  1.000000E-30  1.000000E-30  1.000000E-30
    309  1.351098094661E-01  1.000000E-30  1.000000E-30  1.000000E-30  1.000000E-30  1.000000E-30  1.000000E-30  1.000000E-30  1.000000E-30
    310  1.359304916944E-01  1.000000E-30  1.000000E-30  1.000000E-30  1.000000E-30  1.000000E-30  1.000000E-30  1.000000E-30  1.000000E-30
    311  1.363572082699E-01  1.000000E-30  1.000000E-30  1.000000E-30  1.000000E-30  1.000000E-30  1.000000E-30  1.000000E-30  1.000000E-30
    312  1.367788244083E-01  1.000000E-30  1.000000E-30  1.000000E-30  1.000000E-30  1.000000E-30  1.000000E-30  1.000000E-30  1.000000E-30
    313  1.375777712339E-01  1.000000E-30  1.000000E-30  1.000000E-30  1.000000E-30  1.000000E-30  1.000000E-30  1.000000E-30  1.000000E-30
    314  1.380438267916E-01  1.000000E-30  1.000000E-30  1.000000E-30  1.000000E-30  1.000000E-30  1.000000E-30  1.000000E-30  1.000000E-30
    315  1.384690951451E-01  1.000000E-30  1.000000E-30  1.000000E-30  1.000000E-30  1.000000E-30  1.000000E-30  1.000000E-30  1.000000E-30
    316  1.391087445178E-01  1.000000E-30  1.000000E-30  1.000000E-30  1.000000E-30  1.000000E-30  1.000000E-30  1.000000E-30  1.000000E-30
    317  1.397002518981E-01  1.000000E-30  1.000000E-30  1.000000E-30  1.000000E-30  1.000000E-30  1.000000E-30  1.000000E-30  1.000000E-30
    318  1.402705851668E-01  1.000000E-30  1.000000E-30  1.000000E-30  1.000000E-30  1.000000E-30  1.000000E-30  1.000000E-30  1.000000E-30
    319  1.408634912375E-01  1.000000E-30  1.000000E-30  1.000000E-30  1.000000E-30  1.000000E-30  1.000000E-30  1.000000E-30  1.000000E-30
    320  1.414089642241E-01  1.000000E-30  1.000000E-30  1.000000E-30  1.000000E-30  1.000000E-30  1.000000E-30  1.000000E-30  1.000000E-30
    321  1.419220762512E-01  1.000000E-30  1.000000E-30  1.000000E-30  1.000000E-30  1.000000E-30  1.000000E-30  1.000000E-30  1.000000E-30
    322  1.422771704232E-01  1.000000E-30  1.000000E-30  1.000000E-30  1.000000E-30  1.000000E-30  1.000000E-30  1.000000E-30  1.000000E-30
    323  1.426029315631E-01  1.575894E-30  1.000000E-30  1.000000E-30  1.000000E-30  1.000000E-30  1.000000E-30  1.000000E-30  1.000000E-30
    324  1.430135230101E-01  3.074025E-30  1.000000E-30  1.000000E-30  1.000000E-30  1.000000E-30  1.000000E-30  1.000000E-30  1.000000E-30
    325  1.434683796643E-01  6.376015E-30  1.000000E-30  1.000000E-30  1.000000E-30  1.000000E-30  1.000000E-30  1.000000E-30  1.000000E-30
    326  1.440315208021E-01  1.617335E-29  1.000000E-30  1.000000E-30  1.000000E-30  1.000000E-30  1.000000E-30  1.000000E-30  1.000000E-30
    327  1.445490332405E-01  3.697804E-29  1.515064E-30  1.061027E-30  1.000000E-30  1.000000E-30  1.000000E-30  1.000000E-30  1.000000E-30
    328  1.451370980342E-01  9.503812E-29  4.173060E-30  3.179878E-30  1.000000E-30  1.000000E-30  1.000000E-30  1.000000E-30  1.000000E-30
    329  1.457052374241E-01  2.334274E-28  1.077624E-29  8.897751E-30  1.000000E-30  1.000000E-30  1.000000E-30  1.000000E-30  1.000000E-30
    330  1.463107957421E-01  6.103544E-28  2.974063E-29  2.676887E-29  1.000000E-30  1.000000E-30  1.000000E-30  1.000000E-30  1.000000E-30
    331  1.468752132891E-01  1.458823E-27  7.478236E-29  7.298748E-29  1.792357E-30  1.000000E-30  1.000000E-30  1.000000E-30  1.000000E-30
    332  1.475510939381E-01  4.146357E-27  2.259507E-28  2.431632E-28  6.155714E-30  3.592064E-30  1.000000E-30  1.000000E-30  1.000000E-30
    333  1.481899111058E-01  1.090197E-26  6.296689E-28  7.436972E-28  1.985556E-29  1.258360E-29  1.000000E-30  1.000000E-30  1.000000E-30
    334  1.491767377555E-01  4.925439E-26  3.115773E-27  4.259799E-27  1.236332E-28  9.030332E-29  1.227933E-30  1.000000E-30  1.000000E-30
    335  1.497116139607E-01  1.021503E-25  6.787930E-27  1.003377E-26  3.043843E-28  2.394661E-28  3.451858E-30  2.571767E-30  1.000000E-30
    336  1.502421520731E-01  2.027886E-25  1.416210E-26  2.266715E-26  7.194076E-28  6.108601E-28  9.173261E-30  7.341844E-30  1.000000E-30
    337  1.509052103900E-01  4.539678E-25  3.374160E-26  5.967100E-26  2.004438E-27  1.873967E-27  2.964529E-29  2.592460E-29  1.000000E-30
    338  1.515352476696E-01  8.925561E-25  7.041254E-26  1.369755E-25  4.857731E-27  4.978883E-27  8.278298E-29  7.881413E-29  1.000000E-30
    339  1.521327102765E-01  1.546247E-24  1.291231E-25  2.751461E-25  1.027650E-26  1.149968E-26  2.005033E-28  2.070332E-28  1.000000E-30
    340  1.526678407657E-01  2.312724E-24  2.033079E-25  4.703610E-25  1.840872E-26  2.229968E-26  4.058446E-28  4.508935E-28  1.735601E-30
    341  1.532481602429E-01  3.299405E-24  3.067552E-25  7.762359E-25  3.196944E-26  4.222305E-26  8.052555E-28  9.690512E-28  3.746003E-30
    342  1.535863948111E-01  3.870608E-24  3.718701E-25  9.917571E-25  4.208504E-26  5.847086E-26  1.146126E-27  1.445336E-27  5.731879E-30
    343  1.538995751697E-01  4.385136E-24  4.343557E-25  1.216434E-24  5.307336E-26  7.729643E-26  1.554263E-27  2.047255E-27  8.309271E-30
    344  1.546020187628E-01  5.659073E-24  6.004796E-25  1.877624E-24  8.721987E-26  1.412747E-25  3.008937E-27  4.372341E-27  1.869994E-29
    345  1.552062305672E-01  6.601572E-24  7.435338E-25  2.557759E-24  1.254451E-25  2.227822E-25  4.987475E-27  7.890738E-27  3.531483E-29
    346  1.557875935888E-01  7.355321E-24  8.776986E-25  3.311956E-24  1.712100E-25  3.324384E-25  7.810709E-27  1.341910E-26  6.275823E-29
    347  1.566447447202E-01  8.430489E-24  1.096204E-24  4.746371E-24  2.653204E-25  5.882555E-25  1.485017E-26  2.883729E-26  1.439824E-28
    348  1.574294426159E-01  9.138363E-24  1.286360E-24  6.323738E-24  3.799804E-25  9.522412E-25  2.568805E-26  5.585762E-26  2.962916E-28
    349  1.581710514975E-01  9.680536E-24  1.469733E-24  8.156116E-24  5.250292E-25  1.478906E-24  4.250145E-26  1.029515E-25  5.785549E-28
    350  1.588328903187E-01  1.028149E-23  1.670835E-24  1.033888E-23  7.080695E-25  2.215439E-24  6.739673E-26  1.798836E-25  1.064789E-27
    351  1.594606073659E-01  1.121289E-23  1.944514E-24  1.335132E-23  9.701188E-25  3.355763E-24  1.077912E-25  3.156223E-25  1.963361E-27
    352  1.600565792087E-01  1.257631E-23  2.320697E-24  1.760205E-23  1.353409E-24  5.153500E-24  1.743692E-25  5.578840E-25  3.639137E-27
    353  1.607059625219E-01  1.452376E-23  2.869042E-24  2.426991E-23  1.985552E-24  8.399779E-24  3.008846E-25  1.060869E-24  7.290302E-27
    354  1.613957576202E-01  1.669548E-23  3.546809E-24  3.371055E-23  2.946938E-24  1.395190E-23  5.312031E-25  2.078104E-24  1.510039E-26
    355  1.620398820205E-01  1.931267E-23  4.396212E-24  4.667092E-23  4.344259E-24  2.287744E-23  9.226422E-25  3.980907E-24  3.048690E-26
    356  1.627691861850E-01  2.333591E-23  5.741685E-24  6.904145E-23  6.898685E-24  4.097942E-23  1.764279E-24  8.509553E-24  6.919296E-26
    357  1.634667099868E-01  2.571318E-23  6.822468E-24  9.258962E-23  9.910440E-24  6.615381E-23  3.033768E-24  1.629165E-23  1.403380E-25
    358  1.645369737572E-01  2.538335E-23  7.569658E-24  1.238793E-22  1.474820E-23  1.179378E-22  5.964639E-24  3.783940E-23  3.565211E-25
    359  1.651200899964E-01  2.352472E-23  7.481097E-24  1.356924E-22  1.712828E-23  1.512707E-22  8.073857E-24  5.613323E-23  5.556173E-25
    360  1.656939516385E-01  2.089240E-23  7.080686E-24  1.422305E-22  1.902498E-23  1.854096E-22  1.043801E-23  7.946847E-23  8.259922E-25
    361  1.664404283242E-01  1.695361E-23  6.245465E-24  1.433800E-22  2.069221E-23  2.294013E-22  1.384950E-23  1.187508E-22  1.315949E-24
    362  1.671401020014E-01  1.327192E-23  5.289978E-24  1.377697E-22  2.136199E-23  2.674864E-22  1.725145E-23  1.654946E-22  1.948433E-24
    363  1.682228463170E-01  8.395860E-24  3.785271E-24  1.200930E-22  2.083156E-23  3.155662E-22  2.256622E-23  2.580369E-22  3.339802E-24
    364  1.688914277275E-01  6.218022E-24  3.026811E-24  1.085696E-22  2.019695E-23  3.444639E-22  2.627088E-23  3.350916E-22  4.601046E-24
    365  1.695862681704E-01  4.671888E-24  2.464679E-24  1.005757E-22  2.013219E-23  3.888665E-22  3.172691E-23  4.538663E-22  6.629925E-24
    366  1.708796298676E-01  2.881468E-24  1.768900E-24  9.197871E-23  2.113252E-23  5.156207E-22  4.776124E-23  8.475609E-22  1.391178E-23
    367  1.720689125062E-01  1.842285E-24  1.301839E-24  8.483324E-23  2.216436E-23  6.727122E-22  7.014534E-23  1.521947E-21  2.785108E-23
    368  1.730357271347E-01  1.222111E-24  9.698999E-25  7.609709E-23  2.209859E-23  8.023862E-22  9.222740E-23  2.360589E-21  4.724331E-23
    369  1.739185931198E-01  7.943856E-25  7.016938E-25  6.534707E-23  2.092107E-23  8.963702E-22  1.127194E-22  3.360442E-21  7.304695E-23
    370  1.748109107026E-01  4.855513E-25  4.783970E-25  5.305006E-23  1.876157E-23  9.515215E-22  1.311508E-22  4.567603E-21  1.080279E-22
    371  1.757092013639E-01  2.791215E-25  3.073051E-25  4.070719E-23  1.592973E-23  9.593094E-22  1.451537E-22  5.922047E-21  1.526116E-22
    372  1.765567714958E-01  1.576696E-25  1.929602E-25  3.026042E-23  1.303971E-23  9.244506E-22  1.528775E-22  7.249658E-21  2.027415E-22
    373  1.775373762473E-01  7.676310E-26  1.062940E-25  2.031218E-23  9.796530E-24  8.408774E-22  1.542781E-22  8.725237E-21  2.684846E-22
    374  1.784803688374E-01  3.639181E-26  5.682165E-26  1.314719E-23  7.074169E-24  7.307673E-22  1.483138E-22  9.949832E-21  3.359786E-22
    375  1.795112536071E-01  1.512670E-26  2.696552E-26  7.708601E-24  4.681078E-24  5.937240E-22  1.347243E-22  1.091949E-20  4.086199E-22
    376  1.804824008025E-01  6.264380E-27  1.266965E-26  4.424539E-24  3.014782E-24  4.646371E-22  1.172533E-22  1.137420E-20  4.694134E-22
    377  1.815169070317E-01  2.306681E-27  5.342669E-27  2.312866E-24  1.784187E-24  3.393611E-22  9.603427E-23  1.130951E-20  5.186964E-22
    378  1.825428215499E-01  8.098788E-28  2.147621E-27  1.150155E-24  1.004943E-24  2.359015E-22  7.488588E-23  1.070853E-20  5.460055E-22
    379  1.841355644659E-01  1.456163E-28  4.733217E-28  3.489060E-25  3.704618E-25  1.211129E-22  4.608888E-23  8.948171E-21  5.391333E-22
    380  1.856860183354E-01  2.591278E-29  9.598146E-29  9.623559E-26  1.244051E-25  5.633427E-23  2.565013E-23  6.743595E-21  4.794771E-22
    381  1.870847965371E-01  6.553711E-30  2.296551E-29  2.743700E-26  4.225567E-26  2.569471E-23  1.379060E-23  4.787027E-21  3.962428E-22
    382  1.883699545972E-01  3.024164E-30  6.810780E-30  8.066738E-27  1.467573E-26  1.167178E-23  7.304943E-24  3.282511E-21  3.130709E-22
    383  1.895671856375E-01  2.192801E-30  2.896910E-30  2.556985E-27  5.431044E-27  5.395431E-24  3.903229E-24  2.237549E-21  2.439954E-22
    384  1.907324824205E-01  1.815892E-30  1.764927E-30  8.938954E-28  2.205964E-27  2.533839E-24  2.114258E-24  1.537392E-21  1.913339E-22
    385  1.917913284253E-01  1.564980E-30  1.326683E-30  4.030959E-28  1.138316E-27  1.295876E-24  1.232247E-24  1.109021E-21  1.558620E-22
    386  1.928179034582E-01  1.410827E-30  1.054347E-30  2.278625E-28  7.343865E-28  6.905317E-25  7.459110E-25  8.191810E-22  1.297114E-22
    387  1.939781308337E-01  1.568765E-30  1.000000E-30  1.487748E-28  5.574639E-28  3.508763E-25  4.375548E-25  5.859172E-22  1.063382E-22
    388  1.950365569225E-01  1.354265E-30  1.000000E-30  1.117968E-28  4.845453E-28  1.979279E-25  2.812226E-25  4.279966E-22  8.809679E-23
    389  1.963061656501E-01  1.602268E-30  1.000000E-30  8.342683E-29  4.284138E-28  1.112681E-25  1.847668E-25  2.864777E-22  6.870192E-23
    390  1.975160386553E-01  1.447329E-30  1.000000E-30  6.236184E-29  3.790519E-28  7.665109E-26  1.480776E-25  1.888896E-22  5.246819E-23
    391  1.988970783448E-01  1.639604E-30  1.000000E-30  4.409617E-29  3.204184E-28  6.222738E-26  1.442815E-25  1.122584E-22  3.691272E-23
    392  2.001908516564E-01  1.515361E-30  1.000000E-30  3.075896E-29  2.652495E-28  5.851611E-26  1.623261E-25  6.627194E-23  2.550674E-23
    393  2.023233395230E-01  2.427744E-30  1.000000E-30  1.804758E-29  1.830427E-28  5.764452E-26  2.168526E-25  2.620204E-23  1.289532E-23
    394  2.035207364909E-01  1.343753E-30  1.000000E-30  1.142782E-29  1.435571E-28  5.713247E-26  2.557567E-25  1.553304E-23  8.548313E-24
    395  2.047171141817E-01  1.253316E-30  1.000000E-30  7.994583E-30  1.106990E-28  5.601360E-26  2.988174E-25  9.479429E-24  5.614142E-24
    396  2.061861175315E-01  1.522325E-30  1.000000E-30  5.888382E-30  7.885775E-29  5.375415E-26  3.564838E-25  5.751544E-24  3.396210E-24
    397  2.075162532616E-01  1.497600E-30  1.000000E-30  4.473987E-30  5.685026E-29  5.097947E-26  4.126774E-25  4.283210E-24  2.261289E-24
    398  2.088103947538E-01  1.310597E-30  1.000000E-30  3.394594E-30  4.062424E-29  4.776665E-26  4.705783E-25  3.734589E-24  1.653704E-24
    399  2.102374295066E-01  1.509456E-30  1.000000E-30  3.208627E-30  2.783634E-29  4.383080E-26  5.377231E-25  3.635321E-24  1.329367E-24
    400  2.116254943500E-01  1.321067E-30  1.000000E-30  2.641243E-30  1.895893E-29  3.978647E-26  6.059669E-25  3.786825E-24  1.216866E-24
    401  2.137594200207E-01  1.914537E-30  1.000000E-30  3.542943E-30  1.087756E-29  3.349579E-26  7.156428E-25  4.227194E-24  1.242055E-24
    402  2.149968302441E-01  1.141604E-30  1.000000E-30  2.025007E-30  7.491604E-30  2.995446E-26  7.814175E-25  4.537069E-24  1.311706E-24
    403  2.163578604848E-01  1.126284E-30  1.000000E-30  2.069304E-30  5.301712E-30  2.623669E-26  8.552259E-25  4.903493E-24  1.410745E-24
    404  2.188327022992E-01  1.960512E-30  1.000000E-30  3.560239E-30  3.616557E-30  2.014362E-26  9.922831E-25  5.616665E-24  1.619745E-24
    405  2.210861741802E-01  1.746406E-30  1.000000E-30  3.061078E-30  2.661855E-30  1.544180E-26  1.118878E-24  6.305542E-24  1.822940E-24
    406  2.231360986547E-01  1.458068E-30  1.000000E-30  2.610611E-30  2.213317E-30  1.189450E-26  1.234300E-24  6.957693E-24  2.010661E-24
    407  2.249661932162E-01  1.279405E-30  1.000000E-30  2.357415E-30  2.057233E-30  9.285894E-27  1.336728E-24  7.555879E-24  2.177931E-24
    408  2.266023391923E-01  1.135644E-30  1.000000E-30  2.120727E-30  2.002633E-30  7.360083E-27  1.427267E-24  8.100184E-24  2.326031E-24
    409  2.291569547831E-01  1.635252E-30  1.000000E-30  3.056938E-30  2.372457E-30  5.018538E-27  1.565689E-24  8.961404E-24  2.552733E-24
    410  2.305971902523E-01  1.000000E-30  1.000000E-30  1.901701E-30  2.110889E-30  4.000706E-27  1.641712E-24  9.449910E-24  2.677359E-24
    411  2.319348711247E-01  1.000000E-30  1.000000E-30  1.605755E-30  2.119489E-30  3.221223E-27  1.710792E-24  9.903737E-24  2.790676E-24
    412  2.335360820165E-01  1.000000E-30  1.000000E-30  1.877786E-30  2.325216E-30  2.466542E-27  1.791349E-24  1.044541E-23  2.922910E-24
    413  2.351317971316E-01  1.000000E-30  1.000000E-30  1.906750E-30  2.433634E-30  1.875141E-27  1.869148E-24  1.098191E-23  3.050714E-24
    414  2.376293164755E-01  1.352485E-30  1.000000E-30  2.614198E-30  2.847736E-30  1.205394E-27  1.985694E-24  1.181187E-23  3.242369E-24
    415  2.399259738388E-01  1.233085E-30  1.000000E-30  2.472994E-30  3.001347E-30  7.918893E-28  2.087301E-24  1.256300E-23  3.409669E-24
    416  2.420046682363E-01  1.000000E-30  1.000000E-30  2.034061E-30  3.088171E-30  5.368516E-28  2.175214E-24  1.323460E-23  3.554590E-24
    417  2.451201276448E-01  1.309126E-30  1.000000E-30  2.599413E-30  3.660249E-30  3.023996E-28  2.302744E-24  1.424235E-23  3.765082E-24
    418  2.467564269033E-01  1.000000E-30  1.000000E-30  1.775983E-30  3.665416E-30  2.240332E-28  2.370296E-24  1.478771E-23  3.876667E-24
    419  2.483354027874E-01  1.000000E-30  1.000000E-30  1.818472E-30  3.977307E-30  1.719737E-28  2.438611E-24  1.534176E-23  3.989526E-24
    420  2.499258654919E-01  1.000000E-30  1.000000E-30  1.757568E-30  4.385756E-30  1.358657E-28  2.513910E-24  1.594931E-23  4.113890E-24
    421  2.515152656983E-01  1.000000E-30  1.000000E-30  1.604657E-30  4.876297E-30  1.120595E-28  2.600600E-24  1.663866E-23  4.256974E-24
    422  2.542060864984E-01  1.000000E-30  1.000000E-30  2.622099E-30  6.562192E-30  9.702375E-29  2.795041E-24  1.813834E-23  4.577486E-24
    423  2.556901221114E-01  1.000000E-30  1.000000E-30  2.186376E-30  7.715013E-30  9.757974E-29  2.945204E-24  1.926243E-23  4.824709E-24
    424  2.570805114381E-01  1.000000E-30  1.000000E-30  1.999188E-30  9.320454E-30  1.058569E-28  3.129427E-24  2.061690E-23  5.127795E-24
    425  2.598984391343E-01  1.000000E-30  1.000000E-30  3.405956E-30  1.528856E-29  1.535964E-28  3.707073E-24  2.478366E-23  6.077441E-24
    426  2.622653138568E-01  1.000000E-30  1.000000E-30  4.526786E-30  2.433194E-29  2.366833E-28  4.540497E-24  3.072939E-23  7.447010E-24
    427  2.644885215151E-01  1.000000E-30  1.000000E-30  6.537849E-30  3.903023E-29  3.777186E-28  5.812296E-24  3.978842E-23  9.536844E-24
    428  2.667229470066E-01  1.000000E-30  1.000000E-30  9.956858E-30  6.395522E-29  6.223916E-28  7.851956E-24  5.436677E-23  1.288887E-23
    429  2.687894382327E-01  1.000000E-30  1.000000E-30  1.479842E-29  1.016515E-28  9.984652E-28  1.078435E-23  7.545540E-23  1.770917E-23
    430  2.709436570286E-01  1.000000E-30  1.000000E-30  2.330126E-29  1.650589E-28  1.639884E-27  1.546096E-23  1.093527E-22  2.539894E-23
    431  2.728595154549E-01  1.000000E-30  1.000000E-30  3.495710E-29  2.533203E-28  2.544226E-27  2.165658E-23  1.546420E-22  3.558979E-23
    432  2.763050324764E-01  1.000000E-30  1.000000E-30  7.283605E-29  5.408870E-28  5.542962E-27  4.047422E-23  2.939609E-22  6.655743E-23
    433  2.797281875476E-01  1.000000E-30  1.000000E-30  1.468435E-28  1.126785E-27  1.178393E-26  7.567775E-23  5.588537E-22  1.245283E-22
    434  2.831107064370E-01  1.000000E-30  1.000000E-30  2.887832E-28  2.279732E-27  2.432376E-26  1.392481E-22  1.045065E-21  2.292814E-22
    435  2.863632962154E-01  1.000000E-30  1.000000E-30  5.440470E-28  4.403461E-27  4.789199E-26  2.468773E-22  1.881411E-21  4.067526E-22
    436  2.894106333807E-01  1.000000E-30  1.000000E-30  9.690314E-28  8.024707E-27  8.884700E-26  4.162192E-22  3.217036E-21  6.861578E-22
    437  2.941185503109E-01  1.000000E-30  1.000000E-30  2.301142E-27  1.968259E-26  2.239413E-25  9.070650E-22  7.162315E-21  1.496685E-21
    438  2.983685787405E-01  1.000000E-30  1.000000E-30  4.885240E-27  4.297460E-26  5.009626E-25  1.781152E-21  1.433140E-20  2.941330E-21
    439  3.021949729112E-01  1.000000E-30  1.000000E-30  9.424441E-27  8.494667E-26  1.011795E-24  3.199703E-21  2.617482E-20  5.287692E-21
    440  3.059150641439E-01  1.000000E-30  1.000000E-30  1.755092E-26  1.618395E-25  1.967817E-24  5.552474E-21  4.614106E-20  9.182168E-21
    441  3.094680949786E-01  1.236942E-30  1.190066E-30  3.134149E-26  2.951124E-25  3.658481E-24  9.254803E-21  7.804393E-20  1.531479E-20
    442  3.127856926026E-01  1.355989E-30  2.027147E-30  5.327189E-26  5.111201E-25  6.450015E-24  1.472722E-20  1.258658E-19  2.438525E-20
    443  3.178598433803E-01  3.403916E-30  5.022912E-30  1.178726E-25  1.162107E-24  1.506015E-23  2.935936E-20  2.559610E-19  4.865708E-20
    444  3.224504526026E-01  7.829254E-30  1.132384E-29  2.383948E-25  2.405028E-24  3.190483E-23  5.381490E-20  4.773972E-19  8.925786E-20
    445  3.266870398371E-01  1.646723E-29  2.375351E-29  4.524953E-25  4.656341E-24  6.307877E-23  9.296730E-20  8.376221E-19  1.543053E-19
    446  3.305577136787E-01  3.146660E-29  4.629460E-29  8.073504E-25  8.449422E-24  1.166125E-22  1.518684E-19  1.387242E-18  2.522247E-19
    447  3.362681054783E-01  8.461772E-29  1.227056E-28  1.874490E-24  2.006785E-23  2.843779E-22  3.090790E-19  2.878864E-18  5.137654E-19
    448  3.414589872690E-01  2.038670E-28  2.913935E-28  3.971104E-24  4.329765E-23  6.278002E-22  5.813205E-19  5.507036E-18  9.669988E-19
    449  3.462773530350E-01  4.509600E-28  6.367024E-28  7.846283E-24  8.683141E-23  1.284855E-21  1.030409E-18  9.909243E-18  1.715090E-18
    450  3.508856189623E-01  9.447933E-28  1.318704E-27  1.481020E-23  1.659250E-22  2.501060E-21  1.755784E-18  1.711914E-17  2.924001E-18
    451  3.552628710565E-01  1.875771E-27  2.589658E-27  2.667566E-23  3.018254E-22  4.626200E-21  2.871336E-18  2.834903E-17  4.783904E-18
    452  3.595141079779E-01  3.599483E-27  4.917073E-27  4.660007E-23  5.314313E-22  8.271845E-21  4.565432E-18  4.560412E-17  7.609229E-18
    453  3.636744849418E-01  6.728917E-27  9.097902E-27  7.946375E-23  9.116942E-22  1.439442E-20  7.092318E-18  7.162486E-17  1.182433E-17
    454  3.676260234901E-01  1.207000E-26  1.616189E-26  1.305735E-22  1.504333E-21  2.405673E-20  1.064977E-17  1.086286E-16  1.775927E-17
    455  3.714655117309E-01  2.112153E-26  2.801977E-26  2.097305E-22  2.422496E-21  3.919495E-20  1.564242E-17  1.610432E-16  2.608891E-17
    456  3.752653942304E-01  3.649188E-26  4.797326E-26  3.327198E-22  3.847198E-21  6.292479E-20  2.266519E-17  2.354110E-16  3.780510E-17
    457  3.809506426681E-01  8.179157E-26  1.060880E-25  6.555910E-22  7.571838E-21  1.256993E-19  3.882881E-17  4.083675E-16  6.476631E-17
    458  3.865190953769E-01  1.784400E-25  2.284583E-25  1.258873E-21  1.447560E-20  2.434412E-19  6.465773E-17  6.878581E-16  1.078331E-16
    459  3.928522091207E-01  4.291101E-25  5.414650E-25  2.613775E-21  2.978619E-20  5.073586E-19  1.133792E-16  1.220909E-15  1.890193E-16
    460  3.991093841216E-01  1.013941E-24  1.261400E-24  5.331184E-21  5.995895E-20  1.032105E-18  1.942191E-16  2.114733E-15  3.236011E-16
    461  4.054183851758E-01  2.402915E-24  2.947345E-24  1.086930E-20  1.201089E-19  2.085104E-18  3.294372E-16  3.624168E-15  5.484392E-16
    462  4.147392755742E-01  8.594567E-24  1.032308E-23  3.095676E-20  3.305718E-19  5.788427E-18  7.037828E-16  7.849186E-15  1.169651E-15
    463  4.232199499949E-01  2.750766E-23  3.242303E-23  8.017556E-20  8.231051E-19  1.446660E-17  1.380137E-15  1.556227E-14  2.288956E-15
    464  4.316976825025E-01  8.884478E-23  1.027581E-22  2.085600E-19  2.042179E-18  3.588722E-17  2.674229E-15  3.044754E-14  4.423663E-15
    465  4.393401554526E-01  2.588093E-22  2.940839E-22  4.977044E-19  4.635546E-18  8.118197E-17  4.821252E-15  5.531877E-14  7.952708E-15
    466  4.465935084243E-01  7.207131E-22  8.053122E-22  1.144480E-18  1.010909E-17  1.759677E-16  8.398814E-15  9.699634E-14  1.381072E-14
    467  4.537106765818E-01  1.990802E-21  2.186608E-21  2.613301E-18  2.178181E-17  3.759113E-16  1.443545E-14  1.676650E-13  2.365448E-14
    468  4.602314649238E-01  5.096229E-21  5.507756E-21  5.608622E-18  4.411432E-17  7.536843E-16  2.365672E-14  2.760539E-13  3.862623E-14
    469  4.709552966107E-01  2.434917E-20  2.560098E-20  1.998282E-17  1.414910E-16  2.366980E-15  5.306258E-14  6.233090E-13  8.605660E-14
    470  4.769745726746E-01  5.922228E-20  6.125227E-20  4.108492E-17  2.727371E-16  4.498840E-15  8.325109E-14  9.811235E-13  1.344526E-13
    471  4.828178172001E-01  1.412349E-19  1.436890E-19  8.312452E-17  5.164561E-16  8.390651E-15  1.286360E-13  1.520332E-12  2.068384E-13
    472  4.927188450138E-01  6.245472E-19  6.172361E-19  2.770247E-16  1.527083E-15  2.410137E-14  2.673798E-13  3.173185E-12  4.263714E-13
    473  5.000000000000E-01  1.885131E-18  1.820355E-18  6.763270E-16  3.390890E-15  5.227570E-14  4.553549E-13  5.419077E-12  7.214266E-13
