 *                                      
 * expansion:  temp0=  1.000E+10 den0=  3.000E+06 temp_stop=  1.000E+07
 *          time                rh124         rh125         rh126         rh127         rh128         rh129         rh130         pd91 
      1  0.000000000000E+00  1.000000E-30  1.000000E-30  1.000000E-30  1.000000E-30  1.000000E-30  1.000000E-30  1.000000E-30  1.000000E-30
      2  1.000000000000E-16  1.002582E-30  1.000000E-30  1.000000E-30  1.000000E-30  1.000699E-30  1.000000E-30  1.000000E-30  1.000000E-30
      3  6.264265632874E-16  1.015938E-30  1.000000E-30  1.000000E-30  1.000000E-30  1.004356E-30  1.000000E-30  1.000000E-30  1.000003E-30
      4  2.206990590178E-15  1.053741E-30  1.000000E-30  1.000000E-30  1.000000E-30  1.015142E-30  1.000000E-30  1.000000E-30  1.000039E-30
      5  6.425069294186E-15  1.139616E-30  1.000000E-30  1.000000E-30  1.000000E-30  1.042545E-30  1.000000E-30  1.000000E-30  1.000332E-30
      6  1.724777641531E-14  1.285839E-30  1.000000E-30  1.000035E-30  1.000000E-30  1.104465E-30  1.000000E-30  1.000000E-30  1.000000E-30
      7  4.527785414179E-14  1.424275E-30  1.000000E-30  1.000000E-30  1.000000E-30  1.220548E-30  1.000000E-30  1.000000E-30  1.001934E-30
      8  1.231582592127E-13  1.459737E-30  1.000000E-30  1.000026E-30  1.000000E-30  1.359782E-30  1.000000E-30  1.000000E-30  1.187848E-30
      9  4.001734798240E-13  1.458535E-30  1.000000E-30  1.000000E-30  1.000253E-30  1.409540E-30  1.000000E-30  1.000000E-30  1.000000E-30
     10  1.150918682670E-12  1.481123E-30  1.010055E-30  1.015695E-30  1.000000E-30  1.409982E-30  1.000161E-30  1.000000E-30  1.000000E-30
     11  2.802808442389E-12  1.480076E-30  1.027834E-30  1.000000E-30  1.000000E-30  1.410161E-30  1.000000E-30  1.000001E-30  1.000000E-30
     12  6.912921996243E-12  1.145471E-30  1.000000E-30  1.000000E-30  1.096836E-30  1.378822E-30  1.000000E-30  1.000407E-30  1.000000E-30
     13  1.659368270033E-11  1.000000E-30  1.000000E-30  1.000000E-30  1.000000E-30  1.000000E-30  1.000000E-30  1.000000E-30  1.000000E-30
     14  1.134012897413E-10  1.000000E-30  1.000000E-30  1.000000E-30  1.000000E-30  1.000000E-30  1.000000E-30  1.000000E-30  1.000000E-30
     15  1.081477360150E-09  1.000000E-30  1.000000E-30  1.000000E-30  1.000000E-30  1.000000E-30  1.000000E-30  1.000000E-30  1.000000E-30
     16  1.076223806424E-08  1.000000E-30  1.000000E-30  1.000000E-30  1.000000E-30  1.000000E-30  1.000000E-30  1.000000E-30  1.000000E-30
     17  6.834096797002E-08  1.000000E-30  1.000000E-30  1.000000E-30  1.000000E-30  1.000000E-30  1.000000E-30  1.000000E-30  1.000000E-30
     18  2.542122411654E-07  1.000000E-30  1.000000E-30  1.000000E-30  1.000000E-30  1.000000E-30  1.000000E-30  1.000000E-30  1.000000E-30
     19  7.007518887657E-07  1.000000E-30  1.000000E-30  1.000000E-30  1.000000E-30  1.000000E-30  1.000000E-30  1.000000E-30  1.000000E-30
     20  1.724661805125E-06  1.000000E-30  1.000000E-30  1.000000E-30  1.000000E-30  1.000000E-30  1.000000E-30  1.000000E-30  1.000000E-30
     21  4.267664185819E-06  1.000000E-30  1.000000E-30  1.000000E-30  1.000000E-30  1.000000E-30  1.000000E-30  1.000000E-30  1.000000E-30
     22  1.786211798807E-05  1.000000E-30  1.000000E-30  1.000000E-30  1.000000E-30  1.000000E-30  1.000000E-30  1.000000E-30  1.000000E-30
     23  6.929007850093E-05  1.000000E-30  1.000000E-30  1.000000E-30  1.000000E-30  1.000000E-30  1.000000E-30  1.000000E-30  1.000000E-30
     24  5.835696836295E-04  1.000000E-30  1.000000E-30  1.000000E-30  1.000000E-30  1.000000E-30  1.000000E-30  1.000000E-30  1.000000E-30
     25  1.496090518789E-03  1.000000E-30  1.000000E-30  1.000000E-30  1.000000E-30  1.000000E-30  1.000000E-30  1.000000E-30  1.000000E-30
     26  2.379765156362E-03  1.000000E-30  1.000000E-30  1.000000E-30  1.000000E-30  1.000000E-30  1.000000E-30  1.000000E-30  1.000000E-30
     27  3.772948503579E-03  1.000000E-30  1.000000E-30  1.000000E-30  1.000000E-30  1.000000E-30  1.000000E-30  1.000000E-30  1.000000E-30
     28  4.957278025650E-03  1.000000E-30  1.000000E-30  1.000000E-30  1.000000E-30  1.000000E-30  1.000000E-30  1.000000E-30  1.000000E-30
     29  5.758110286319E-03  1.000000E-30  1.000000E-30  1.000000E-30  1.000000E-30  1.000000E-30  1.000000E-30  1.000000E-30  1.000000E-30
     30  6.636115041812E-03  1.000000E-30  1.000000E-30  1.000000E-30  1.000000E-30  1.000000E-30  1.000000E-30  1.000000E-30  1.000000E-30
     31  7.490864585256E-03  1.000000E-30  1.000000E-30  1.000000E-30  1.000000E-30  1.000000E-30  1.000000E-30  1.000000E-30  1.000000E-30
     32  8.026631019591E-03  1.000000E-30  1.000000E-30  1.000000E-30  1.000000E-30  1.000000E-30  1.000000E-30  1.000000E-30  1.000000E-30
     33  8.451616658664E-03  1.000000E-30  1.000000E-30  1.000000E-30  1.000000E-30  1.000000E-30  1.000000E-30  1.000000E-30  1.000000E-30
     34  9.803471762980E-03  1.000000E-30  1.000000E-30  1.000000E-30  1.000000E-30  1.000000E-30  1.000000E-30  1.000000E-30  1.000000E-30
     35  1.116687552369E-02  1.000000E-30  1.000000E-30  1.000000E-30  1.000000E-30  1.000000E-30  1.000000E-30  1.000000E-30  1.000000E-30
     36  1.219012310682E-02  1.000000E-30  1.000000E-30  1.000000E-30  1.000000E-30  1.000000E-30  1.000000E-30  1.000000E-30  1.000000E-30
     37  1.314647137106E-02  1.000000E-30  1.000000E-30  1.000000E-30  1.000000E-30  1.000000E-30  1.000000E-30  1.000000E-30  1.000000E-30
     38  1.431720408173E-02  1.000000E-30  1.000000E-30  1.000000E-30  1.000000E-30  1.000000E-30  1.000000E-30  1.000000E-30  1.000000E-30
     39  1.545287753035E-02  1.000000E-30  1.000000E-30  1.000000E-30  1.000000E-30  1.000000E-30  1.000000E-30  1.000000E-30  1.000000E-30
     40  1.716820108076E-02  1.000000E-30  1.000000E-30  1.000000E-30  1.000000E-30  1.000000E-30  1.000000E-30  1.000000E-30  1.000000E-30
     41  1.871872199221E-02  1.000000E-30  1.000000E-30  1.000000E-30  1.000000E-30  1.000000E-30  1.000000E-30  1.000000E-30  1.000000E-30
     42  2.131412024987E-02  1.000000E-30  1.000000E-30  1.000000E-30  1.000000E-30  1.000000E-30  1.000000E-30  1.000000E-30  1.000000E-30
     43  2.288535686070E-02  1.000000E-30  1.000000E-30  1.000000E-30  1.000000E-30  1.000000E-30  1.000000E-30  1.000000E-30  1.000000E-30
     44  2.437102778700E-02  1.000000E-30  1.000000E-30  1.000000E-30  1.000000E-30  1.000000E-30  1.000000E-30  1.000000E-30  1.000000E-30
     45  2.666254430666E-02  1.000000E-30  1.000000E-30  1.000000E-30  1.000000E-30  1.000000E-30  1.000000E-30  1.000000E-30  1.000000E-30
     46  2.807329513827E-02  1.000000E-30  1.000000E-30  1.000000E-30  1.000000E-30  1.000000E-30  1.000000E-30  1.000000E-30  1.000000E-30
     47  2.946719119355E-02  1.000000E-30  1.000000E-30  1.000000E-30  1.000000E-30  1.000000E-30  1.000000E-30  1.000000E-30  1.000000E-30
     48  2.982466835475E-02  1.000000E-30  1.000000E-30  1.000000E-30  1.000000E-30  1.000000E-30  1.000000E-30  1.000000E-30  1.000000E-30
     49  3.017238950627E-02  1.000000E-30  1.000000E-30  1.000000E-30  1.000000E-30  1.000000E-30  1.000000E-30  1.000000E-30  1.000000E-30
     50  3.052509122072E-02  1.000000E-30  1.000000E-30  1.000000E-30  1.000000E-30  1.000000E-30  1.000000E-30  1.000000E-30  1.000000E-30
     51  3.066477686677E-02  1.000000E-30  1.000000E-30  1.000000E-30  1.000000E-30  1.000000E-30  1.000000E-30  1.000000E-30  1.000000E-30
     52  3.080037159611E-02  1.000000E-30  1.000000E-30  1.000000E-30  1.000000E-30  1.000000E-30  1.000000E-30  1.000000E-30  1.000000E-30
     53  3.111325257314E-02  1.000000E-30  1.000000E-30  1.000000E-30  1.000000E-30  1.000000E-30  1.000000E-30  1.000000E-30  1.000000E-30
     54  3.147800645819E-02  1.000000E-30  1.000000E-30  1.000000E-30  1.000000E-30  1.000000E-30  1.000000E-30  1.000000E-30  1.000000E-30
     55  3.181357346897E-02  1.000000E-30  1.000000E-30  1.000000E-30  1.000000E-30  1.000000E-30  1.000000E-30  1.000000E-30  1.000000E-30
     56  3.217197145871E-02  1.000000E-30  1.000000E-30  1.000000E-30  1.000000E-30  1.000000E-30  1.000000E-30  1.000000E-30  1.000000E-30
     57  3.249951277145E-02  1.000000E-30  1.000000E-30  1.000000E-30  1.000000E-30  1.000000E-30  1.000000E-30  1.000000E-30  1.000000E-30
     58  3.262595809504E-02  1.000000E-30  1.000000E-30  1.000000E-30  1.000000E-30  1.000000E-30  1.000000E-30  1.000000E-30  1.000000E-30
     59  3.272641576722E-02  1.000000E-30  1.000000E-30  1.000000E-30  1.000000E-30  1.000000E-30  1.000000E-30  1.000000E-30  1.000000E-30
     60  3.304841700500E-02  1.000000E-30  1.000000E-30  1.000000E-30  1.000000E-30  1.000000E-30  1.000000E-30  1.000000E-30  1.000000E-30
     61  3.362823507679E-02  1.000000E-30  1.000000E-30  1.000000E-30  1.000000E-30  1.000000E-30  1.000000E-30  1.000000E-30  1.000000E-30
     62  3.417743618412E-02  1.000000E-30  1.000000E-30  1.000000E-30  1.000000E-30  1.000000E-30  1.000000E-30  1.000000E-30  1.000000E-30
     63  3.448472684867E-02  1.000000E-30  1.000000E-30  1.000000E-30  1.000000E-30  1.000000E-30  1.000000E-30  1.000000E-30  1.000000E-30
     64  3.459225947862E-02  1.000000E-30  1.000000E-30  1.000000E-30  1.000000E-30  1.000000E-30  1.000000E-30  1.000000E-30  1.000000E-30
     65  3.468161085917E-02  1.000000E-30  1.000000E-30  1.000000E-30  1.000000E-30  1.000000E-30  1.000000E-30  1.000000E-30  1.000000E-30
     66  3.501586344154E-02  1.000000E-30  1.000000E-30  1.000000E-30  1.000000E-30  1.000000E-30  1.000000E-30  1.000000E-30  1.000000E-30
     67  3.563385967804E-02  1.000000E-30  1.000000E-30  1.000000E-30  1.000000E-30  1.000000E-30  1.000000E-30  1.000000E-30  1.000000E-30
     68  3.619390900501E-02  1.000000E-30  1.000000E-30  1.000000E-30  1.000000E-30  1.000000E-30  1.000000E-30  1.000000E-30  1.000000E-30
     69  3.661379630041E-02  1.000000E-30  1.000000E-30  1.000000E-30  1.000000E-30  1.000000E-30  1.000000E-30  1.000000E-30  1.000000E-30
     70  3.704099468238E-02  1.000000E-30  1.000000E-30  1.000000E-30  1.000000E-30  1.000000E-30  1.000000E-30  1.000000E-30  1.000000E-30
     71  3.731378163516E-02  1.000000E-30  1.000000E-30  1.000000E-30  1.000000E-30  1.000000E-30  1.000000E-30  1.000000E-30  1.000000E-30
     72  3.757630769329E-02  1.000000E-30  1.000000E-30  1.000000E-30  1.000000E-30  1.000000E-30  1.000000E-30  1.000000E-30  1.000000E-30
     73  3.788075418501E-02  1.000000E-30  1.000000E-30  1.000000E-30  1.000000E-30  1.000000E-30  1.000000E-30  1.000000E-30  1.000000E-30
     74  3.819794660071E-02  1.000000E-30  1.000000E-30  1.000000E-30  1.000000E-30  1.000000E-30  1.000000E-30  1.000000E-30  1.000000E-30
     75  3.838080203158E-02  1.000000E-30  1.000000E-30  1.000000E-30  1.000000E-30  1.000000E-30  1.000000E-30  1.000000E-30  1.000000E-30
     76  3.859219912978E-02  1.000000E-30  1.000000E-30  1.000000E-30  1.000000E-30  1.000000E-30  1.000000E-30  1.000000E-30  1.000000E-30
     77  3.884096228080E-02  1.000000E-30  1.000000E-30  1.000000E-30  1.000000E-30  1.000000E-30  1.000000E-30  1.000000E-30  1.000000E-30
     78  3.907668434759E-02  1.000000E-30  1.000000E-30  1.000000E-30  1.000000E-30  1.000000E-30  1.000000E-30  1.000000E-30  1.000000E-30
     79  3.934936577490E-02  1.000000E-30  1.000000E-30  1.000000E-30  1.000000E-30  1.000000E-30  1.000000E-30  1.000000E-30  1.000000E-30
     80  3.961640452516E-02  1.000000E-30  1.000000E-30  1.000000E-30  1.000000E-30  1.000000E-30  1.000000E-30  1.000000E-30  1.000000E-30
     81  3.991996766101E-02  1.000000E-30  1.000000E-30  1.000000E-30  1.000000E-30  1.000000E-30  1.000000E-30  1.000000E-30  1.000000E-30
     82  4.019473378510E-02  1.000000E-30  1.000000E-30  1.000000E-30  1.000000E-30  1.000000E-30  1.000000E-30  1.000000E-30  1.000000E-30
     83  4.046928694587E-02  1.000000E-30  1.000000E-30  1.000000E-30  1.000000E-30  1.000000E-30  1.000000E-30  1.000000E-30  1.000000E-30
     84  4.074955599116E-02  1.000000E-30  1.000000E-30  1.000000E-30  1.000000E-30  1.000000E-30  1.000000E-30  1.000000E-30  1.000000E-30
     85  4.099011663524E-02  1.000000E-30  1.000000E-30  1.000000E-30  1.000000E-30  1.000000E-30  1.000000E-30  1.000000E-30  1.000000E-30
     86  4.118445936105E-02  1.000000E-30  1.000000E-30  1.000000E-30  1.000000E-30  1.000000E-30  1.000000E-30  1.000000E-30  1.000000E-30
     87  4.137235583218E-02  1.000000E-30  1.000000E-30  1.000000E-30  1.000000E-30  1.000000E-30  1.000000E-30  1.000000E-30  1.000000E-30
     88  4.152714488067E-02  1.000000E-30  1.000000E-30  1.000000E-30  1.000000E-30  1.000000E-30  1.000000E-30  1.000000E-30  1.000000E-30
     89  4.165981986900E-02  1.000000E-30  1.000000E-30  1.000000E-30  1.000000E-30  1.000000E-30  1.000000E-30  1.000000E-30  1.000000E-30
     90  4.188596337322E-02  1.000000E-30  1.000000E-30  1.000000E-30  1.000000E-30  1.000000E-30  1.000000E-30  1.000000E-30  1.000000E-30
     91  4.208159634323E-02  1.000000E-30  1.000000E-30  1.000000E-30  1.000000E-30  1.000000E-30  1.000000E-30  1.000000E-30  1.000000E-30
     92  4.230932596557E-02  1.000000E-30  1.000000E-30  1.000000E-30  1.000000E-30  1.000000E-30  1.000000E-30  1.000000E-30  1.000000E-30
     93  4.251598135750E-02  1.000000E-30  1.000000E-30  1.000000E-30  1.000000E-30  1.000000E-30  1.000000E-30  1.000000E-30  1.000000E-30
     94  4.274368410830E-02  1.000000E-30  1.000000E-30  1.000000E-30  1.000000E-30  1.000000E-30  1.000000E-30  1.000000E-30  1.000000E-30
     95  4.294191711445E-02  1.000000E-30  1.000000E-30  1.000000E-30  1.000000E-30  1.000000E-30  1.000000E-30  1.000000E-30  1.000000E-30
     96  4.316569238790E-02  1.000000E-30  1.000000E-30  1.000000E-30  1.000000E-30  1.000000E-30  1.000000E-30  1.000000E-30  1.000000E-30
     97  4.339365876136E-02  1.000000E-30  1.000000E-30  1.000000E-30  1.000000E-30  1.000000E-30  1.000000E-30  1.000000E-30  1.000000E-30
     98  4.362382833621E-02  1.000000E-30  1.000000E-30  1.000000E-30  1.000000E-30  1.000000E-30  1.000000E-30  1.000000E-30  1.000000E-30
     99  4.384703699487E-02  1.000000E-30  1.000000E-30  1.000000E-30  1.000000E-30  1.000000E-30  1.000000E-30  1.000000E-30  1.000000E-30
    100  4.408801045744E-02  1.000000E-30  1.000000E-30  1.000000E-30  1.000000E-30  1.000000E-30  1.000000E-30  1.000000E-30  1.000000E-30
    101  4.430336182063E-02  1.000000E-30  1.000000E-30  1.000000E-30  1.000000E-30  1.000000E-30  1.000000E-30  1.000000E-30  1.000000E-30
    102  4.453208602613E-02  1.000000E-30  1.000000E-30  1.000000E-30  1.000000E-30  1.000000E-30  1.000000E-30  1.000000E-30  1.000000E-30
    103  4.474836808964E-02  1.000000E-30  1.000000E-30  1.000000E-30  1.000000E-30  1.000000E-30  1.000000E-30  1.000000E-30  1.000000E-30
    104  4.497736119052E-02  1.000000E-30  1.000000E-30  1.000000E-30  1.000000E-30  1.000000E-30  1.000000E-30  1.000000E-30  1.000000E-30
    105  4.517199675598E-02  1.000000E-30  1.000000E-30  1.000000E-30  1.000000E-30  1.000000E-30  1.000000E-30  1.000000E-30  1.000000E-30
    106  4.536038532241E-02  1.000000E-30  1.000000E-30  1.000000E-30  1.000000E-30  1.000000E-30  1.000000E-30  1.000000E-30  1.000000E-30
    107  4.552484255766E-02  1.000000E-30  1.000000E-30  1.000000E-30  1.000000E-30  1.000000E-30  1.000000E-30  1.000000E-30  1.000000E-30
    108  4.581275722245E-02  1.000000E-30  1.000000E-30  1.000000E-30  1.000000E-30  1.000000E-30  1.000000E-30  1.000000E-30  1.000000E-30
    109  4.603616864208E-02  1.000000E-30  1.000000E-30  1.000000E-30  1.000000E-30  1.000000E-30  1.000000E-30  1.000000E-30  1.000000E-30
    110  4.624194314299E-02  1.000000E-30  1.000000E-30  1.000000E-30  1.000000E-30  1.000000E-30  1.000000E-30  1.000000E-30  1.000000E-30
    111  4.641297951594E-02  1.000000E-30  1.000000E-30  1.000000E-30  1.000000E-30  1.000000E-30  1.000000E-30  1.000000E-30  1.000000E-30
    112  4.656990459822E-02  1.000000E-30  1.000000E-30  1.000000E-30  1.000000E-30  1.000000E-30  1.000000E-30  1.000000E-30  1.000000E-30
    113  4.671253119976E-02  1.000000E-30  1.000000E-30  1.000000E-30  1.000000E-30  1.000000E-30  1.000000E-30  1.000000E-30  1.000000E-30
    114  4.684580987606E-02  1.000000E-30  1.000000E-30  1.000000E-30  1.000000E-30  1.000000E-30  1.000000E-30  1.000000E-30  1.000000E-30
    115  4.697520204195E-02  1.000000E-30  1.000000E-30  1.000000E-30  1.000000E-30  1.000000E-30  1.000000E-30  1.000000E-30  1.000000E-30
    116  4.709649788536E-02  1.000000E-30  1.000000E-30  1.000000E-30  1.000000E-30  1.000000E-30  1.000000E-30  1.000000E-30  1.000000E-30
    117  4.721637454993E-02  1.000000E-30  1.000000E-30  1.000000E-30  1.000000E-30  1.000000E-30  1.000000E-30  1.000000E-30  1.000000E-30
    118  4.732862910872E-02  1.000000E-30  1.000000E-30  1.000000E-30  1.000000E-30  1.000000E-30  1.000000E-30  1.000000E-30  1.000000E-30
    119  4.750539400184E-02  1.000000E-30  1.000000E-30  1.000000E-30  1.000000E-30  1.000000E-30  1.000000E-30  1.000000E-30  1.000000E-30
    120  4.767210524850E-02  1.000000E-30  1.000000E-30  1.000000E-30  1.000000E-30  1.000000E-30  1.000000E-30  1.000000E-30  1.000000E-30
    121  4.783406579930E-02  1.000000E-30  1.000000E-30  1.000000E-30  1.000000E-30  1.000000E-30  1.000000E-30  1.000000E-30  1.000000E-30
    122  4.799263518131E-02  1.000000E-30  1.000000E-30  1.000000E-30  1.000000E-30  1.000000E-30  1.000000E-30  1.000000E-30  1.000000E-30
    123  4.815339657435E-02  1.000000E-30  1.000000E-30  1.000000E-30  1.000000E-30  1.000000E-30  1.000000E-30  1.000000E-30  1.000000E-30
    124  4.832264594384E-02  1.000000E-30  1.000000E-30  1.000000E-30  1.000000E-30  1.000000E-30  1.000000E-30  1.000000E-30  1.000000E-30
    125  4.849826454798E-02  1.000000E-30  1.000000E-30  1.000000E-30  1.000000E-30  1.000000E-30  1.000000E-30  1.000000E-30  1.000000E-30
    126  4.867786870736E-02  1.000000E-30  1.000000E-30  1.000000E-30  1.000000E-30  1.000000E-30  1.000000E-30  1.000000E-30  1.000000E-30
    127  4.885872256535E-02  1.000000E-30  1.000000E-30  1.000000E-30  1.000000E-30  1.000000E-30  1.000000E-30  1.000000E-30  1.000000E-30
    128  4.903755607841E-02  1.000000E-30  1.000000E-30  1.000000E-30  1.000000E-30  1.000000E-30  1.000000E-30  1.000000E-30  1.000000E-30
    129  4.921259737621E-02  1.000000E-30  1.000000E-30  1.000000E-30  1.000000E-30  1.000000E-30  1.000000E-30  1.000000E-30  1.000000E-30
    130  4.938368810460E-02  1.000000E-30  1.000000E-30  1.000000E-30  1.000000E-30  1.000000E-30  1.000000E-30  1.000000E-30  1.000000E-30
    131  4.955132280349E-02  1.000000E-30  1.000000E-30  1.000000E-30  1.000000E-30  1.000000E-30  1.000000E-30  1.000000E-30  1.000000E-30
    132  4.971624312404E-02  1.000000E-30  1.000000E-30  1.000000E-30  1.000000E-30  1.000000E-30  1.000000E-30  1.000000E-30  1.000000E-30
    133  4.987811857735E-02  1.000000E-30  1.000000E-30  1.000000E-30  1.000000E-30  1.000000E-30  1.000000E-30  1.000000E-30  1.000000E-30
    134  5.003799836445E-02  1.000000E-30  1.000000E-30  1.000000E-30  1.000000E-30  1.000000E-30  1.000000E-30  1.000000E-30  1.000000E-30
    135  5.019682549602E-02  1.000000E-30  1.000000E-30  1.000000E-30  1.000000E-30  1.000000E-30  1.000000E-30  1.000000E-30  1.000000E-30
    136  5.035511419132E-02  1.000000E-30  1.000000E-30  1.000000E-30  1.000000E-30  1.000000E-30  1.000000E-30  1.000000E-30  1.000000E-30
    137  5.051299755300E-02  1.000000E-30  1.000000E-30  1.000000E-30  1.000000E-30  1.000000E-30  1.000000E-30  1.000000E-30  1.000000E-30
    138  5.067010535678E-02  1.000000E-30  1.000000E-30  1.000000E-30  1.000000E-30  1.000000E-30  1.000000E-30  1.000000E-30  1.000000E-30
    139  5.082726902819E-02  1.000000E-30  1.000000E-30  1.000000E-30  1.000000E-30  1.000000E-30  1.000000E-30  1.000000E-30  1.000000E-30
    140  5.098506829486E-02  1.000000E-30  1.000000E-30  1.000000E-30  1.000000E-30  1.000000E-30  1.000000E-30  1.000000E-30  1.000000E-30
    141  5.114361869269E-02  1.000000E-30  1.000000E-30  1.000000E-30  1.000000E-30  1.000000E-30  1.000000E-30  1.000000E-30  1.000000E-30
    142  5.130328078870E-02  1.000000E-30  1.000000E-30  1.000000E-30  1.000000E-30  1.000000E-30  1.000000E-30  1.000000E-30  1.000000E-30
    143  5.146205644840E-02  1.000000E-30  1.000000E-30  1.000000E-30  1.000000E-30  1.000000E-30  1.000000E-30  1.000000E-30  1.000000E-30
    144  5.162089365231E-02  1.000000E-30  1.000000E-30  1.000000E-30  1.000000E-30  1.000000E-30  1.000000E-30  1.000000E-30  1.000000E-30
    145  5.177902725711E-02  1.000000E-30  1.000000E-30  1.000000E-30  1.000000E-30  1.000000E-30  1.000000E-30  1.000000E-30  1.000000E-30
    146  5.193558292952E-02  1.000000E-30  1.000000E-30  1.000000E-30  1.000000E-30  1.000000E-30  1.000000E-30  1.000000E-30  1.000000E-30
    147  5.207655208218E-02  1.000000E-30  1.000000E-30  1.000000E-30  1.000000E-30  1.000000E-30  1.000000E-30  1.000000E-30  1.000000E-30
    148  5.220437120847E-02  1.000000E-30  1.000000E-30  1.000000E-30  1.000000E-30  1.000000E-30  1.000000E-30  1.000000E-30  1.000000E-30
    149  5.240275279905E-02  1.000000E-30  1.000000E-30  1.000000E-30  1.000000E-30  1.000000E-30  1.000000E-30  1.000000E-30  1.000000E-30
    150  5.258707116153E-02  1.000000E-30  1.000000E-30  1.000000E-30  1.000000E-30  1.000000E-30  1.000000E-30  1.000000E-30  1.000000E-30
    151  5.276353482958E-02  1.000000E-30  1.000000E-30  1.000000E-30  1.000000E-30  1.000000E-30  1.000000E-30  1.000000E-30  1.000000E-30
    152  5.293536770993E-02  1.000000E-30  1.000000E-30  1.000000E-30  1.000000E-30  1.000000E-30  1.000000E-30  1.000000E-30  1.000000E-30
    153  5.310288915571E-02  1.000000E-30  1.000000E-30  1.000000E-30  1.000000E-30  1.000000E-30  1.000000E-30  1.000000E-30  1.000000E-30
    154  5.325369291828E-02  1.000000E-30  1.000000E-30  1.000000E-30  1.000000E-30  1.000000E-30  1.000000E-30  1.000000E-30  1.000000E-30
    155  5.339308966526E-02  1.000000E-30  1.000000E-30  1.000000E-30  1.000000E-30  1.000000E-30  1.000000E-30  1.000000E-30  1.000000E-30
    156  5.362726198018E-02  1.000000E-30  1.000000E-30  1.000000E-30  1.000000E-30  1.000000E-30  1.000000E-30  1.000000E-30  1.000000E-30
    157  5.383816121000E-02  1.000000E-30  1.000000E-30  1.000000E-30  1.000000E-30  1.000000E-30  1.000000E-30  1.000000E-30  1.000000E-30
    158  5.403768730975E-02  1.000000E-30  1.000000E-30  1.000000E-30  1.000000E-30  1.000000E-30  1.000000E-30  1.000000E-30  1.000000E-30
    159  5.422986619970E-02  1.000000E-30  1.000000E-30  1.000000E-30  1.000000E-30  1.000000E-30  1.000000E-30  1.000000E-30  1.000000E-30
    160  5.440569294967E-02  1.000000E-30  1.000000E-30  1.000000E-30  1.000000E-30  1.000000E-30  1.000000E-30  1.000000E-30  1.000000E-30
    161  5.456994612052E-02  1.000000E-30  1.000000E-30  1.000000E-30  1.000000E-30  1.000000E-30  1.000000E-30  1.000000E-30  1.000000E-30
    162  5.485681963417E-02  1.000000E-30  1.000000E-30  1.000000E-30  1.000000E-30  1.000000E-30  1.000000E-30  1.000000E-30  1.000000E-30
    163  5.511708850657E-02  1.000000E-30  1.000000E-30  1.000000E-30  1.000000E-30  1.000000E-30  1.000000E-30  1.000000E-30  1.000000E-30
    164  5.536560227933E-02  1.000000E-30  1.000000E-30  1.000000E-30  1.000000E-30  1.000000E-30  1.000000E-30  1.000000E-30  1.000000E-30
    165  5.559867087093E-02  1.000000E-30  1.000000E-30  1.000000E-30  1.000000E-30  1.000000E-30  1.000000E-30  1.000000E-30  1.000000E-30
    166  5.582344501454E-02  1.000000E-30  1.000000E-30  1.000000E-30  1.000000E-30  1.000000E-30  1.000000E-30  1.000000E-30  1.000000E-30
    167  5.608267729631E-02  1.000000E-30  1.000000E-30  1.000000E-30  1.000000E-30  1.000000E-30  1.000000E-30  1.000000E-30  1.000000E-30
    168  5.632179590432E-02  1.000000E-30  1.000000E-30  1.000000E-30  1.000000E-30  1.000000E-30  1.000000E-30  1.000000E-30  1.000000E-30
    169  5.658568452696E-02  1.000000E-30  1.000000E-30  1.000000E-30  1.000000E-30  1.000000E-30  1.000000E-30  1.000000E-30  1.000000E-30
    170  5.682194908758E-02  1.000000E-30  1.000000E-30  1.000000E-30  1.000000E-30  1.000000E-30  1.000000E-30  1.000000E-30  1.000000E-30
    171  5.707748662895E-02  1.000000E-30  1.000000E-30  1.000000E-30  1.000000E-30  1.000000E-30  1.000000E-30  1.000000E-30  1.000000E-30
    172  5.730159219632E-02  1.000000E-30  1.000000E-30  1.000000E-30  1.000000E-30  1.000000E-30  1.000000E-30  1.000000E-30  1.000000E-30
    173  5.769211250520E-02  1.000000E-30  1.000000E-30  1.000000E-30  1.000000E-30  1.000000E-30  1.000000E-30  1.000000E-30  1.000000E-30
    174  5.804755660481E-02  1.000000E-30  1.000000E-30  1.000000E-30  1.000000E-30  1.000000E-30  1.000000E-30  1.000000E-30  1.000000E-30
    175  5.837706807704E-02  1.000000E-30  1.000000E-30  1.000000E-30  1.000000E-30  1.000000E-30  1.000000E-30  1.000000E-30  1.000000E-30
    176  5.868213309337E-02  1.000000E-30  1.000000E-30  1.000000E-30  1.000000E-30  1.000000E-30  1.000000E-30  1.000000E-30  1.000000E-30
    177  5.897372529375E-02  1.000000E-30  1.000000E-30  1.000000E-30  1.000000E-30  1.000000E-30  1.000000E-30  1.000000E-30  1.000000E-30
    178  5.927019313219E-02  1.000000E-30  1.000000E-30  1.000000E-30  1.000000E-30  1.000000E-30  1.000000E-30  1.000000E-30  1.000000E-30
    179  5.955970264735E-02  1.000000E-30  1.000000E-30  1.000000E-30  1.000000E-30  1.000000E-30  1.000000E-30  1.000000E-30  1.000000E-30
    180  5.987296131417E-02  1.000000E-30  1.000000E-30  1.000000E-30  1.000000E-30  1.000000E-30  1.000000E-30  1.000000E-30  1.000000E-30
    181  6.018239261751E-02  1.145566E-30  1.000000E-30  1.000000E-30  1.000000E-30  1.000000E-30  1.000000E-30  1.000000E-30  1.000000E-30
    182  6.051941164510E-02  2.703897E-30  1.000000E-30  1.000000E-30  1.000000E-30  1.000000E-30  1.000000E-30  1.000000E-30  1.000000E-30
    183  6.081686890997E-02  5.746732E-30  1.000000E-30  1.000000E-30  1.000000E-30  1.000000E-30  1.000000E-30  1.000000E-30  1.000000E-30
    184  6.107970107709E-02  1.117260E-29  1.000000E-30  1.000000E-30  1.000000E-30  1.000000E-30  1.000000E-30  1.000000E-30  1.000000E-30
    185  6.149099227918E-02  3.155923E-29  1.850385E-30  1.000000E-30  1.000000E-30  1.000000E-30  1.000000E-30  1.000000E-30  1.000000E-30
    186  6.184187848266E-02  7.643237E-29  4.727928E-30  1.000000E-30  1.000000E-30  1.000000E-30  1.000000E-30  1.000000E-30  1.000000E-30
    187  6.212841772032E-02  1.572224E-28  1.001980E-29  1.000000E-30  1.000000E-30  1.000000E-30  1.000000E-30  1.000000E-30  1.000000E-30
    188  6.241083345826E-02  3.200002E-28  2.100967E-29  1.000000E-30  1.000000E-30  1.000000E-30  1.000000E-30  1.000000E-30  1.000000E-30
    189  6.286334795077E-02  9.987101E-28  6.878662E-29  1.295639E-30  1.000000E-30  1.000000E-30  1.000000E-30  1.000000E-30  1.000000E-30
    190  6.324448148531E-02  2.605400E-27  1.868793E-28  3.679613E-30  1.000000E-30  1.000000E-30  1.000000E-30  1.000000E-30  1.000000E-30
    191  6.354755735680E-02  5.580664E-27  4.134425E-28  8.363717E-30  1.000000E-30  1.000000E-30  1.000000E-30  1.000000E-30  1.000000E-30
    192  6.382753282149E-02  1.128695E-26  8.616784E-28  1.787645E-29  1.000000E-30  1.000000E-30  1.000000E-30  1.000000E-30  1.000000E-30
    193  6.429792763326E-02  3.685073E-26  2.959444E-27  6.406372E-29  1.286118E-30  1.000000E-30  1.000000E-30  1.000000E-30  1.000000E-30
    194  6.470641913937E-02  1.031123E-25  8.655205E-27  1.944413E-28  4.120032E-30  1.000000E-30  1.000000E-30  1.000000E-30  1.000000E-30
    195  6.514351188605E-02  3.103504E-25  2.732012E-26  6.387343E-28  1.415124E-29  1.000000E-30  1.000000E-30  1.000000E-30  1.000000E-30
    196  6.551961572666E-02  8.016969E-25  7.353561E-26  1.779495E-27  4.097758E-29  1.000000E-30  1.000000E-30  1.000000E-30  1.000000E-30
    197  6.614173306661E-02  3.860471E-24  3.791863E-25  9.716976E-27  2.385973E-28  1.000000E-30  1.000000E-30  1.000000E-30  1.000000E-30
    198  6.666431851744E-02  1.447784E-23  1.506825E-24  4.053108E-26  1.050842E-27  1.000000E-30  1.000000E-30  1.000000E-30  1.000000E-30
    199  6.714973898932E-02  4.949779E-23  5.437938E-24  1.530395E-25  4.174361E-27  1.000000E-30  1.000000E-30  1.000000E-30  1.000000E-30
    200  6.763365269933E-02  1.687522E-22  1.957300E-23  5.763832E-25  1.654188E-26  1.951549E-30  1.000000E-30  1.000000E-30  1.000000E-30
    201  6.810748363549E-02  5.610145E-22  6.864106E-23  2.113550E-24  6.377150E-26  7.433944E-30  1.000000E-30  1.000000E-30  1.000000E-30
    202  6.886988901479E-02  3.866876E-21  5.158147E-22  1.707019E-23  5.584907E-25  6.527795E-29  1.000000E-30  1.000000E-30  1.000000E-30
    203  6.932442343830E-02  1.218779E-20  1.712861E-21  5.920443E-23  2.033759E-24  2.380964E-28  1.000000E-30  1.000000E-30  1.000000E-30
    204  6.977291475786E-02  3.762660E-20  5.568132E-21  2.009202E-22  7.243435E-24  8.493962E-28  1.000000E-30  1.000000E-30  1.000000E-30
    205  7.051837306122E-02  2.410339E-19  3.887889E-20  1.507252E-21  5.889684E-23  6.925985E-27  1.758044E-30  1.000000E-30  1.000000E-30
    206  7.120724846930E-02  1.313154E-18  2.295689E-19  9.516301E-21  4.008826E-22  4.727032E-26  1.262713E-29  1.000000E-30  1.000000E-30
    207  7.185571854523E-02  6.346110E-18  1.197555E-18  5.289694E-20  2.392918E-21  2.829144E-25  7.781878E-29  1.000000E-30  1.000000E-30
    208  7.250556240022E-02  3.007744E-17  6.131589E-18  2.887828E-19  1.403893E-20  1.664429E-24  4.716134E-28  1.000000E-30  1.000000E-30
    209  7.308358088908E-02  1.172682E-16  2.561776E-17  1.277827E-18  6.625744E-20  7.875440E-24  2.291816E-27  1.000000E-30  1.000000E-30
    210  7.365083251161E-02  4.344800E-16  1.016226E-16  5.364400E-18  2.964217E-19  3.532419E-23  1.055435E-26  1.000000E-30  1.000000E-30
    211  7.420607479025E-02  1.518942E-15  3.799965E-16  2.120953E-17  1.247714E-18  1.490766E-22  4.571671E-26  1.000000E-30  1.000000E-30
    212  7.477269193766E-02  5.249267E-15  1.407157E-15  8.316743E-17  5.217275E-18  6.250699E-22  1.968916E-25  3.288507E-30  1.000000E-30
    213  7.532671922740E-02  1.692254E-14  4.855710E-15  3.036126E-16  2.028967E-17  2.437576E-21  7.883646E-25  1.313231E-29  1.000000E-30
    214  7.590819975934E-02  5.500725E-14  1.695953E-14  1.125375E-15  8.039692E-17  9.687603E-21  3.221960E-24  5.355787E-29  1.000000E-30
    215  7.648106882397E-02  1.664914E-13  5.512259E-14  3.879724E-15  2.961224E-16  3.578981E-20  1.223830E-23  2.030240E-28  1.000000E-30
    216  7.706864365518E-02  4.892226E-13  1.743400E-13  1.303976E-14  1.065575E-15  1.291972E-19  4.546539E-23  7.527121E-28  1.000000E-30
    217  7.765097184480E-02  1.342458E-12  5.148436E-13  4.091413E-14  3.578915E-15  4.353364E-19  1.576552E-22  2.604988E-27  1.000000E-30
    218  7.824188421090E-02  3.525234E-12  1.457237E-12  1.231995E-13  1.155251E-14  1.409973E-18  5.258275E-22  8.671531E-27  1.000000E-30
    219  7.883216312169E-02  8.734370E-12  3.893190E-12  3.502500E-13  3.521716E-14  4.313008E-18  1.656664E-21  2.726847E-26  1.000000E-30
    220  7.934760137230E-02  1.845067E-11  8.787162E-12  8.348732E-13  8.925131E-14  1.096399E-17  4.322099E-21  7.102519E-26  1.000000E-30
    221  7.991019390762E-02  3.991492E-11  2.044323E-11  2.062188E-12  2.357907E-13  2.906415E-17  1.178886E-20  1.933875E-25  1.000000E-30
    222  8.044081450283E-02  7.940139E-11  4.356993E-11  4.651748E-12  5.668804E-13  7.010364E-17  2.921565E-20  4.784821E-25  1.000000E-30
    223  8.103419684334E-02  1.641494E-10  9.734229E-11  1.107764E-11  1.450258E-12  1.800150E-16  7.734238E-20  1.264419E-24  1.000000E-30
    224  8.158988408622E-02  3.117738E-10  1.989146E-10  2.403945E-11  3.367105E-12  4.194323E-16  1.854658E-19  3.027070E-24  1.000000E-30
    225  8.219791245697E-02  6.042948E-10  4.178660E-10  5.395335E-11  8.139627E-12  1.017960E-15  4.646147E-19  7.569840E-24  1.000000E-30
    226  8.273529679330E-02  1.049484E-09  7.795616E-10  1.067463E-10  1.720268E-11  2.159109E-15  1.013628E-18  1.648973E-23  1.000000E-30
    227  8.327310875316E-02  1.770738E-09  1.413660E-09  2.053708E-10  3.537033E-11  4.455587E-15  2.152031E-18  3.495771E-23  1.000000E-30
    228  8.381967664174E-02  2.927664E-09  2.516068E-09  3.883023E-10  7.157418E-11  9.050515E-15  4.500396E-18  7.299892E-23  1.000000E-30
    229  8.442137901789E-02  4.931928E-09  4.599089E-09  7.589056E-10  1.508026E-10  1.915094E-14  9.835143E-18  1.592882E-22  1.000000E-30
    230  8.496109010092E-02  7.663116E-09  7.692942E-09  1.348479E-09  2.867699E-10  3.656204E-14  1.933232E-17  3.126950E-22  1.000000E-30
    231  8.556251684447E-02  1.216369E-08  1.326401E-08  2.487943E-09  5.709005E-10  7.311744E-14  3.994835E-17  6.452659E-22  1.000000E-30
    232  8.609514523980E-02  1.787066E-08  2.097734E-08  4.179375E-09  1.026212E-09  1.319722E-13  7.424255E-17  1.197828E-21  1.000000E-30
    233  8.668730402486E-02  2.671381E-08  3.405416E-08  7.258323E-09  1.922482E-09  2.483953E-13  1.443882E-16  2.326771E-21  1.000000E-30
    234  8.725638446658E-02  3.835831E-08  5.296143E-08  1.204950E-08  3.434192E-09  4.457728E-13  2.674722E-16  4.305610E-21  1.000000E-30
    235  8.784892152766E-02  5.454225E-08  8.187423E-08  1.994524E-08  6.137823E-09  8.006569E-13  4.966656E-16  7.986744E-21  1.000000E-30
    236  8.837914431516E-02  7.320918E-08  1.184873E-07  3.069557E-08  1.012114E-08  1.326247E-12  8.477490E-16  1.362070E-20  1.000000E-30
    237  8.927467123273E-02  1.153077E-07  2.121602E-07  6.102660E-08  2.262968E-08  2.988684E-12  2.010490E-15  3.226006E-20  1.000000E-30
    238  9.009385267910E-02  1.667569E-07  3.453793E-07  1.094218E-07  4.522118E-08  6.016828E-12  4.243512E-15  6.801964E-20  1.000000E-30
    239  9.088007009323E-02  2.279083E-07  5.294111E-07  1.841678E-07  8.453666E-08  1.133073E-11  8.366052E-15  1.339838E-19  1.000000E-30
    240  9.160938796651E-02  2.933026E-07  7.584509E-07  2.879475E-07  1.458020E-07  1.967963E-11  1.516802E-14  2.427523E-19  1.000000E-30
    241  9.231864750676E-02  3.616216E-07  1.038721E-06  4.295963E-07  2.394693E-07  3.254900E-11  2.616679E-14  4.185482E-19  1.000000E-30
    242  9.335415502949E-02  4.589939E-07  1.539578E-06  7.223791E-07  4.639085E-07  6.372161E-11  5.450940E-14  8.713818E-19  1.000000E-30
    243  9.429165011748E-02  5.293798E-07  2.046150E-06  1.077522E-06  7.877018E-07  1.092713E-10  9.895811E-14  1.581441E-18  1.000000E-30
    244  9.514750284226E-02  5.663164E-07  2.494083E-06  1.460373E-06  1.202841E-06  1.684198E-10  1.607669E-13  2.568977E-18  1.000000E-30
    245  9.592869681963E-02  5.711436E-07  2.838463E-06  1.832979E-06  1.684369E-06  2.379079E-10  2.383388E-13  3.808894E-18  1.000000E-30
    246  9.638259128200E-02  5.612489E-07  2.992386E-06  2.046249E-06  2.005522E-06  2.847490E-10  2.935071E-13  4.691163E-18  1.000000E-30
    247  9.686466198075E-02  5.415013E-07  3.112940E-06  2.262822E-06  2.375164E-06  3.391299E-10  3.603240E-13  5.760303E-18  1.000000E-30
    248  9.745016881397E-02  5.069750E-07  3.195007E-06  2.502344E-06  2.855840E-06  4.106069E-10  4.527561E-13  7.240480E-18  1.000000E-30
    249  9.798964068785E-02  4.676010E-07  3.208950E-06  2.693176E-06  3.321469E-06  4.806887E-10  5.485974E-13  8.776827E-18  1.000000E-30
    250  9.892639389759E-02  3.900512E-07  3.107988E-06  2.944188E-06  4.159509E-06  6.090400E-10  7.383277E-13  1.182345E-17  1.000000E-30
    251  9.977784733458E-02  3.184043E-07  2.909392E-06  3.079723E-06  4.927966E-06  7.295113E-10  9.348417E-13  1.498705E-17  1.000000E-30
    252  1.005622893962E-01  2.570426E-07  2.668252E-06  3.131816E-06  5.627224E-06  8.417282E-10  1.135838E-12  1.823186E-17  1.000000E-30
    253  1.013070552067E-01  2.057128E-07  2.412475E-06  3.125672E-06  6.274378E-06  9.480843E-10  1.344317E-12  2.160759E-17  1.000000E-30
    254  1.019791947326E-01  1.659295E-07  2.174301E-06  3.081923E-06  6.842498E-06  1.043651E-09  1.548089E-12  2.491729E-17  1.000000E-30
    255  1.025982572428E-01  1.347612E-07  1.957564E-06  3.015937E-06  7.352538E-06  1.131361E-09  1.749952E-12  2.820594E-17  1.000000E-30
    256  1.032644197032E-01  1.067695E-07  1.733970E-06  2.923800E-06  7.887197E-06  1.225423E-09  1.983514E-12  3.202334E-17  1.000000E-30
    257  1.039121745974E-01  8.445686E-08  1.529996E-06  2.818282E-06  8.394874E-06  1.316880E-09  2.228591E-12  3.604290E-17  1.000000E-30
    258  1.045193471709E-01  6.735437E-08  1.352898E-06  2.708945E-06  8.861157E-06  1.402833E-09  2.476011E-12  4.011497E-17  1.000000E-30
    259  1.051181778144E-01  5.360487E-08  1.192799E-06  2.594463E-06  9.312091E-06  1.487865E-09  2.738125E-12  4.444390E-17  1.000000E-30
    260  1.056826419982E-01  4.303235E-08  1.055175E-06  2.482494E-06  9.729809E-06  1.568397E-09  3.003081E-12  4.883489E-17  1.000000E-30
    261  1.062431336111E-01  3.444617E-08  9.308452E-07  2.368735E-06  1.013842E-05  1.648888E-09  3.284857E-12  5.352059E-17  1.000000E-30
    262  1.068146627648E-01  2.735206E-08  8.165427E-07  2.251882E-06  1.054815E-05  1.731427E-09  3.592508E-12  5.865466E-17  1.000000E-30
    263  1.073656177930E-01  2.182916E-08  7.176508E-07  2.139534E-06  1.093667E-05  1.811480E-09  3.909923E-12  6.397063E-17  1.000000E-30
    264  1.079139362418E-01  1.737547E-08  6.292817E-07  2.028421E-06  1.131805E-05  1.891805E-09  4.247931E-12  6.965151E-17  1.000000E-30
    265  1.084202130578E-01  1.403658E-08  5.561411E-07  1.927384E-06  1.166520E-05  1.966523E-09  4.580827E-12  7.526597E-17  1.000000E-30
    266  1.089957947327E-01  1.098232E-08  4.821344E-07  1.815095E-06  1.205419E-05  2.052158E-09  4.985303E-12  8.211275E-17  1.000000E-30
    267  1.095139929398E-01  8.782158E-09  4.230679E-07  1.716658E-06  1.239977E-05  2.130008E-09  5.375037E-12  8.873519E-17  1.000000E-30
    268  1.100036617482E-01  7.090559E-09  3.731647E-07  1.626006E-06  1.272301E-05  2.204379E-09  5.767520E-12  9.542856E-17  1.000000E-30
    269  1.105581599754E-01  5.551915E-09  3.231147E-07  1.526843E-06  1.308495E-05  2.289560E-09  6.242322E-12  1.035579E-16  1.000000E-30
    270  1.111738162549E-01  4.219951E-09  2.747665E-07  1.421383E-06  1.348228E-05  2.385502E-09  6.810513E-12  1.133314E-16  1.000000E-30
    271  1.117276452796E-01  3.286441E-09  2.369292E-07  1.330442E-06  1.383675E-05  2.473303E-09  7.362205E-12  1.228669E-16  1.000000E-30
    272  1.122547306619E-01  2.584428E-09  2.054085E-07  1.247691E-06  1.417170E-05  2.558270E-09  7.925919E-12  1.326551E-16  1.000000E-30
    273  1.128196390807E-01  1.993482E-09  1.759807E-07  1.163313E-06  1.452841E-05  2.650972E-09  8.575403E-12  1.439863E-16  1.000000E-30
    274  1.134172103791E-01  1.510676E-09  1.491328E-07  1.078744E-06  1.490403E-05  2.751091E-09  9.318092E-12  1.570102E-16  1.000000E-30
    275  1.139661173569E-01  1.167623E-09  1.278441E-07  1.005114E-06  1.524834E-05  2.845127E-09  1.005540E-11  1.700055E-16  1.000000E-30
    276  1.145721141816E-01  8.767530E-10  1.076817E-07  9.286245E-07  1.562794E-05  2.951382E-09  1.093605E-11  1.856085E-16  1.000000E-30
    277  1.151138636995E-01  6.774643E-10  9.224391E-08  8.644174E-07  1.596752E-05  3.048737E-09  1.178799E-11  2.007821E-16  1.000000E-30
    278  1.160623872824E-01  4.286180E-10  7.006108E-08  7.604445E-07  1.656547E-05  3.225366E-09  1.344481E-11  2.304989E-16  1.000000E-30
    279  1.166131253687E-01  3.278553E-10  5.962437E-08  7.052001E-07  1.691539E-05  3.331833E-09  1.451399E-11  2.498118E-16  1.000000E-30
    280  1.171578902390E-01  2.510724E-10  5.077061E-08  6.540203E-07  1.726446E-05  3.440283E-09  1.565815E-11  2.705896E-16  1.000000E-30
    281  1.179966344325E-01  1.656848E-10  3.951860E-08  5.813044E-07  1.780950E-05  3.613990E-09  1.760745E-11  3.062328E-16  1.000000E-30
    282  1.184626561866E-01  1.313305E-10  3.434906E-08  5.441441E-07  1.811674E-05  3.714258E-09  1.879887E-11  3.281605E-16  1.000000E-30
    283  1.189221956404E-01  1.043400E-10  2.989472E-08  5.096445E-07  1.842316E-05  3.815930E-09  2.005706E-11  3.514273E-16  1.000000E-30
    284  1.197605220964E-01  6.824233E-11  2.313375E-08  4.514357E-07  1.899224E-05  4.009083E-09  2.258792E-11  3.985473E-16  1.000000E-30
    285  1.205341475296E-01  4.598325E-11  1.822371E-08  4.032009E-07  1.952910E-05  4.196543E-09  2.522408E-11  4.480487E-16  1.000000E-30
    286  1.212540834288E-01  3.173634E-11  1.456336E-08  3.625003E-07  2.003927E-05  4.379426E-09  2.797102E-11  5.000481E-16  1.000000E-30
    287  1.219299358624E-01  2.233235E-11  1.177457E-08  3.276469E-07  2.052758E-05  4.558860E-09  3.083878E-11  5.547537E-16  1.000000E-30
    288  1.225766858039E-01  1.592680E-11  9.595733E-09  2.972427E-07  2.100311E-05  4.737838E-09  3.387429E-11  6.130917E-16  1.000000E-30
    289  1.231854533608E-01  1.155189E-11  7.899972E-09  2.709143E-07  2.145810E-05  4.913063E-09  3.702029E-11  6.739879E-16  1.000000E-30
    290  1.237219182154E-01  8.685662E-12  6.646651E-09  2.494511E-07  2.186485E-05  5.073081E-09  4.004767E-11  7.329784E-16  1.000000E-30
    291  1.242404039059E-01  6.585801E-12  5.620192E-09  2.302254E-07  2.226294E-05  5.232860E-09  4.322110E-11  7.952022E-16  1.000000E-30
    292  1.248086455930E-01  4.855296E-12  4.671496E-09  2.107290E-07  2.270474E-05  5.413942E-09  4.700403E-11  8.698640E-16  1.000000E-30
    293  1.253177247642E-01  3.683879E-12  3.951243E-09  1.944569E-07  2.310549E-05  5.581671E-09  5.068922E-11  9.430755E-16  1.000000E-30
    294  1.258810647447E-01  2.710282E-12  3.279787E-09  1.778155E-07  2.355418E-05  5.773519E-09  5.512261E-11  1.031744E-15  1.000000E-30
    295  1.264205598797E-01  2.017722E-12  2.741681E-09  1.631407E-07  2.398898E-05  5.963618E-09  5.975059E-11  1.124957E-15  1.000000E-30
    296  1.270317883483E-01  1.439768E-12  2.233499E-09  1.478006E-07  2.448770E-05  6.186854E-09  6.549207E-11  1.241465E-15  1.000000E-30
    297  1.275757308169E-01  1.063725E-12  1.858216E-09  1.352456E-07  2.493699E-05  6.392828E-09  7.109026E-11  1.355938E-15  1.000000E-30
    298  1.286048671531E-01  5.978794E-13  1.308842E-09  1.141844E-07  2.580118E-05  6.802402E-09  8.310426E-11  1.604283E-15  1.000000E-30
    299  1.290949488661E-01  4.526658E-13  1.105049E-09  1.051944E-07  2.621945E-05  7.007089E-09  8.956235E-11  1.739173E-15  1.000000E-30
    300  1.295345101683E-01  3.523567E-13  9.487740E-10  9.769860E-08  2.659834E-05  7.196228E-09  9.580514E-11  1.870428E-15  1.000000E-30
    301  1.303954523490E-01  2.152739E-13  7.027509E-10  8.446221E-08  2.735094E-05  7.582585E-09  1.093989E-10  2.158961E-15  1.000000E-30
    302  1.308549873199E-01  1.649709E-13  5.975692E-10  7.805948E-08  2.775853E-05  7.797823E-09  1.174761E-10  2.332039E-15  1.000000E-30
    303  1.312776310019E-01  1.289843E-13  5.143551E-10  7.256495E-08  2.813709E-05  8.001563E-09  1.254613E-10  2.504266E-15  1.000000E-30
    304  1.320787884157E-01  8.075331E-14  3.865781E-10  6.314592E-08  2.886457E-05  8.403609E-09  1.422088E-10  2.868849E-15  1.000000E-30
    305  1.327308179063E-01  5.496885E-14  3.057221E-10  5.631855E-08  2.946645E-05  8.746867E-09  1.575775E-10  3.207117E-15  1.000000E-30
    306  1.333821207310E-01  3.729252E-14  2.412791E-10  5.016841E-08  3.007668E-05  9.104896E-09  1.746902E-10  3.587580E-15  1.000000E-30
    307  1.339749669338E-01  2.616459E-14  1.943303E-10  4.513532E-08  3.064010E-05  9.444586E-09  1.919727E-10  3.975585E-15  1.000000E-30
    308  1.345530840576E-01  1.847277E-14  1.571095E-10  4.067743E-08  3.119696E-05  9.789085E-09  2.105712E-10  4.397043E-15  1.000000E-30
    309  1.351098094661E-01  1.316598E-14  1.277521E-10  3.675572E-08  3.174026E-05  1.013374E-08  2.302879E-10  4.847939E-15  1.000000E-30
    310  1.359304916944E-01  7.976317E-15  9.404348E-11  3.163140E-08  3.255385E-05  1.066603E-08  2.629725E-10  5.603955E-15  1.000000E-30
    311  1.363572082699E-01  6.137046E-15  8.011390E-11  2.923971E-08  3.298289E-05  1.095470E-08  2.818662E-10  6.045479E-15  1.000000E-30
    312  1.367788244083E-01  4.723380E-15  6.826521E-11  2.702716E-08  3.341089E-05  1.124826E-08  3.019493E-10  6.518146E-15  1.000000E-30
    313  1.375777712339E-01  2.870665E-15  5.033910E-11  2.326771E-08  3.423300E-05  1.182818E-08  3.442471E-10  7.524189E-15  1.000000E-30
    314  1.380438267916E-01  2.145376E-15  4.211806E-11  2.131513E-08  3.471925E-05  1.218134E-08  3.717578E-10  8.185652E-15  1.000000E-30
    315  1.384690951451E-01  1.639959E-15  3.573256E-11  1.965668E-08  3.516725E-05  1.251356E-08  3.988908E-10  8.843116E-15  1.000000E-30
    316  1.391087445178E-01  1.091830E-15  2.785567E-11  1.738472E-08  3.584873E-05  1.303181E-08  4.436946E-10  9.939111E-15  1.000000E-30
    317  1.397002518981E-01  7.487569E-16  2.210818E-11  1.551227E-08  3.648703E-05  1.353168E-08  4.898398E-10  1.108045E-14  1.000000E-30
    318  1.402705851668E-01  5.192530E-16  1.766549E-11  1.388647E-08  3.710976E-05  1.403325E-08  5.391301E-10  1.231253E-14  1.000000E-30
    319  1.408634912375E-01  3.533045E-16  1.395270E-11  1.235649E-08  3.776461E-05  1.457591E-08  5.959461E-10  1.374799E-14  1.000000E-30
    320  1.414089642241E-01  2.476773E-16  1.122187E-11  1.109426E-08  3.837367E-05  1.509504E-08  6.537708E-10  1.522455E-14  1.000000E-30
    321  1.419220762512E-01  1.772452E-16  9.138583E-12  1.002286E-08  3.895227E-05  1.560144E-08  7.135424E-10  1.676618E-14  1.000000E-30
    322  1.422771704232E-01  1.401994E-16  7.914458E-12  9.333089E-09  3.935584E-05  1.596249E-08  7.582595E-10  1.792901E-14  1.000000E-30
    323  1.426029315631E-01  1.129459E-16  6.931581E-12  8.738586E-09  3.972831E-05  1.630153E-08  8.018715E-10  1.907054E-14  1.000000E-30
    324  1.430135230101E-01  8.596470E-17  5.862392E-12  8.041372E-09  4.020077E-05  1.673979E-08  8.606067E-10  2.061895E-14  1.000000E-30
    325  1.434683796643E-01  6.351041E-17  4.867706E-12  7.332658E-09  4.072799E-05  1.723990E-08  9.309536E-10  2.248925E-14  1.000000E-30
    326  1.440315208021E-01  4.359681E-17  3.862763E-12  6.537383E-09  4.138614E-05  1.788103E-08  1.026469E-09  2.505437E-14  1.000000E-30
    327  1.445490332405E-01  3.069674E-17  3.114063E-12  5.872526E-09  4.199613E-05  1.849239E-08  1.123332E-09  2.768363E-14  1.000000E-30
    328  1.451370980342E-01  2.058672E-17  2.435973E-12  5.196656E-09  4.269507E-05  1.921387E-08  1.245076E-09  3.102533E-14  1.000000E-30
    329  1.457052374241E-01  1.399048E-17  1.920563E-12  4.616838E-09  4.337597E-05  1.993903E-08  1.375805E-09  3.465620E-14  1.000000E-30
    330  1.463107957421E-01  9.216946E-18  1.485604E-12  4.061436E-09  4.410759E-05  2.074374E-08  1.531115E-09  3.902225E-14  1.000000E-30
    331  1.468752132891E-01  6.230344E-18  1.167423E-12  3.600845E-09  4.479472E-05  2.152458E-08  1.692410E-09  4.361237E-14  1.000000E-30
    332  1.475510939381E-01  3.897328E-18  8.742544E-13  3.116740E-09  4.562387E-05  2.250057E-08  1.909169E-09  4.986323E-14  1.000000E-30
    333  1.481899111058E-01  2.487552E-18  6.628793E-13  2.713627E-09  4.641358E-05  2.346599E-08  2.140896E-09  5.664085E-14  1.000000E-30
    334  1.491767377555E-01  1.236524E-18  4.305890E-13  2.186108E-09  4.764426E-05  2.504405E-08  2.558361E-09  6.907340E-14  1.000000E-30
    335  1.497116139607E-01  8.461914E-19  3.405587E-13  1.943794E-09  4.831642E-05  2.594570E-08  2.819336E-09  7.697661E-14  1.000000E-30
    336  1.502421520731E-01  5.769862E-19  2.687911E-13  1.725812E-09  4.898648E-05  2.687386E-08  3.105974E-09  8.576152E-14  1.000000E-30
    337  1.509052103900E-01  3.573015E-19  1.997910E-13  1.486752E-09  4.982835E-05  2.808325E-08  3.507518E-09  9.823841E-14  1.000000E-30
    338  1.515352476696E-01  2.267322E-19  1.506651E-13  1.290290E-09  5.063262E-05  2.928566E-08  3.939372E-09  1.118602E-13  1.000000E-30
    339  1.521327102765E-01  1.462270E-19  1.147553E-13  1.124849E-09  5.139898E-05  3.047629E-08  4.400723E-09  1.266230E-13  1.000000E-30
    340  1.526678407657E-01  9.860142E-20  8.982154E-14  9.941759E-10  5.208829E-05  3.158625E-08  4.861897E-09  1.415806E-13  1.000000E-30
    341  1.532481602429E-01  6.437354E-20  6.885291E-14  8.695640E-10  5.283876E-05  3.283854E-08  5.419426E-09  1.599095E-13  1.000000E-30
    342  1.535863948111E-01  5.017648E-20  5.892813E-14  8.039767E-10  5.327754E-05  3.359265E-08  5.774860E-09  1.717250E-13  1.000000E-30
    343  1.538995751697E-01  3.970304E-20  5.091022E-14  7.466648E-10  5.368470E-05  3.430733E-08  6.125969E-09  1.834897E-13  1.000000E-30
    344  1.546020187628E-01  2.348641E-20  3.664000E-14  6.322870E-10  5.460092E-05  3.596969E-08  6.996935E-09  2.130487E-13  1.000000E-30
    345  1.552062305672E-01  1.498133E-20  2.760746E-14  5.480688E-10  5.539224E-05  3.746807E-08  7.849235E-09  2.424512E-13  1.000000E-30
    346  1.557875935888E-01  9.683286E-21  2.095605E-14  4.767203E-10  5.615640E-05  3.897260E-08  8.772475E-09  2.747810E-13  1.000000E-30
    347  1.566447447202E-01  5.077074E-21  1.390134E-14  3.872100E-10  5.728793E-05  4.130932E-08  1.034603E-08  3.309187E-13  1.000000E-30
    348  1.574294426159E-01  2.825050E-21  9.541116E-15  3.200615E-10  5.832889E-05  4.357972E-08  1.204501E-08  3.928375E-13  1.000000E-30
    349  1.581710514975E-01  1.614384E-21  6.639431E-15  2.662315E-10  5.931717E-05  4.584838E-08  1.392102E-08  4.625889E-13  1.000000E-30
    350  1.588328903187E-01  9.859541E-22  4.803225E-15  2.259161E-10  6.020286E-05  4.797987E-08  1.585220E-08  5.357486E-13  1.000000E-30
    351  1.594606073659E-01  6.202681E-22  3.528021E-15  1.931978E-10  6.104619E-05  5.009985E-08  1.794312E-08  6.163483E-13  1.000000E-30
    352  1.600565792087E-01  3.991911E-22  2.619887E-15  1.660656E-10  6.184989E-05  5.220598E-08  2.019704E-08  7.046854E-13  1.000000E-30
    353  1.607059625219E-01  2.493019E-22  1.894655E-15  1.408702E-10  6.272901E-05  5.460962E-08  2.299132E-08  8.161042E-13  1.000000E-30
    354  1.613957576202E-01  1.526621E-22  1.340969E-15  1.182145E-10  6.366680E-05  5.729388E-08  2.640512E-08  9.547918E-13  1.000000E-30
    355  1.620398820205E-01  9.700023E-23  9.660840E-16  1.000580E-10  6.454622E-05  5.992923E-08  3.007424E-08  1.106660E-12  1.000000E-30
    356  1.627691861850E-01  5.906245E-23  6.670541E-16  8.291966E-11  6.554632E-05  6.307199E-08  3.487623E-08  1.309368E-12  1.000000E-30
    357  1.634667099868E-01  3.722380E-23  4.667006E-16  6.918396E-11  6.650720E-05  6.624550E-08  4.022251E-08  1.539729E-12  1.000000E-30
    358  1.645369737572E-01  1.883329E-23  2.684700E-16  5.227636E-11  6.798980E-05  7.145761E-08  5.015233E-08  1.978959E-12  1.000000E-30
    359  1.651200899964E-01  1.323513E-23  1.988305E-16  4.492549E-11  6.880169E-05  7.448422E-08  5.660794E-08  2.271496E-12  1.000000E-30
    360  1.656939516385E-01  9.397700E-24  1.471600E-16  3.858474E-11  6.960342E-05  7.760022E-08  6.382034E-08  2.604027E-12  1.000000E-30
    361  1.664404283242E-01  6.132328E-24  9.970042E-17  3.171922E-11  7.065020E-05  8.186831E-08  7.466028E-08  3.114058E-12  1.000000E-30
    362  1.671401020014E-01  4.175835E-24  6.929060E-17  2.643785E-11  7.163510E-05  8.610232E-08  8.657004E-08  3.687032E-12  1.000000E-30
    363  1.682228463170E-01  2.347670E-24  3.926367E-17  1.991814E-11  7.316552E-05  9.313285E-08  1.090741E-07  4.800643E-12  1.000000E-30
    364  1.688914277275E-01  1.674738E-24  2.781095E-17  1.680633E-11  7.411378E-05  9.778446E-08  1.259348E-07  5.658150E-12  1.000000E-30
    365  1.695862681704E-01  1.182656E-24  1.933992E-17  1.406436E-11  7.510126E-05  1.028882E-07  1.463887E-07  6.721268E-12  1.000000E-30
    366  1.708796298676E-01  6.395016E-25  1.001014E-17  1.025194E-11  7.694248E-05  1.131735E-07  1.941662E-07  9.288575E-12  1.000000E-30
    367  1.720689125062E-01  3.717691E-25  5.524337E-18  7.768035E-12  7.863504E-05  1.236165E-07  2.525384E-07  1.255620E-11  1.000000E-30
    368  1.730357271347E-01  2.450761E-25  3.481199E-18  6.318237E-12  8.000676E-05  1.328688E-07  3.133092E-07  1.608334E-11  1.000000E-30
    369  1.739185931198E-01  1.700285E-25  2.317703E-18  5.307567E-12  8.125254E-05  1.419656E-07  3.821480E-07  2.020705E-11  1.000000E-30
    370  1.748109107026E-01  1.201083E-25  1.576623E-18  4.545084E-12  8.250132E-05  1.518331E-07  4.677529E-07  2.549678E-11  1.000000E-30
    371  1.757092013639E-01  8.595452E-26  1.091827E-18  3.960487E-12  8.374319E-05  1.624976E-07  5.742920E-07  3.229121E-11  1.000000E-30
    372  1.765567714958E-01  6.414840E-26  7.970499E-19  3.560999E-12  8.489598E-05  1.732739E-07  6.977662E-07  4.041679E-11  1.000000E-30
    373  1.775373762473E-01  4.645083E-26  5.692530E-19  3.219266E-12  8.619847E-05  1.866618E-07  8.757608E-07  5.252664E-11  1.000000E-30
    374  1.784803688374E-01  3.492844E-26  4.295278E-19  3.002082E-12  8.740982E-05  2.005191E-07  1.090979E-06  6.770067E-11  1.000000E-30
    375  1.795112536071E-01  2.596255E-26  3.271724E-19  2.845389E-12  8.867217E-05  2.168338E-07  1.389929E-06  8.957465E-11  1.000000E-30
    376  1.804824008025E-01  2.003462E-26  2.644246E-19  2.765474E-12  8.978496E-05  2.333662E-07  1.748165E-06  1.168137E-10  1.000000E-30
    377  1.815169070317E-01  1.535065E-26  2.186398E-19  2.727555E-12  9.086289E-05  2.522578E-07  2.235567E-06  1.553545E-10  1.000000E-30
    378  1.825428215499E-01  1.195566E-26  1.888934E-19  2.730754E-12  9.179138E-05  2.723046E-07  2.855612E-06  2.064480E-10  1.000000E-30
    379  1.841355644659E-01  8.228088E-27  1.614007E-19  2.789057E-12  9.285598E-05  3.059061E-07  4.181862E-06  3.219001E-10  1.000000E-30
    380  1.856860183354E-01  5.792582E-27  1.486725E-19  2.889462E-12  9.327726E-05  3.410649E-07  6.063430E-06  4.969083E-10  1.000000E-30
    381  1.870847965371E-01  4.273302E-27  1.449504E-19  3.005774E-12  9.292877E-05  3.740174E-07  8.458802E-06  7.344859E-10  1.000000E-30
    382  1.883699545972E-01  3.274772E-27  1.460520E-19  3.128259E-12  9.179573E-05  4.041616E-07  1.143749E-05  1.048508E-09  1.000000E-30
    383  1.895671856375E-01  2.587482E-27  1.499159E-19  3.252666E-12  8.984974E-05  4.307079E-07  1.506407E-05  1.454003E-09  1.000000E-30
    384  1.907324824205E-01  2.094037E-27  1.558239E-19  3.381868E-12  8.696354E-05  4.534424E-07  1.954152E-05  1.985016E-09  1.000000E-30
    385  1.917913284253E-01  1.765283E-27  1.627568E-19  3.505407E-12  8.338017E-05  4.698061E-07  2.452506E-05  2.611648E-09  1.000000E-30
    386  1.928179034582E-01  1.525074E-27  1.706743E-19  3.630198E-12  7.895553E-05  4.801099E-07  3.025886E-05  3.375569E-09  1.000000E-30
    387  1.939781308337E-01  1.337477E-27  1.809897E-19  3.776994E-12  7.285485E-05  4.834641E-07  3.777368E-05  4.445011E-09  1.000000E-30
    388  1.950365569225E-01  1.221672E-27  1.915411E-19  3.915961E-12  6.634902E-05  4.773825E-07  4.550245E-05  5.626358E-09  1.000000E-30
    389  1.963061656501E-01  1.143413E-27  2.056200E-19  4.088894E-12  5.767586E-05  4.579292E-07  5.555109E-05  7.296785E-09  1.000000E-30
    390  1.975160386553E-01  1.116576E-27  2.204451E-19  4.259837E-12  4.896825E-05  4.277005E-07  6.547311E-05  9.119380E-09  1.000000E-30
    391  1.988970783448E-01  1.129631E-27  2.390435E-19  4.461982E-12  3.914484E-05  3.819396E-07  7.656982E-05  1.141763E-08  1.000000E-30
    392  2.001908516564E-01  1.177814E-27  2.581185E-19  4.657676E-12  3.067416E-05  3.325823E-07  8.613263E-05  1.370809E-08  1.000000E-30
    393  2.023233395230E-01  1.316106E-27  2.931233E-19  4.991236E-12  1.923940E-05  2.491581E-07  9.919505E-05  1.762323E-08  1.000000E-30
    394  2.035207364909E-01  1.421067E-27  3.147756E-19  5.182439E-12  1.438001E-05  2.062237E-07  1.049008E-04  1.985301E-08  1.000000E-30
    395  2.047171141817E-01  1.542264E-27  3.378772E-19  5.373804E-12  1.055788E-05  1.679081E-07  1.095402E-04  2.210665E-08  1.000000E-30
    396  2.061861175315E-01  1.712406E-27  3.682886E-19  5.604809E-12  7.087208E-06  1.282337E-07  1.139973E-04  2.493127E-08  1.000000E-30
    397  2.075162532616E-01  1.885463E-27  3.977996E-19  5.803795E-12  4.867059E-06  9.918381E-08  1.171147E-04  2.758503E-08  1.000000E-30
    398  2.088103947538E-01  2.070311E-27  4.283342E-19  5.979338E-12  3.336993E-06  7.648616E-08  1.195388E-04  3.030260E-08  1.000000E-30
    399  2.102374295066E-01  2.292828E-27  4.641038E-19  6.138478E-12  2.176938E-06  5.692273E-08  1.217279E-04  3.351224E-08  1.000000E-30
    400  2.116254943500E-01  2.528070E-27  5.010169E-19  6.239909E-12  1.424172E-06  4.242109E-08  1.235451E-04  3.691238E-08  1.000000E-30
    401  2.137594200207E-01  2.926394E-27  5.618431E-19  6.235852E-12  7.305786E-07  2.669482E-08  1.260496E-04  4.283740E-08  1.000000E-30
    402  2.149968302441E-01  3.178436E-27  5.993711E-19  6.111069E-12  4.931146E-07  2.032406E-08  1.274659E-04  4.675729E-08  1.000000E-30
    403  2.163578604848E-01  3.474076E-27  6.425514E-19  5.841794E-12  3.180545E-07  1.499410E-08  1.290753E-04  5.157283E-08  1.000000E-30
    404  2.188327022992E-01  4.063864E-27  7.261307E-19  4.979771E-12  1.421172E-07  8.590158E-09  1.322998E-04  6.199580E-08  1.000000E-30
    405  2.210861741802E-01  4.663661E-27  8.078279E-19  3.868740E-12  6.770689E-08  5.157376E-09  1.356793E-04  7.384766E-08  1.000000E-30
    406  2.231360986547E-01  5.265592E-27  8.866733E-19  2.796392E-12  3.445988E-08  3.254433E-09  1.390886E-04  8.708500E-08  1.000000E-30
    407  2.249661932162E-01  5.852140E-27  9.606317E-19  1.952186E-12  1.894066E-08  2.176608E-09  1.422894E-04  1.012780E-07  1.000000E-30
    408  2.266023391923E-01  6.419106E-27  1.029562E-18  1.354076E-12  1.119589E-08  1.539997E-09  1.451685E-04  1.161795E-07  1.000000E-30
    409  2.291569547831E-01  7.392990E-27  1.142455E-18  7.236569E-13  5.099429E-09  9.367963E-10  1.494915E-04  1.443897E-07  1.000000E-30
    410  2.305971902523E-01  7.994749E-27  1.208939E-18  5.018316E-13  3.377305E-09  7.345560E-10  1.517588E-04  1.634179E-07  1.000000E-30
    411  2.319348711247E-01  8.591135E-27  1.272542E-18  3.572929E-13  2.365363E-09  6.039777E-10  1.537239E-04  1.834527E-07  1.000000E-30
    412  2.335360820165E-01  9.356772E-27  1.351055E-18  2.408854E-13  1.605927E-09  4.990225E-10  1.558791E-04  2.108622E-07  1.000000E-30
    413  2.351317971316E-01  1.018132E-26  1.431936E-18  1.667985E-13  1.141275E-09  4.332716E-10  1.578018E-04  2.424694E-07  1.000000E-30
    414  2.376293164755E-01  1.161093E-26  1.564010E-18  1.013052E-13  7.244374E-10  3.790324E-10  1.603492E-04  3.023023E-07  1.000000E-30
    415  2.399259738388E-01  1.309818E-26  1.691701E-18  7.077353E-14  5.079658E-10  3.595555E-10  1.621953E-04  3.711565E-07  1.000000E-30
    416  2.420046682363E-01  1.461123E-26  1.812819E-18  5.531286E-14  3.800288E-10  3.554566E-10  1.634643E-04  4.478886E-07  1.000000E-30
    417  2.451201276448E-01  1.723563E-26  2.005243E-18  4.231317E-14  2.522728E-10  3.615972E-10  1.646728E-04  5.962114E-07  1.000000E-30
    418  2.467564269033E-01  1.881809E-26  2.112118E-18  3.788607E-14  2.042049E-10  3.678830E-10  1.649845E-04  6.944297E-07  1.000000E-30
    419  2.483354027874E-01  2.050260E-26  2.219480E-18  3.442439E-14  1.664511E-10  3.749916E-10  1.650801E-04  8.058174E-07  1.000000E-30
    420  2.499258654919E-01  2.237817E-26  2.332224E-18  3.145495E-14  1.352654E-10  3.827792E-10  1.649767E-04  9.376360E-07  1.000000E-30
    421  2.515152656983E-01  2.445777E-26  2.449973E-18  2.884310E-14  1.096980E-10  3.909385E-10  1.646765E-04  1.092796E-06  1.000000E-30
    422  2.542060864984E-01  2.853361E-26  2.662465E-18  2.498918E-14  7.649026E-11  4.052017E-10  1.637268E-04  1.422075E-06  1.000000E-30
    423  2.556901221114E-01  3.113424E-26  2.787696E-18  2.310482E-14  6.252072E-11  4.131931E-10  1.629678E-04  1.648068E-06  1.000000E-30
    424  2.570805114381E-01  3.383704E-26  2.910905E-18  2.147255E-14  5.167720E-11  4.207192E-10  1.621051E-04  1.895105E-06  1.000000E-30
    425  2.598984391343E-01  4.024231E-26  3.180481E-18  1.852356E-14  3.499681E-11  4.360347E-10  1.599015E-04  2.526481E-06  1.000000E-30
    426  2.622653138568E-01  4.677015E-26  3.430709E-18  1.639354E-14  2.520857E-11  4.489443E-10  1.575648E-04  3.231641E-06  1.000000E-30
    427  2.644885215151E-01  5.405969E-26  3.688921E-18  1.466075E-14  1.857393E-11  4.611148E-10  1.549411E-04  4.087140E-06  1.000000E-30
    428  2.667229470066E-01  6.272981E-26  3.974396E-18  1.316465E-14  1.375795E-11  4.734102E-10  1.518487E-04  5.192740E-06  1.000000E-30
    429  2.687894382327E-01  7.215830E-26  4.264648E-18  1.198615E-14  1.053279E-11  4.848614E-10  1.485365E-04  6.497147E-06  1.000000E-30
    430  2.709436570286E-01  8.367702E-26  4.597358E-18  1.095390E-14  8.105668E-12  4.969078E-10  1.445578E-04  8.224727E-06  1.000000E-30
    431  2.728595154549E-01  9.560441E-26  4.921928E-18  1.019400E-14  6.547746E-12  5.077384E-10  1.405019E-04  1.015563E-05  1.000000E-30
    432  2.763050324764E-01  1.218529E-25  5.582169E-18  9.173902E-15  4.742970E-12  5.275665E-10  1.317365E-04  1.484182E-05  1.000000E-30
    433  2.797281875476E-01  1.555256E-25  6.348761E-18  8.564780E-15  3.786528E-12  5.478217E-10  1.207260E-04  2.151601E-05  1.000000E-30
    434  2.831107064370E-01  1.983914E-25  7.229594E-18  8.327598E-15  3.347601E-12  5.685089E-10  1.071424E-04  3.058036E-05  1.000000E-30
    435  2.863632962154E-01  2.511914E-25  8.204410E-18  8.421086E-15  3.230824E-12  5.891517E-10  9.143782E-05  4.175320E-05  1.000000E-30
    436  2.894106333807E-01  3.138306E-25  9.237807E-18  8.785562E-15  3.310362E-12  6.092641E-10  7.486768E-05  5.393964E-05  1.000000E-30
    437  2.941185503109E-01  4.438884E-25  1.105204E-17  9.877754E-15  3.703751E-12  6.420417E-10  4.868153E-05  7.316351E-05  1.000000E-30
    438  2.983685787405E-01  6.086902E-25  1.284041E-17  1.144791E-14  4.303223E-12  6.737039E-10  2.873999E-05  8.673403E-05  1.000000E-30
    439  3.021949729112E-01  8.104358E-25  1.439388E-17  1.339669E-14  5.044578E-12  7.041854E-10  1.612156E-05  9.366163E-05  1.000000E-30
    440  3.059150641439E-01  1.072227E-24  1.554222E-17  1.586232E-14  5.973163E-12  7.359080E-10  8.518470E-06  9.586240E-05  1.000000E-30
    441  3.094680949786E-01  1.402696E-24  1.589863E-17  1.884156E-14  7.084823E-12  7.684223E-10  4.400581E-06  9.499758E-05  1.000000E-30
    442  3.127856926026E-01  1.804499E-24  1.523269E-17  2.226273E-14  8.351564E-12  8.009936E-10  2.307503E-06  9.262414E-05  1.000000E-30
    443  3.178598433803E-01  2.657055E-24  1.223822E-17  2.882389E-14  1.075938E-11  8.553600E-10  8.515707E-07  8.762633E-05  1.000000E-30
    444  3.224504526026E-01  3.777500E-24  8.512775E-18  3.623183E-14  1.345013E-11  9.094469E-10  3.754769E-07  8.266376E-05  1.000000E-30
    445  3.266870398371E-01  5.234870E-24  5.498481E-18  4.448056E-14  1.641737E-11  9.634056E-10  2.142400E-07  7.813152E-05  1.000000E-30
    446  3.305577136787E-01  7.063817E-24  3.597198E-18  5.351731E-14  1.964007E-11  1.016057E-09  1.609747E-07  7.415361E-05  1.000000E-30
    447  3.362681054783E-01  1.102603E-23  2.198921E-18  7.042117E-14  2.560961E-11  1.099881E-09  1.423796E-07  6.863831E-05  1.000000E-30
    448  3.414589872690E-01  1.659970E-23  1.954128E-18  9.087139E-14  3.275531E-11  1.183210E-09  1.459605E-07  6.399684E-05  1.000000E-30
    449  3.462773530350E-01  2.437619E-23  2.318188E-18  1.158034E-13  4.138250E-11  1.267613E-09  1.544588E-07  5.999142E-05  1.000000E-30
    450  3.508856189623E-01  3.536509E-23  3.120518E-18  1.468034E-13  5.200917E-11  1.355689E-09  1.644552E-07  5.641828E-05  1.000000E-30
    451  3.552628710565E-01  5.059006E-23  4.339295E-18  1.847736E-13  6.490659E-11  1.446995E-09  1.750383E-07  5.324504E-05  1.000000E-30
    452  3.595141079779E-01  7.194018E-23  6.075933E-18  2.320259E-13  8.081328E-11  1.543812E-09  1.862587E-07  5.035880E-05  1.000000E-30
    453  3.636744849418E-01  1.019447E-22  8.502300E-18  2.911055E-13  1.005244E-10  1.647388E-09  1.982043E-07  4.771220E-05  1.000000E-30
    454  3.676260234901E-01  1.424460E-22  1.173530E-17  3.623584E-13  1.240893E-10  1.754917E-09  2.105358E-07  4.535419E-05  1.000000E-30
    455  3.714655117309E-01  1.977234E-22  1.607910E-17  4.496362E-13  1.527073E-10  1.869022E-09  2.235487E-07  4.320212E-05  1.000000E-30
    456  3.752653942304E-01  2.741858E-22  2.198367E-17  5.582161E-13  1.880060E-10  1.992426E-09  2.375460E-07  4.120150E-05  1.000000E-30
    457  3.809506426681E-01  4.487817E-22  3.513658E-17  7.749457E-13  2.576904E-10  2.199236E-09  2.608473E-07  3.843634E-05  1.000000E-30
    458  3.865190953769E-01  7.296854E-22  5.562559E-17  1.073103E-12  3.523028E-10  2.431588E-09  2.868193E-07  3.597735E-05  1.000000E-30
    459  3.928522091207E-01  1.272364E-21  9.369489E-17  1.559754E-12  5.045322E-10  2.738058E-09  3.207840E-07  3.345845E-05  1.000000E-30
    460  3.991093841216E-01  2.210770E-21  1.565544E-16  2.263161E-12  7.212117E-10  3.092877E-09  3.597368E-07  3.123591E-05  1.000000E-30
    461  4.054183851758E-01  3.871786E-21  2.621803E-16  3.300136E-12  1.035691E-09  3.512536E-09  4.053465E-07  2.923743E-05  1.000000E-30
    462  4.147392755742E-01  8.935610E-21  5.599433E-16  5.776068E-12  1.771527E-09  4.270608E-09  4.865973E-07  2.667744E-05  1.000000E-30
    463  4.232199499949E-01  1.929722E-20  1.113969E-15  9.635237E-12  2.892768E-09  5.138030E-09  5.779306E-07  2.469780E-05  1.000000E-30
    464  4.316976825025E-01  4.206855E-20  2.209871E-15  1.610282E-11  4.730941E-09  6.220436E-09  6.896774E-07  2.299800E-05  1.000000E-30
    465  4.393401554526E-01  8.551582E-20  4.081508E-15  2.560502E-11  7.375071E-09  7.428889E-09  8.117437E-07  2.166731E-05  1.000000E-30
    466  4.465935084243E-01  1.679252E-19  7.258035E-15  3.972144E-11  1.122545E-08  8.830072E-09  9.500184E-07  2.055375E-05  1.000000E-30
    467  4.537106765818E-01  3.256957E-19  1.265091E-14  6.090362E-11  1.689039E-08  1.049985E-08  1.110567E-06  1.958034E-05  1.000000E-30
    468  4.602314649238E-01  5.972451E-19  2.082587E-14  8.961172E-11  2.442328E-08  1.233750E-08  1.282340E-06  1.877466E-05  1.000000E-30
    469  4.709552966107E-01  1.616738E-18  4.602535E-14  1.662640E-10  4.402350E-08  1.613927E-08  1.622822E-06  1.758638E-05  1.000000E-30
    470  4.769745726746E-01  2.821034E-18  7.067764E-14  2.324505E-10  6.054617E-08  1.877607E-08  1.848169E-06  1.697151E-05  1.000000E-30
    471  4.828178172001E-01  4.834931E-18  1.059644E-13  3.188061E-10  8.171109E-08  2.173668E-08  2.091414E-06  1.639564E-05  1.000000E-30
    472  4.927188450138E-01  1.198159E-17  2.051095E-13  5.322416E-10  1.326626E-07  2.777811E-08  2.558087E-06  1.543713E-05  1.000000E-30
    473  5.000000000000E-01  2.323517E-17  3.266806E-13  7.613122E-10  1.857810E-07  3.315042E-08  2.942187E-06  1.472401E-05  1.000000E-30
