 *                                      
 * expansion:  temp0=  1.000E+10 den0=  3.000E+06 temp_stop=  1.000E+07
 *          time                rh100         rh101         rh102         rh103         rh104         rh105         rh106         rh107
      1  0.000000000000E+00  1.000000E-30  1.000000E-30  1.000000E-30  1.000000E-30  1.000000E-30  1.000000E-30  1.000000E-30  1.000000E-30
      2  1.000000000000E-16  1.052750E-30  1.021024E-30  1.007081E-30  1.014712E-30  1.000000E-30  1.000000E-30  1.003453E-30  1.000000E-30
      3  6.264265632874E-16  1.490358E-30  1.170246E-30  1.063843E-30  1.091162E-30  1.000000E-30  1.000541E-30  1.021120E-30  1.000000E-30
      4  2.206990590178E-15  4.394131E-30  2.289584E-30  1.543653E-30  1.342523E-30  1.000000E-30  1.013241E-30  1.069360E-30  1.000000E-30
      5  6.425069294186E-15  1.557016E-29  1.020202E-29  5.548517E-30  2.608656E-30  1.003792E-30  1.164232E-30  1.170461E-30  1.000000E-30
      6  1.724777641531E-14  3.804391E-29  4.099559E-29  2.357481E-29  1.036169E-29  2.573070E-30  2.630495E-30  1.366008E-30  1.000002E-30
      7  4.527785414179E-14  7.671857E-29  1.138168E-28  7.193834E-29  4.401958E-29  1.186545E-29  1.020682E-29  2.189502E-30  1.096067E-30
      8  1.231582592127E-13  1.765890E-28  3.035030E-28  2.062274E-28  1.497191E-28  4.277021E-29  3.687376E-29  6.311364E-30  1.851850E-30
      9  4.001734798240E-13  4.746770E-28  8.810599E-28  6.203198E-28  4.751279E-28  1.369258E-28  1.180843E-28  1.914452E-29  4.129736E-30
     10  1.150918682670E-12  4.340678E-28  8.101822E-28  5.687433E-28  4.373507E-28  1.258578E-28  1.084939E-28  1.775918E-29  3.909898E-30
     11  2.802808442389E-12  3.208675E-28  6.020713E-28  4.234850E-28  3.266661E-28  9.403639E-29  8.124371E-29  1.364092E-29  3.195524E-30
     12  6.912921996243E-12  1.792511E-28  3.379128E-28  2.379717E-28  1.845015E-28  5.329216E-29  4.627484E-29  8.195118E-30  2.163707E-30
     13  1.659368270033E-11  1.152398E-29  2.228517E-29  1.607476E-29  1.305990E-29  4.046957E-30  3.975054E-30  1.571777E-30  1.000000E-30
     14  1.134012897413E-10  2.503340E-30  4.866849E-30  3.507550E-30  2.851525E-30  1.000000E-30  1.000000E-30  1.000000E-30  1.000000E-30
     15  1.081477360150E-09  1.059765E-30  2.062231E-30  1.485624E-30  1.203881E-30  1.000000E-30  1.000000E-30  1.000000E-30  1.000000E-30
     16  1.076223806424E-08  1.000000E-30  1.000000E-30  1.000000E-30  1.000000E-30  1.000000E-30  1.000000E-30  1.000000E-30  1.000000E-30
     17  6.834096797002E-08  1.000000E-30  1.000000E-30  1.000000E-30  1.000000E-30  1.000000E-30  1.000000E-30  1.000000E-30  1.000000E-30
     18  2.542122411654E-07  1.000000E-30  1.000000E-30  1.000000E-30  1.000000E-30  1.000000E-30  1.000000E-30  1.000000E-30  1.000000E-30
     19  7.007518887657E-07  1.000000E-30  1.000000E-30  1.000000E-30  1.000000E-30  1.000000E-30  1.000000E-30  1.000000E-30  1.000000E-30
     20  1.724661805125E-06  1.000000E-30  1.000000E-30  1.000000E-30  1.000000E-30  1.000000E-30  1.000000E-30  1.000000E-30  1.000000E-30
     21  4.267664185819E-06  1.000000E-30  1.000000E-30  1.000000E-30  1.000000E-30  1.000000E-30  1.000000E-30  1.000000E-30  1.000000E-30
     22  1.786211798807E-05  1.000000E-30  1.000000E-30  1.000000E-30  1.000000E-30  1.000000E-30  1.000000E-30  1.000000E-30  1.000000E-30
     23  6.929007850093E-05  1.000000E-30  1.000000E-30  1.000000E-30  1.000000E-30  1.000000E-30  1.000000E-30  1.000000E-30  1.000000E-30
     24  5.835696836295E-04  1.000000E-30  1.000000E-30  1.000000E-30  1.000000E-30  1.000000E-30  1.000000E-30  1.000000E-30  1.000000E-30
     25  1.496090518789E-03  1.000000E-30  1.000000E-30  1.000000E-30  1.000000E-30  1.000000E-30  1.000000E-30  1.000000E-30  1.000000E-30
     26  2.379765156362E-03  1.000000E-30  1.000000E-30  1.000000E-30  1.000000E-30  1.000000E-30  1.000000E-30  1.000000E-30  1.000000E-30
     27  3.772948503579E-03  1.000000E-30  1.000000E-30  1.000000E-30  1.000000E-30  1.000000E-30  1.000000E-30  1.000000E-30  1.000000E-30
     28  4.957278025650E-03  1.000000E-30  1.000000E-30  1.000000E-30  1.000000E-30  1.000000E-30  1.000000E-30  1.000000E-30  1.000000E-30
     29  5.758110286319E-03  1.000000E-30  1.000000E-30  1.000000E-30  1.000000E-30  1.000000E-30  1.000000E-30  1.000000E-30  1.000000E-30
     30  6.636115041812E-03  1.000000E-30  1.000000E-30  1.000000E-30  1.000000E-30  1.000000E-30  1.000000E-30  1.000000E-30  1.000000E-30
     31  7.490864585256E-03  1.000000E-30  1.000000E-30  1.000000E-30  1.000000E-30  1.000000E-30  1.000000E-30  1.000000E-30  1.000000E-30
     32  8.026631019591E-03  1.000000E-30  1.000000E-30  1.000000E-30  1.000000E-30  1.000000E-30  1.000000E-30  1.000000E-30  1.000000E-30
     33  8.451616658664E-03  1.000000E-30  1.000000E-30  1.000000E-30  1.000000E-30  1.000000E-30  1.000000E-30  1.000000E-30  1.000000E-30
     34  9.803471762980E-03  1.000000E-30  1.000000E-30  1.000000E-30  1.000000E-30  1.000000E-30  1.000000E-30  1.000000E-30  1.000000E-30
     35  1.116687552369E-02  1.000000E-30  1.000000E-30  1.000000E-30  1.000000E-30  1.000000E-30  1.000000E-30  1.000000E-30  1.000000E-30
     36  1.219012310682E-02  1.000000E-30  1.000000E-30  1.000000E-30  1.000000E-30  1.000000E-30  1.000000E-30  1.000000E-30  1.000000E-30
     37  1.314647137106E-02  1.000000E-30  1.000000E-30  1.000000E-30  1.000000E-30  1.000000E-30  1.000000E-30  1.000000E-30  1.000000E-30
     38  1.431720408173E-02  1.000000E-30  1.000000E-30  1.000000E-30  1.000000E-30  1.000000E-30  1.000000E-30  1.000000E-30  1.000000E-30
     39  1.545287753035E-02  1.000000E-30  1.000000E-30  1.000000E-30  1.000000E-30  1.000000E-30  1.000000E-30  1.000000E-30  1.000000E-30
     40  1.716820108076E-02  1.000000E-30  1.000000E-30  1.000000E-30  1.000000E-30  1.000000E-30  1.000000E-30  1.000000E-30  1.000000E-30
     41  1.871872199221E-02  1.000000E-30  1.000000E-30  1.000000E-30  1.000000E-30  1.000000E-30  1.000000E-30  1.000000E-30  1.000000E-30
     42  2.131412024987E-02  1.000000E-30  1.571014E-30  1.727287E-30  1.649983E-30  1.000000E-30  1.000000E-30  1.000000E-30  1.000000E-30
     43  2.288535686070E-02  1.000000E-30  1.085266E-30  1.323973E-30  1.420709E-30  1.000000E-30  1.000000E-30  1.000000E-30  1.000000E-30
     44  2.437102778700E-02  1.000000E-30  1.071400E-30  1.410573E-30  1.649711E-30  1.000000E-30  1.000000E-30  1.000000E-30  1.000000E-30
     45  2.666254430666E-02  1.000000E-30  1.669255E-30  1.852151E-30  2.990509E-30  1.659221E-30  1.196432E-30  1.000000E-30  1.000000E-30
     46  2.807329513827E-02  1.000000E-30  1.046435E-30  1.727290E-30  2.833040E-30  1.720683E-30  1.293006E-30  1.000000E-30  1.000000E-30
     47  2.946719119355E-02  1.000000E-30  1.000000E-30  1.811985E-30  4.100084E-30  2.809391E-30  2.250028E-30  1.000000E-30  1.000000E-30
     48  2.982466835475E-02  1.000000E-30  1.000000E-30  1.000000E-30  1.029246E-30  1.000000E-30  1.000000E-30  1.000000E-30  1.000000E-30
     49  3.017238950627E-02  1.000000E-30  1.000000E-30  1.000000E-30  1.044973E-30  1.000000E-30  1.000000E-30  1.000000E-30  1.000000E-30
     50  3.052509122072E-02  1.000000E-30  1.000000E-30  1.000000E-30  1.106331E-30  1.000000E-30  1.000000E-30  1.000000E-30  1.000000E-30
     51  3.066477686677E-02  1.000000E-30  1.000000E-30  1.000000E-30  1.000000E-30  1.000000E-30  1.000000E-30  1.000000E-30  1.000000E-30
     52  3.080037159611E-02  1.000000E-30  1.000000E-30  1.000000E-30  1.000000E-30  1.000000E-30  1.000000E-30  1.000000E-30  1.000000E-30
     53  3.111325257314E-02  1.000000E-30  1.000000E-30  1.000000E-30  1.061607E-30  1.000000E-30  1.000000E-30  1.000000E-30  1.000000E-30
     54  3.147800645819E-02  1.000000E-30  1.000000E-30  1.000000E-30  1.279117E-30  1.084038E-30  1.136770E-30  1.000000E-30  1.000000E-30
     55  3.181357346897E-02  1.000000E-30  1.000000E-30  1.000000E-30  1.227750E-30  1.072746E-30  1.162596E-30  1.000000E-30  1.000000E-30
     56  3.217197145871E-02  1.000000E-30  1.000000E-30  1.000000E-30  1.357597E-30  1.220551E-30  1.364693E-30  1.000000E-30  1.000000E-30
     57  3.249951277145E-02  1.000000E-30  1.000000E-30  1.000000E-30  1.288350E-30  1.194616E-30  1.381946E-30  1.000000E-30  1.000000E-30
     58  3.262595809504E-02  1.000000E-30  1.000000E-30  1.000000E-30  1.000000E-30  1.000000E-30  1.000000E-30  1.000000E-30  1.000000E-30
     59  3.272641576722E-02  1.000000E-30  1.000000E-30  1.000000E-30  1.000000E-30  1.000000E-30  1.000000E-30  1.000000E-30  1.000000E-30
     60  3.304841700500E-02  1.000000E-30  1.000000E-30  1.000000E-30  1.338400E-30  1.302925E-30  1.591761E-30  1.000000E-30  1.000000E-30
     61  3.362823507679E-02  1.000000E-30  1.000000E-30  1.000000E-30  2.452343E-30  2.366645E-30  3.066018E-30  1.416125E-30  1.000000E-30
     62  3.417743618412E-02  1.000000E-30  1.000000E-30  1.000000E-30  2.667448E-30  2.969477E-30  4.336029E-30  2.071553E-30  1.463613E-30
     63  3.448472684867E-02  1.000000E-30  1.000000E-30  1.000000E-30  1.437999E-30  1.596598E-30  2.266835E-30  1.137127E-30  1.000000E-30
     64  3.459225947862E-02  1.000000E-30  1.000000E-30  1.000000E-30  1.000000E-30  1.000000E-30  1.000000E-30  1.000000E-30  1.000000E-30
     65  3.468161085917E-02  1.000000E-30  1.000000E-30  1.000000E-30  1.000000E-30  1.000000E-30  1.000000E-30  1.000000E-30  1.000000E-30
     66  3.501586344154E-02  1.000000E-30  1.000000E-30  1.000000E-30  1.610086E-30  1.873355E-30  3.059272E-30  1.602413E-30  1.262765E-30
     67  3.563385967804E-02  1.000000E-30  1.000000E-30  1.000000E-30  2.978402E-30  3.707596E-30  5.959897E-30  3.435909E-30  2.871718E-30
     68  3.619390900501E-02  1.000000E-30  1.000000E-30  1.000000E-30  2.760928E-30  3.867657E-30  6.615657E-30  3.927286E-30  3.421736E-30
     69  3.661379630041E-02  1.000000E-30  1.000000E-30  1.000000E-30  2.090601E-30  2.980147E-30  5.301489E-30  3.204262E-30  3.205538E-30
     70  3.704099468238E-02  1.000000E-30  1.000000E-30  1.000000E-30  2.215987E-30  3.220723E-30  6.232713E-30  3.816650E-30  3.383111E-30
     71  3.731378163516E-02  1.000000E-30  1.000000E-30  1.000000E-30  1.440477E-30  2.142962E-30  4.263003E-30  2.814186E-30  2.933059E-30
     72  3.757630769329E-02  1.000000E-30  1.000000E-30  1.000000E-30  1.375686E-30  2.065457E-30  4.509858E-30  2.945404E-30  3.002245E-30
     73  3.788075418501E-02  1.000000E-30  1.000000E-30  1.000000E-30  1.580233E-30  2.520158E-30  5.491589E-30  3.868605E-30  4.500182E-30
     74  3.819794660071E-02  1.000000E-30  1.000000E-30  1.000000E-30  1.648353E-30  2.665473E-30  5.939721E-30  4.407540E-30  5.440813E-30
     75  3.838080203158E-02  1.000000E-30  1.000000E-30  1.000000E-30  1.000000E-30  1.581206E-30  3.478729E-30  2.574037E-30  3.042581E-30
     76  3.859219912978E-02  1.000000E-30  1.000000E-30  1.000000E-30  1.096084E-30  1.832070E-30  4.511452E-30  3.251957E-30  4.055332E-30
     77  3.884096228080E-02  1.000000E-30  1.000000E-30  1.000000E-30  1.272991E-30  2.226833E-30  5.430858E-30  4.230466E-30  5.454313E-30
     78  3.907668434759E-02  1.000000E-30  1.000000E-30  1.000000E-30  1.201480E-30  2.104833E-30  5.416506E-30  4.307832E-30  5.759506E-30
     79  3.934936577490E-02  1.000000E-30  1.000000E-30  1.000000E-30  1.367060E-30  2.529659E-30  6.396954E-30  5.177531E-30  6.824217E-30
     80  3.961640452516E-02  1.000000E-30  1.000000E-30  1.000000E-30  1.315586E-30  2.523898E-30  6.641738E-30  5.513688E-30  7.482812E-30
     81  3.991996766101E-02  1.000000E-30  1.000000E-30  1.000000E-30  1.509289E-30  2.782989E-30  7.451041E-30  6.099518E-30  8.524513E-30
     82  4.019473378510E-02  1.000000E-30  1.000000E-30  1.000000E-30  1.310811E-30  2.648295E-30  7.421664E-30  6.315275E-30  9.140720E-30
     83  4.046928694587E-02  1.000000E-30  1.000000E-30  1.000000E-30  1.286141E-30  2.653994E-30  8.009264E-30  7.141508E-30  1.078734E-29
     84  4.074955599116E-02  1.000000E-30  1.000000E-30  1.000000E-30  1.270137E-30  2.650051E-30  8.612991E-30  8.015022E-30  1.273922E-29
     85  4.099011663524E-02  1.000000E-30  1.000000E-30  1.000000E-30  1.075259E-30  2.311507E-30  7.370544E-30  6.763008E-30  1.112754E-29
     86  4.118445936105E-02  1.000000E-30  1.000000E-30  1.000000E-30  1.000000E-30  1.877268E-30  6.079664E-30  5.670168E-30  9.562744E-30
     87  4.137235583218E-02  1.000000E-30  1.000000E-30  1.000000E-30  1.000000E-30  1.810123E-30  6.068700E-30  5.811552E-30  1.007820E-29
     88  4.152714488067E-02  1.000000E-30  1.000000E-30  1.000000E-30  1.000000E-30  1.501530E-30  5.081530E-30  4.912426E-30  8.640219E-30
     89  4.165981986900E-02  1.000000E-30  1.000000E-30  1.000000E-30  1.000000E-30  1.287115E-30  4.452943E-30  4.377120E-30  7.826663E-30
     90  4.188596337322E-02  1.000000E-30  1.000000E-30  1.000000E-30  1.000000E-30  2.196980E-30  8.038489E-30  8.253984E-30  1.504270E-29
     91  4.208159634323E-02  1.000000E-30  1.000000E-30  1.000000E-30  1.000000E-30  1.865822E-30  7.012559E-30  7.322271E-30  1.384554E-29
     92  4.230932596557E-02  1.000000E-30  1.000000E-30  1.000000E-30  1.000000E-30  2.166192E-30  8.595899E-30  9.326860E-30  1.790135E-29
     93  4.251598135750E-02  1.000000E-30  1.000000E-30  1.000000E-30  1.000000E-30  1.926183E-30  7.810516E-30  8.628051E-30  1.706743E-29
     94  4.274368410830E-02  1.000000E-30  1.000000E-30  1.000000E-30  1.000000E-30  2.110595E-30  8.891876E-30  1.005824E-29  2.042305E-29
     95  4.294191711445E-02  1.000000E-30  1.000000E-30  1.000000E-30  1.000000E-30  1.855446E-30  7.783561E-30  8.801445E-30  1.893430E-29
     96  4.316569238790E-02  1.000000E-30  1.000000E-30  1.000000E-30  1.000000E-30  2.084896E-30  8.782727E-30  1.003771E-29  2.232923E-29
     97  4.339365876136E-02  1.000000E-30  1.000000E-30  1.000000E-30  1.000000E-30  2.015507E-30  9.279657E-30  1.112687E-29  2.459471E-29
     98  4.362382833621E-02  1.000000E-30  1.000000E-30  1.000000E-30  1.000000E-30  2.000424E-30  9.510224E-30  1.168064E-29  2.660240E-29
     99  4.384703699487E-02  1.000000E-30  1.000000E-30  1.000000E-30  1.000000E-30  1.902829E-30  9.382665E-30  1.181499E-29  2.772428E-29
    100  4.408801045744E-02  1.000000E-30  1.000000E-30  1.000000E-30  1.000000E-30  2.031276E-30  1.012477E-29  1.286898E-29  3.137832E-29
    101  4.430336182063E-02  1.000000E-30  1.000000E-30  1.000000E-30  1.000000E-30  1.763394E-30  9.256035E-30  1.222584E-29  3.048738E-29
    102  4.453208602613E-02  1.000000E-30  1.000000E-30  1.000000E-30  1.000000E-30  1.845103E-30  9.836454E-30  1.308508E-29  3.387240E-29
    103  4.474836808964E-02  1.000000E-30  1.000000E-30  1.000000E-30  1.000000E-30  1.752746E-30  9.072876E-30  1.217172E-29  3.263446E-29
    104  4.497736119052E-02  1.000000E-30  1.000000E-30  1.000000E-30  1.000000E-30  1.792807E-30  9.706874E-30  1.346381E-29  3.745040E-29
    105  4.517199675598E-02  1.000000E-30  1.000000E-30  1.000000E-30  1.000000E-30  1.456882E-30  8.586314E-30  1.238245E-29  3.471424E-29
    106  4.536038532241E-02  1.000000E-30  1.000000E-30  1.000000E-30  1.000000E-30  1.377912E-30  8.342507E-30  1.220701E-29  3.521718E-29
    107  4.552484255766E-02  1.000000E-30  1.000000E-30  1.000000E-30  1.000000E-30  1.230922E-30  7.418353E-30  1.080391E-29  3.290335E-29
    108  4.581275722245E-02  1.000000E-30  1.000000E-30  1.000000E-30  1.000000E-30  1.972726E-30  1.276409E-29  1.946870E-29  6.032272E-29
    109  4.603616864208E-02  1.000000E-30  1.000000E-30  1.000000E-30  1.000000E-30  1.542479E-30  9.729099E-30  1.509730E-29  4.970709E-29
    110  4.624194314299E-02  1.000000E-30  1.000000E-30  1.000000E-30  1.000000E-30  1.383825E-30  8.972204E-30  1.444221E-29  4.815334E-29
    111  4.641297951594E-02  1.000000E-30  1.000000E-30  1.000000E-30  1.000000E-30  1.119108E-30  7.657774E-30  1.226436E-29  4.214666E-29
    112  4.656990459822E-02  1.000000E-30  1.000000E-30  1.000000E-30  1.000000E-30  1.007861E-30  7.073309E-30  1.154364E-29  4.027577E-29
    113  4.671253119976E-02  1.000000E-30  1.000000E-30  1.000000E-30  1.000000E-30  1.000000E-30  6.458546E-30  1.068095E-29  3.808712E-29
    114  4.684580987606E-02  1.000000E-30  1.000000E-30  1.000000E-30  1.000000E-30  1.000000E-30  6.054928E-30  1.016390E-29  3.689138E-29
    115  4.697520204195E-02  1.000000E-30  1.000000E-30  1.000000E-30  1.000000E-30  1.000000E-30  5.881301E-30  1.002039E-29  3.695195E-29
    116  4.709649788536E-02  1.000000E-30  1.000000E-30  1.000000E-30  1.000000E-30  1.000000E-30  5.545546E-30  9.578508E-30  3.603363E-29
    117  4.721637454993E-02  1.000000E-30  1.000000E-30  1.000000E-30  1.000000E-30  1.000000E-30  5.470708E-30  9.571172E-30  3.650076E-29
    118  4.732862910872E-02  1.000000E-30  1.000000E-30  1.000000E-30  1.000000E-30  1.000000E-30  5.166656E-30  9.164617E-30  3.559741E-29
    119  4.750539400184E-02  1.000000E-30  1.000000E-30  1.000000E-30  1.000000E-30  1.000000E-30  7.966818E-30  1.433848E-29  5.696125E-29
    120  4.767210524850E-02  1.000000E-30  1.000000E-30  1.000000E-30  1.000000E-30  1.000000E-30  7.414240E-30  1.381664E-29  5.640109E-29
    121  4.783406579930E-02  1.000000E-30  1.000000E-30  1.000000E-30  1.000000E-30  1.000000E-30  7.190882E-30  1.358353E-29  5.680309E-29
    122  4.799263518131E-02  1.000000E-30  1.000000E-30  1.000000E-30  1.000000E-30  1.000000E-30  7.026266E-30  1.344000E-29  5.752041E-29
    123  4.815339657435E-02  1.000000E-30  1.000000E-30  1.000000E-30  1.000000E-30  1.000000E-30  7.096874E-30  1.369184E-29  5.984567E-29
    124  4.832264594384E-02  1.000000E-30  1.000000E-30  1.000000E-30  1.000000E-30  1.000000E-30  7.401216E-30  1.446403E-29  6.433076E-29
    125  4.849826454798E-02  1.000000E-30  1.000000E-30  1.000000E-30  1.000000E-30  1.000000E-30  7.633246E-30  1.530631E-29  6.928568E-29
    126  4.867786870736E-02  1.000000E-30  1.000000E-30  1.000000E-30  1.000000E-30  1.000000E-30  7.869135E-30  1.636732E-29  7.530632E-29
    127  4.885872256535E-02  1.000000E-30  1.000000E-30  1.000000E-30  1.000000E-30  1.000000E-30  8.060028E-30  1.699938E-29  8.072864E-29
    128  4.903755607841E-02  1.000000E-30  1.000000E-30  1.000000E-30  1.000000E-30  1.000000E-30  8.531163E-30  1.821418E-29  8.907487E-29
    129  4.921259737621E-02  1.000000E-30  1.000000E-30  1.000000E-30  1.000000E-30  1.000000E-30  9.166344E-30  2.003259E-29  1.008333E-28
    130  4.938368810460E-02  1.000000E-30  1.000000E-30  1.000000E-30  1.000000E-30  1.000000E-30  1.041337E-29  2.313904E-29  1.191155E-28
    131  4.955132280349E-02  1.000000E-30  1.000000E-30  1.000000E-30  1.000000E-30  1.171854E-30  1.249414E-29  2.816755E-29  1.480407E-28
    132  4.971624312404E-02  1.000000E-30  1.000000E-30  1.000000E-30  1.000000E-30  1.449921E-30  1.584950E-29  3.632430E-29  1.947870E-28
    133  4.987811857735E-02  1.000000E-30  1.000000E-30  1.000000E-30  1.000000E-30  1.863878E-30  2.094166E-29  4.898245E-29  2.696384E-28
    134  5.003799836445E-02  1.000000E-30  1.000000E-30  1.000000E-30  1.000000E-30  2.486133E-30  2.871445E-29  6.850797E-29  3.869286E-28
    135  5.019682549602E-02  1.000000E-30  1.000000E-30  1.000000E-30  1.000000E-30  3.413377E-30  4.048521E-29  9.845737E-29  5.701501E-28
    136  5.035511419132E-02  1.000000E-30  1.000000E-30  1.000000E-30  1.000000E-30  4.778658E-30  5.816502E-29  1.441180E-28  8.552756E-28
    137  5.051299755300E-02  1.000000E-30  1.000000E-30  1.000000E-30  1.085022E-30  6.770407E-30  8.452712E-29  2.133043E-28  1.296817E-27
    138  5.067010535678E-02  1.000000E-30  1.000000E-30  1.000000E-30  1.516803E-30  9.646483E-30  1.234825E-28  3.172729E-28  1.975490E-27
    139  5.082726902819E-02  1.000000E-30  1.000000E-30  1.000000E-30  2.128391E-30  1.379475E-29  1.810211E-28  4.735010E-28  3.019053E-27
    140  5.098506829486E-02  1.000000E-30  1.000000E-30  1.000000E-30  2.993129E-30  1.976914E-29  2.659283E-28  7.081162E-28  4.623392E-27
    141  5.114361869269E-02  1.000000E-30  1.000000E-30  1.000000E-30  4.210652E-30  2.834170E-29  3.908281E-28  1.059461E-27  7.083902E-27
    142  5.130328078870E-02  1.000000E-30  1.000000E-30  1.000000E-30  5.921225E-30  4.062076E-29  5.743190E-28  1.585077E-27  1.085497E-26
    143  5.146205644840E-02  1.000000E-30  1.000000E-30  1.000000E-30  8.278298E-30  5.787477E-29  8.388423E-28  2.356830E-27  1.652871E-26
    144  5.162089365231E-02  1.000000E-30  1.000000E-30  1.000000E-30  1.152046E-29  8.208016E-29  1.219637E-27  3.488475E-27  2.505489E-26
    145  5.177902725711E-02  1.000000E-30  1.000000E-30  1.000000E-30  1.592103E-29  1.155923E-28  1.760706E-27  5.126476E-27  3.770394E-26
    146  5.193558292952E-02  1.000000E-30  1.000000E-30  1.000000E-30  2.179235E-29  1.611984E-28  2.516409E-27  7.456879E-27  5.614798E-26
    147  5.207655208218E-02  1.000000E-30  1.000000E-30  1.000000E-30  2.874678E-29  2.162595E-28  3.451778E-27  1.039265E-26  7.993383E-26
    148  5.220437120847E-02  1.000000E-30  1.000000E-30  1.000000E-30  3.676569E-29  2.808512E-28  4.574038E-27  1.397176E-26  1.095553E-25
    149  5.240275279905E-02  1.000000E-30  1.000000E-30  1.267249E-30  5.330126E-29  4.169522E-28  7.007055E-27  2.189043E-26  1.769045E-25
    150  5.258707116153E-02  1.000000E-30  1.000000E-30  1.713251E-30  7.433349E-29  5.944880E-28  1.028613E-26  3.281075E-26  2.726389E-25
    151  5.276353482958E-02  1.000000E-30  1.000000E-30  2.257974E-30  1.009487E-28  8.246575E-28  1.467380E-26  4.775274E-26  4.075714E-25
    152  5.293536770993E-02  1.000000E-30  1.000000E-30  2.917864E-30  1.343162E-28  1.120180E-27  2.048432E-26  6.797583E-26  5.955421E-25
    153  5.310288915571E-02  1.000000E-30  1.000000E-30  3.699792E-30  1.752247E-28  1.491118E-27  2.800360E-26  9.471252E-26  8.511990E-25
    154  5.325369291828E-02  1.000000E-30  1.000000E-30  4.530468E-30  2.201569E-28  1.907948E-27  3.670551E-26  1.262970E-25  1.161515E-24
    155  5.339308966526E-02  1.000000E-30  1.000000E-30  5.410667E-30  2.692515E-28  2.373051E-27  4.668132E-26  1.631947E-25  1.533169E-24
    156  5.362726198018E-02  1.000000E-30  1.000000E-30  7.135559E-30  3.695256E-28  3.350499E-27  6.843728E-26  2.457793E-25  2.394251E-24
    157  5.383816121000E-02  1.000000E-30  1.000000E-30  8.946848E-30  4.804134E-28  4.468912E-27  9.442409E-26  3.473665E-25  3.494742E-24
    158  5.403768730975E-02  1.000000E-30  1.000000E-30  1.086156E-29  6.035893E-28  5.752683E-27  1.255246E-25  4.724749E-25  4.901947E-24
    159  5.422986619970E-02  1.000000E-30  1.000000E-30  1.286547E-29  7.389883E-28  7.209789E-27  1.622758E-25  6.244302E-25  6.673494E-24
    160  5.440569294967E-02  1.000000E-30  1.000000E-30  1.480929E-29  8.768758E-28  8.740750E-27  2.024227E-25  7.948558E-25  8.729584E-24
    161  5.456994612052E-02  1.000000E-30  1.000000E-30  1.669946E-29  1.017273E-27  1.034578E-26  2.460644E-25  9.846959E-25  1.109367E-23
    162  5.485681963417E-02  1.000000E-30  1.000000E-30  2.011660E-29  1.287791E-27  1.356542E-26  3.381126E-25  1.398925E-24  1.648643E-23
    163  5.511708850657E-02  1.000000E-30  1.000000E-30  2.330118E-29  1.560761E-27  1.697455E-26  4.414052E-25  1.881989E-24  2.309369E-23
    164  5.536560227933E-02  1.000000E-30  1.000000E-30  2.637708E-29  1.844958E-27  2.068811E-26  5.602979E-25  2.458805E-24  3.136739E-23
    165  5.559867087093E-02  1.000000E-30  1.000000E-30  2.926934E-29  2.132401E-27  2.460891E-26  6.925023E-25  3.122609E-24  4.132134E-23
    166  5.582344501454E-02  1.000000E-30  1.000000E-30  3.204405E-29  2.428472E-27  2.881539E-26  8.414859E-25  3.895245E-24  5.340417E-23
    167  5.608267729631E-02  1.000000E-30  1.052344E-30  3.521362E-29  2.793217E-27  3.422486E-26  1.043241E-24  4.977873E-24  7.110362E-23
    168  5.632179590432E-02  1.000000E-30  1.103132E-30  3.808671E-29  3.151447E-27  3.977886E-26  1.261638E-24  6.191263E-24  9.185558E-23
    169  5.658568452696E-02  1.000000E-30  1.152442E-30  4.117354E-29  3.569755E-27  4.656378E-26  1.543130E-24  7.811282E-24  1.208606E-22
    170  5.682194908758E-02  1.000000E-30  1.189319E-30  4.382793E-29  3.962696E-27  5.323665E-26  1.835257E-24  9.552446E-24  1.534809E-22
    171  5.707748662895E-02  1.000000E-30  1.221928E-30  4.655317E-29  4.404878E-27  6.109896E-26  2.198332E-24  1.179295E-23  1.973880E-22
    172  5.730159219632E-02  1.000000E-30  1.243359E-30  4.878829E-29  4.804720E-27  6.854444E-26  2.560764E-24  1.410675E-23  2.447627E-22
    173  5.769211250520E-02  1.000000E-30  1.266286E-30  5.226493E-29  5.520708E-27  8.272647E-26  3.300896E-24  1.904740E-23  3.519460E-22
    174  5.804755660481E-02  1.000000E-30  1.269205E-30  5.490303E-29  6.182623E-27  9.689351E-26  4.106186E-24  2.471993E-23  4.838292E-22
    175  5.837706807704E-02  1.000000E-30  1.258898E-30  5.688527E-29  6.799117E-27  1.110948E-25  4.979550E-24  3.118312E-23  6.439201E-22
    176  5.868213309337E-02  1.000000E-30  1.239175E-30  5.831253E-29  7.366730E-27  1.251261E-25  5.908441E-24  3.837977E-23  8.329821E-22
    177  5.897372529375E-02  1.000000E-30  1.212515E-30  5.931755E-29  7.902520E-27  1.393066E-25  6.915067E-24  4.652295E-23  1.059096E-21
    178  5.927019313219E-02  1.000000E-30  1.178760E-30  5.998952E-29  8.436975E-27  1.544689E-25  8.068634E-24  5.626150E-23  1.344714E-21
    179  5.955970264735E-02  1.000000E-30  1.139964E-30  6.030777E-29  8.944502E-27  1.699498E-25  9.332078E-24  6.739223E-23  1.689505E-21
    180  5.987296131417E-02  1.000000E-30  1.092534E-30  6.027231E-29  9.471316E-27  1.873549E-25  1.086237E-23  8.148503E-23  2.151620E-21
    181  6.018239261751E-02  1.000000E-30  1.041685E-30  5.991275E-29  9.970181E-27  2.052510E-25  1.255860E-23  9.782832E-23  2.719543E-21
    182  6.051941164510E-02  1.000000E-30  1.000000E-30  5.918991E-29  1.048682E-26  2.255065E-25  1.463493E-23  1.187955E-22  3.493436E-21
    183  6.081686890997E-02  1.000000E-30  1.000000E-30  5.829739E-29  1.091812E-26  2.440192E-25  1.668422E-23  1.404591E-22  4.341434E-21
    184  6.107970107709E-02  1.000000E-30  1.000000E-30  5.733346E-29  1.127894E-26  2.608521E-25  1.867884E-23  1.624141E-22  5.246582E-21
    185  6.149099227918E-02  1.000000E-30  1.000000E-30  5.552715E-29  1.180120E-26  2.879813E-25  2.217498E-23  2.028454E-22  7.023268E-21
    186  6.184187848266E-02  1.000000E-30  1.000000E-30  5.370430E-29  1.219823E-26  3.116877E-25  2.554532E-23  2.440549E-22  8.968382E-21
    187  6.212841772032E-02  1.000000E-30  1.000000E-30  5.209059E-29  1.249404E-26  3.315060E-25  2.859432E-23  2.830818E-22  1.092238E-20
    188  6.241083345826E-02  1.000000E-30  1.000000E-30  5.041146E-29  1.276016E-26  3.514131E-25  3.188244E-23  3.269347E-22  1.323756E-20
    189  6.286334795077E-02  1.000000E-30  1.000000E-30  4.758352E-29  1.313359E-26  3.840197E-25  3.779123E-23  4.100839E-22  1.794370E-20
    190  6.324448148531E-02  1.000000E-30  1.000000E-30  4.511365E-29  1.339867E-26  4.121229E-25  4.344349E-23  4.945194E-22  2.310581E-20
    191  6.354755735680E-02  1.000000E-30  1.000000E-30  4.308570E-29  1.356948E-26  4.345957E-25  4.840240E-23  5.724089E-22  2.818535E-20
    192  6.382753282149E-02  1.000000E-30  1.000000E-30  4.119479E-29  1.369963E-26  4.555125E-25  5.338701E-23  6.540935E-22  3.381308E-20
    193  6.429792763326E-02  1.000000E-30  1.000000E-30  3.803510E-29  1.386288E-26  4.909746E-25  6.271288E-23  8.155879E-22  4.576752E-20
    194  6.470641913937E-02  1.000000E-30  1.000000E-30  3.532914E-29  1.395094E-26  5.220837E-25  7.188400E-23  9.847784E-22  5.936187E-20
    195  6.514351188605E-02  1.000000E-30  1.000000E-30  3.250937E-29  1.398997E-26  5.554555E-25  8.290162E-23  1.201015E-21  7.818648E-20
    196  6.551961572666E-02  1.000000E-30  1.000000E-30  3.012638E-29  1.396884E-26  5.837393E-25  9.342839E-23  1.420527E-21  9.884682E-20
    197  6.614173306661E-02  1.000000E-30  1.000000E-30  2.642255E-29  1.385478E-26  6.300297E-25  1.132242E-22  1.865204E-21  1.449937E-19
    198  6.666431851744E-02  1.000000E-30  1.000000E-30  2.343333E-29  1.365270E-26  6.672631E-25  1.323201E-22  2.333015E-21  1.991729E-19
    199  6.714973898932E-02  1.000000E-30  1.000000E-30  2.084790E-29  1.339865E-26  7.003854E-25  1.522433E-22  2.859972E-21  2.664767E-19
    200  6.763365269933E-02  1.000000E-30  1.000000E-30  1.842284E-29  1.306565E-26  7.305165E-25  1.741373E-22  3.485770E-21  3.546180E-19
    201  6.810748363549E-02  1.000000E-30  1.000000E-30  1.621807E-29  1.267189E-26  7.569788E-25  1.975877E-22  4.210185E-21  4.670013E-19
    202  6.886988901479E-02  1.000000E-30  1.000000E-30  1.296877E-29  1.189091E-26  7.910736E-25  2.390652E-22  5.634201E-21  7.186166E-19
    203  6.932442343830E-02  1.000000E-30  1.000000E-30  1.125657E-29  1.130131E-26  8.012759E-25  2.645617E-22  6.627257E-21  9.197278E-19
    204  6.977291475786E-02  1.000000E-30  1.000000E-30  9.646056E-30  1.063053E-26  8.033397E-25  2.895592E-22  7.703530E-21  1.162223E-18
    205  7.051837306122E-02  1.000000E-30  1.000000E-30  7.217483E-30  9.335020E-27  7.854668E-25  3.277257E-22  9.638881E-21  1.671538E-18
    206  7.120724846930E-02  1.000000E-30  1.000000E-30  5.336727E-30  7.982898E-27  7.417944E-25  3.547575E-22  1.145896E-20  2.263266E-18
    207  7.185571854523E-02  1.000000E-30  1.000000E-30  3.886107E-30  6.660297E-27  6.797215E-25  3.700756E-22  1.306446E-20  2.919794E-18
    208  7.250556240022E-02  1.000000E-30  1.000000E-30  2.739564E-30  5.373250E-27  6.022866E-25  3.734922E-22  1.441832E-20  3.649522E-18
    209  7.308358088908E-02  1.000000E-30  1.000000E-30  1.929987E-30  4.282378E-27  5.225819E-25  3.643575E-22  1.524147E-20  4.313448E-18
    210  7.365083251161E-02  1.000000E-30  1.000000E-30  1.318416E-30  3.305512E-27  4.386858E-25  3.434527E-22  1.555097E-20  4.914727E-18
    211  7.420607479025E-02  1.000000E-30  1.000000E-30  1.000000E-30  2.466774E-27  3.555622E-25  3.119835E-22  1.527107E-20  5.379967E-18
    212  7.477269193766E-02  1.000000E-30  1.000000E-30  1.000000E-30  1.747844E-27  2.741987E-25  2.703772E-22  1.433555E-20  5.645038E-18
    213  7.532671922740E-02  1.000000E-30  1.000000E-30  1.000000E-30  1.183094E-27  2.017511E-25  2.232616E-22  1.280658E-20  5.628718E-18
    214  7.590819975934E-02  1.000000E-30  1.000000E-30  1.000000E-30  7.401105E-28  1.378396E-25  1.722743E-22  1.073717E-20  5.299298E-18
    215  7.648106882397E-02  1.000000E-30  1.000000E-30  1.000000E-30  4.375796E-28  8.893107E-26  1.253748E-22  8.484385E-21  4.696946E-18
    216  7.706864365518E-02  1.000000E-30  1.000000E-30  1.000000E-30  2.382258E-28  5.298396E-26  8.459357E-23  6.231718E-21  3.884203E-18
    217  7.765097184480E-02  1.000000E-30  1.000000E-30  1.000000E-30  1.214497E-28  2.956289E-26  5.346200E-23  4.286864E-21  3.008341E-18
    218  7.824188421090E-02  1.000000E-30  1.000000E-30  1.000000E-30  5.744552E-29  1.530420E-26  3.138789E-23  2.743374E-21  2.172148E-18
    219  7.883216312169E-02  1.000000E-30  1.000000E-30  1.000000E-30  2.537225E-29  7.409114E-27  1.725310E-23  1.644647E-21  1.470182E-18
    220  7.934760137230E-02  1.000000E-30  1.000000E-30  1.000000E-30  1.174000E-29  3.718277E-27  9.690506E-24  9.972971E-22  9.924392E-19
    221  7.991019390762E-02  1.000000E-30  1.000000E-30  1.000000E-30  4.813918E-30  1.665576E-27  4.907134E-24  5.490788E-22  6.143201E-19
    222  8.044081450283E-02  1.000000E-30  1.000000E-30  1.000000E-30  1.979309E-30  7.444554E-28  2.463302E-24  2.984068E-22  3.730722E-19
    223  8.103419684334E-02  1.000000E-30  1.000000E-30  1.000000E-30  1.000000E-30  2.864346E-28  1.081143E-24  1.432288E-22  2.029418E-19
    224  8.158988408622E-02  1.000000E-30  1.000000E-30  1.000000E-30  1.000000E-30  1.117761E-28  4.768474E-25  6.870295E-23  1.095328E-19
    225  8.219791245697E-02  1.000000E-30  1.000000E-30  1.000000E-30  1.000000E-30  3.799936E-29  1.854875E-25  2.931380E-23  5.319603E-20
    226  8.273529679330E-02  1.000000E-30  1.000000E-30  1.000000E-30  1.000000E-30  1.401839E-29  7.715791E-26  1.324274E-23  2.697301E-20
    227  8.327310875316E-02  1.000000E-30  1.000000E-30  1.000000E-30  1.000000E-30  4.975027E-30  3.086941E-26  5.756027E-24  1.317099E-20
    228  8.381967664174E-02  1.000000E-30  1.000000E-30  1.000000E-30  1.000000E-30  1.678795E-30  1.174247E-26  2.382101E-24  6.135816E-21
    229  8.442137901789E-02  1.000000E-30  1.000000E-30  1.000000E-30  1.000000E-30  1.000000E-30  3.886791E-27  8.659770E-25  2.542683E-21
    230  8.496109010092E-02  1.000000E-30  1.000000E-30  1.000000E-30  1.000000E-30  1.000000E-30  1.387834E-27  3.364064E-25  1.112085E-21
    231  8.556251684447E-02  1.000000E-30  1.000000E-30  1.000000E-30  1.000000E-30  1.000000E-30  4.234508E-28  1.128820E-25  4.262169E-22
    232  8.609514523980E-02  1.000000E-30  1.000000E-30  1.000000E-30  1.000000E-30  1.000000E-30  1.435203E-28  4.160438E-26  1.766569E-22
    233  8.668730402486E-02  1.000000E-30  1.000000E-30  1.000000E-30  1.000000E-30  1.000000E-30  4.146672E-29  1.321099E-26  6.401259E-23
    234  8.725638446658E-02  1.000000E-30  1.000000E-30  1.000000E-30  1.000000E-30  1.000000E-30  1.216331E-29  4.243146E-27  2.334323E-23
    235  8.784892152766E-02  1.000000E-30  1.000000E-30  1.000000E-30  1.000000E-30  1.000000E-30  3.281162E-30  1.257664E-27  7.898570E-24
    236  8.837914431516E-02  1.000000E-30  1.000000E-30  1.000000E-30  1.000000E-30  1.000000E-30  1.000000E-30  4.124554E-28  2.913194E-24
    237  8.927467123273E-02  1.000000E-30  1.000000E-30  1.000000E-30  1.000000E-30  1.000000E-30  1.000000E-30  5.995616E-29  5.053348E-25
    238  9.009385267910E-02  1.000000E-30  1.000000E-30  1.000000E-30  1.000000E-30  1.000000E-30  1.000000E-30  1.003008E-29  9.574902E-26
    239  9.088007009323E-02  1.000000E-30  1.000000E-30  1.000000E-30  1.000000E-30  1.000000E-30  1.000000E-30  1.678079E-30  1.860014E-26
    240  9.160938796651E-02  1.000000E-30  1.000000E-30  1.000000E-30  1.000000E-30  1.000000E-30  1.000000E-30  1.000000E-30  3.877181E-27
    241  9.231864750676E-02  1.000000E-30  1.000000E-30  1.000000E-30  1.000000E-30  1.000000E-30  1.000000E-30  1.000000E-30  7.755229E-28
    242  9.335415502949E-02  1.000000E-30  1.000000E-30  1.000000E-30  1.000000E-30  1.000000E-30  1.000000E-30  1.000000E-30  1.034740E-28
    243  9.429165011748E-02  1.000000E-30  1.000000E-30  1.000000E-30  1.000000E-30  1.000000E-30  1.000000E-30  1.000000E-30  1.197963E-29
    244  9.514750284226E-02  1.000000E-30  1.000000E-30  1.000000E-30  1.000000E-30  1.000000E-30  1.000000E-30  1.000000E-30  1.116348E-30
    245  9.592869681963E-02  1.000000E-30  1.000000E-30  1.000000E-30  1.000000E-30  1.000000E-30  1.000000E-30  1.000000E-30  1.000000E-30
    246  9.638259128200E-02  1.000000E-30  1.000000E-30  1.000000E-30  1.000000E-30  1.000000E-30  1.000000E-30  1.000000E-30  1.000000E-30
    247  9.686466198075E-02  1.000000E-30  1.000000E-30  1.000000E-30  1.000000E-30  1.000000E-30  1.000000E-30  1.000000E-30  1.000000E-30
    248  9.745016881397E-02  1.000000E-30  1.000000E-30  1.000000E-30  1.000000E-30  1.000000E-30  1.000000E-30  1.000000E-30  1.000000E-30
    249  9.798964068785E-02  1.000000E-30  1.000000E-30  1.000000E-30  1.000000E-30  1.000000E-30  1.000000E-30  1.000000E-30  1.000000E-30
    250  9.892639389759E-02  1.000000E-30  1.000000E-30  1.000000E-30  1.000000E-30  1.000000E-30  1.000000E-30  1.000000E-30  1.000000E-30
    251  9.977784733458E-02  1.000000E-30  1.000000E-30  1.000000E-30  1.000000E-30  1.000000E-30  1.000000E-30  1.000000E-30  1.000000E-30
    252  1.005622893962E-01  1.000000E-30  1.000000E-30  1.000000E-30  1.000000E-30  1.000000E-30  1.000000E-30  1.000000E-30  1.000000E-30
    253  1.013070552067E-01  1.000000E-30  1.000000E-30  1.000000E-30  1.000000E-30  1.000000E-30  1.000000E-30  1.000000E-30  1.000000E-30
    254  1.019791947326E-01  1.000000E-30  1.000000E-30  1.000000E-30  1.000000E-30  1.000000E-30  1.000000E-30  1.000000E-30  1.000000E-30
    255  1.025982572428E-01  1.000000E-30  1.000000E-30  1.000000E-30  1.000000E-30  1.000000E-30  1.000000E-30  1.000000E-30  1.000000E-30
    256  1.032644197032E-01  1.000000E-30  1.000000E-30  1.000000E-30  1.000000E-30  1.000000E-30  1.000000E-30  1.000000E-30  1.000000E-30
    257  1.039121745974E-01  1.000000E-30  1.000000E-30  1.000000E-30  1.000000E-30  1.000000E-30  1.000000E-30  1.000000E-30  1.000000E-30
    258  1.045193471709E-01  1.000000E-30  1.000000E-30  1.000000E-30  1.000000E-30  1.000000E-30  1.000000E-30  1.000000E-30  1.000000E-30
    259  1.051181778144E-01  1.000000E-30  1.000000E-30  1.000000E-30  1.000000E-30  1.000000E-30  1.000000E-30  1.000000E-30  1.000000E-30
    260  1.056826419982E-01  1.000000E-30  1.000000E-30  1.000000E-30  1.000000E-30  1.000000E-30  1.000000E-30  1.000000E-30  1.000000E-30
    261  1.062431336111E-01  1.000000E-30  1.000000E-30  1.000000E-30  1.000000E-30  1.000000E-30  1.000000E-30  1.000000E-30  1.000000E-30
    262  1.068146627648E-01  1.000000E-30  1.000000E-30  1.000000E-30  1.000000E-30  1.000000E-30  1.000000E-30  1.000000E-30  1.000000E-30
    263  1.073656177930E-01  1.000000E-30  1.000000E-30  1.000000E-30  1.000000E-30  1.000000E-30  1.000000E-30  1.000000E-30  1.000000E-30
    264  1.079139362418E-01  1.000000E-30  1.000000E-30  1.000000E-30  1.000000E-30  1.000000E-30  1.000000E-30  1.000000E-30  1.000000E-30
    265  1.084202130578E-01  1.000000E-30  1.000000E-30  1.000000E-30  1.000000E-30  1.000000E-30  1.000000E-30  1.000000E-30  1.000000E-30
    266  1.089957947327E-01  1.000000E-30  1.000000E-30  1.000000E-30  1.000000E-30  1.000000E-30  1.000000E-30  1.000000E-30  1.000000E-30
    267  1.095139929398E-01  1.000000E-30  1.000000E-30  1.000000E-30  1.000000E-30  1.000000E-30  1.000000E-30  1.000000E-30  1.000000E-30
    268  1.100036617482E-01  1.000000E-30  1.000000E-30  1.000000E-30  1.000000E-30  1.000000E-30  1.000000E-30  1.000000E-30  1.000000E-30
    269  1.105581599754E-01  1.000000E-30  1.000000E-30  1.000000E-30  1.000000E-30  1.000000E-30  1.000000E-30  1.000000E-30  1.000000E-30
    270  1.111738162549E-01  1.000000E-30  1.000000E-30  1.000000E-30  1.000000E-30  1.000000E-30  1.000000E-30  1.000000E-30  1.000000E-30
    271  1.117276452796E-01  1.000000E-30  1.000000E-30  1.000000E-30  1.000000E-30  1.000000E-30  1.000000E-30  1.000000E-30  1.000000E-30
    272  1.122547306619E-01  1.000000E-30  1.000000E-30  1.000000E-30  1.000000E-30  1.000000E-30  1.000000E-30  1.000000E-30  1.000000E-30
    273  1.128196390807E-01  1.000000E-30  1.000000E-30  1.000000E-30  1.000000E-30  1.000000E-30  1.000000E-30  1.000000E-30  1.000000E-30
    274  1.134172103791E-01  1.000000E-30  1.000000E-30  1.000000E-30  1.000000E-30  1.000000E-30  1.000000E-30  1.000000E-30  1.000000E-30
    275  1.139661173569E-01  1.000000E-30  1.000000E-30  1.000000E-30  1.000000E-30  1.000000E-30  1.000000E-30  1.000000E-30  1.000000E-30
    276  1.145721141816E-01  1.000000E-30  1.000000E-30  1.000000E-30  1.000000E-30  1.000000E-30  1.000000E-30  1.000000E-30  1.000000E-30
    277  1.151138636995E-01  1.000000E-30  1.000000E-30  1.000000E-30  1.000000E-30  1.000000E-30  1.000000E-30  1.000000E-30  1.000000E-30
    278  1.160623872824E-01  1.000000E-30  1.000000E-30  1.000000E-30  1.000000E-30  1.000000E-30  1.000000E-30  1.000000E-30  1.000000E-30
    279  1.166131253687E-01  1.000000E-30  1.000000E-30  1.000000E-30  1.000000E-30  1.000000E-30  1.000000E-30  1.000000E-30  1.000000E-30
    280  1.171578902390E-01  1.000000E-30  1.000000E-30  1.000000E-30  1.000000E-30  1.000000E-30  1.000000E-30  1.000000E-30  1.000000E-30
    281  1.179966344325E-01  1.000000E-30  1.000000E-30  1.000000E-30  1.000000E-30  1.000000E-30  1.000000E-30  1.000000E-30  1.000000E-30
    282  1.184626561866E-01  1.000000E-30  1.000000E-30  1.000000E-30  1.000000E-30  1.000000E-30  1.000000E-30  1.000000E-30  1.000000E-30
    283  1.189221956404E-01  1.000000E-30  1.000000E-30  1.000000E-30  1.000000E-30  1.000000E-30  1.000000E-30  1.000000E-30  1.000000E-30
    284  1.197605220964E-01  1.000000E-30  1.000000E-30  1.000000E-30  1.000000E-30  1.000000E-30  1.000000E-30  1.000000E-30  1.000000E-30
    285  1.205341475296E-01  1.000000E-30  1.000000E-30  1.000000E-30  1.000000E-30  1.000000E-30  1.000000E-30  1.000000E-30  1.000000E-30
    286  1.212540834288E-01  1.000000E-30  1.000000E-30  1.000000E-30  1.000000E-30  1.000000E-30  1.000000E-30  1.000000E-30  1.000000E-30
    287  1.219299358624E-01  1.000000E-30  1.000000E-30  1.000000E-30  1.000000E-30  1.000000E-30  1.000000E-30  1.000000E-30  1.000000E-30
    288  1.225766858039E-01  1.000000E-30  1.000000E-30  1.000000E-30  1.000000E-30  1.000000E-30  1.000000E-30  1.000000E-30  1.000000E-30
    289  1.231854533608E-01  1.000000E-30  1.000000E-30  1.000000E-30  1.000000E-30  1.000000E-30  1.000000E-30  1.000000E-30  1.000000E-30
    290  1.237219182154E-01  1.000000E-30  1.000000E-30  1.000000E-30  1.000000E-30  1.000000E-30  1.000000E-30  1.000000E-30  1.000000E-30
    291  1.242404039059E-01  1.000000E-30  1.000000E-30  1.000000E-30  1.000000E-30  1.000000E-30  1.000000E-30  1.000000E-30  1.000000E-30
    292  1.248086455930E-01  1.000000E-30  1.000000E-30  1.000000E-30  1.000000E-30  1.000000E-30  1.000000E-30  1.000000E-30  1.000000E-30
    293  1.253177247642E-01  1.000000E-30  1.000000E-30  1.000000E-30  1.000000E-30  1.000000E-30  1.000000E-30  1.000000E-30  1.000000E-30
    294  1.258810647447E-01  1.000000E-30  1.000000E-30  1.000000E-30  1.000000E-30  1.000000E-30  1.000000E-30  1.000000E-30  1.000000E-30
    295  1.264205598797E-01  1.000000E-30  1.000000E-30  1.000000E-30  1.000000E-30  1.000000E-30  1.000000E-30  1.000000E-30  1.000000E-30
    296  1.270317883483E-01  1.000000E-30  1.000000E-30  1.000000E-30  1.000000E-30  1.000000E-30  1.000000E-30  1.000000E-30  1.000000E-30
    297  1.275757308169E-01  1.000000E-30  1.000000E-30  1.000000E-30  1.000000E-30  1.000000E-30  1.000000E-30  1.000000E-30  1.000000E-30
    298  1.286048671531E-01  1.000000E-30  1.000000E-30  1.000000E-30  1.000000E-30  1.000000E-30  1.000000E-30  1.000000E-30  1.000000E-30
    299  1.290949488661E-01  1.000000E-30  1.000000E-30  1.000000E-30  1.000000E-30  1.000000E-30  1.000000E-30  1.000000E-30  1.000000E-30
    300  1.295345101683E-01  1.000000E-30  1.000000E-30  1.000000E-30  1.000000E-30  1.000000E-30  1.000000E-30  1.000000E-30  1.000000E-30
    301  1.303954523490E-01  1.000000E-30  1.000000E-30  1.000000E-30  1.000000E-30  1.000000E-30  1.000000E-30  1.000000E-30  1.000000E-30
    302  1.308549873199E-01  1.000000E-30  1.000000E-30  1.000000E-30  1.000000E-30  1.000000E-30  1.000000E-30  1.000000E-30  1.000000E-30
    303  1.312776310019E-01  1.000000E-30  1.000000E-30  1.000000E-30  1.000000E-30  1.000000E-30  1.000000E-30  1.000000E-30  1.000000E-30
    304  1.320787884157E-01  1.000000E-30  1.000000E-30  1.000000E-30  1.000000E-30  1.000000E-30  1.000000E-30  1.000000E-30  1.000000E-30
    305  1.327308179063E-01  1.000000E-30  1.000000E-30  1.000000E-30  1.000000E-30  1.000000E-30  1.000000E-30  1.000000E-30  1.000000E-30
    306  1.333821207310E-01  1.000000E-30  1.000000E-30  1.000000E-30  1.000000E-30  1.000000E-30  1.000000E-30  1.000000E-30  1.000000E-30
    307  1.339749669338E-01  1.000000E-30  1.000000E-30  1.000000E-30  1.000000E-30  1.000000E-30  1.000000E-30  1.000000E-30  1.000000E-30
    308  1.345530840576E-01  1.000000E-30  1.000000E-30  1.000000E-30  1.000000E-30  1.000000E-30  1.000000E-30  1.000000E-30  1.000000E-30
    309  1.351098094661E-01  1.000000E-30  1.000000E-30  1.000000E-30  1.000000E-30  1.000000E-30  1.000000E-30  1.000000E-30  1.000000E-30
    310  1.359304916944E-01  1.000000E-30  1.000000E-30  1.000000E-30  1.000000E-30  1.000000E-30  1.000000E-30  1.000000E-30  1.000000E-30
    311  1.363572082699E-01  1.000000E-30  1.000000E-30  1.000000E-30  1.000000E-30  1.000000E-30  1.000000E-30  1.000000E-30  1.000000E-30
    312  1.367788244083E-01  1.000000E-30  1.000000E-30  1.000000E-30  1.000000E-30  1.000000E-30  1.000000E-30  1.000000E-30  1.000000E-30
    313  1.375777712339E-01  1.000000E-30  1.000000E-30  1.000000E-30  1.000000E-30  1.000000E-30  1.000000E-30  1.000000E-30  1.000000E-30
    314  1.380438267916E-01  1.000000E-30  1.000000E-30  1.000000E-30  1.000000E-30  1.000000E-30  1.000000E-30  1.000000E-30  1.000000E-30
    315  1.384690951451E-01  1.000000E-30  1.000000E-30  1.000000E-30  1.000000E-30  1.000000E-30  1.000000E-30  1.000000E-30  1.000000E-30
    316  1.391087445178E-01  1.000000E-30  1.000000E-30  1.000000E-30  1.000000E-30  1.000000E-30  1.000000E-30  1.000000E-30  1.000000E-30
    317  1.397002518981E-01  1.000000E-30  1.000000E-30  1.000000E-30  1.000000E-30  1.000000E-30  1.000000E-30  1.000000E-30  1.000000E-30
    318  1.402705851668E-01  1.000000E-30  1.000000E-30  1.000000E-30  1.000000E-30  1.000000E-30  1.000000E-30  1.000000E-30  1.000000E-30
    319  1.408634912375E-01  1.000000E-30  1.000000E-30  1.000000E-30  1.000000E-30  1.000000E-30  1.000000E-30  1.000000E-30  1.000000E-30
    320  1.414089642241E-01  1.000000E-30  1.000000E-30  1.000000E-30  1.000000E-30  1.000000E-30  1.000000E-30  1.000000E-30  1.000000E-30
    321  1.419220762512E-01  1.000000E-30  1.000000E-30  1.000000E-30  1.000000E-30  1.000000E-30  1.000000E-30  1.000000E-30  1.000000E-30
    322  1.422771704232E-01  1.000000E-30  1.000000E-30  1.000000E-30  1.000000E-30  1.000000E-30  1.000000E-30  1.000000E-30  1.000000E-30
    323  1.426029315631E-01  1.000000E-30  1.000000E-30  1.000000E-30  1.000000E-30  1.000000E-30  1.000000E-30  1.000000E-30  1.000000E-30
    324  1.430135230101E-01  1.000000E-30  1.000000E-30  1.000000E-30  1.000000E-30  1.000000E-30  1.000000E-30  1.000000E-30  1.000000E-30
    325  1.434683796643E-01  1.000000E-30  1.000000E-30  1.000000E-30  1.000000E-30  1.000000E-30  1.000000E-30  1.000000E-30  1.000000E-30
    326  1.440315208021E-01  1.000000E-30  1.000000E-30  1.000000E-30  1.000000E-30  1.000000E-30  1.000000E-30  1.000000E-30  1.000000E-30
    327  1.445490332405E-01  1.000000E-30  1.000000E-30  1.000000E-30  1.000000E-30  1.000000E-30  1.000000E-30  1.000000E-30  1.000000E-30
    328  1.451370980342E-01  1.000000E-30  1.000000E-30  1.000000E-30  1.000000E-30  1.000000E-30  1.000000E-30  1.000000E-30  1.000000E-30
    329  1.457052374241E-01  1.000000E-30  1.000000E-30  1.000000E-30  1.000000E-30  1.000000E-30  1.000000E-30  1.000000E-30  1.000000E-30
    330  1.463107957421E-01  1.000000E-30  1.000000E-30  1.000000E-30  1.000000E-30  1.000000E-30  1.000000E-30  1.000000E-30  1.000000E-30
    331  1.468752132891E-01  1.000000E-30  1.000000E-30  1.000000E-30  1.000000E-30  1.000000E-30  1.000000E-30  1.000000E-30  1.000000E-30
    332  1.475510939381E-01  1.000000E-30  1.000000E-30  1.000000E-30  1.000000E-30  1.000000E-30  1.000000E-30  1.000000E-30  1.000000E-30
    333  1.481899111058E-01  1.000000E-30  1.000000E-30  1.000000E-30  1.000000E-30  1.000000E-30  1.000000E-30  1.000000E-30  1.000000E-30
    334  1.491767377555E-01  1.000000E-30  1.000000E-30  1.000000E-30  1.000000E-30  1.000000E-30  1.000000E-30  1.000000E-30  1.000000E-30
    335  1.497116139607E-01  1.000000E-30  1.000000E-30  1.000000E-30  1.000000E-30  1.000000E-30  1.000000E-30  1.000000E-30  1.000000E-30
    336  1.502421520731E-01  1.000000E-30  1.000000E-30  1.000000E-30  1.000000E-30  1.000000E-30  1.000000E-30  1.000000E-30  1.000000E-30
    337  1.509052103900E-01  1.000000E-30  1.000000E-30  1.000000E-30  1.000000E-30  1.000000E-30  1.000000E-30  1.000000E-30  1.000000E-30
    338  1.515352476696E-01  1.000000E-30  1.000000E-30  1.000000E-30  1.000000E-30  1.000000E-30  1.000000E-30  1.000000E-30  1.000000E-30
    339  1.521327102765E-01  1.000000E-30  1.000000E-30  1.000000E-30  1.000000E-30  1.000000E-30  1.000000E-30  1.000000E-30  1.000000E-30
    340  1.526678407657E-01  1.000000E-30  1.000000E-30  1.000000E-30  1.000000E-30  1.000000E-30  1.000000E-30  1.000000E-30  1.000000E-30
    341  1.532481602429E-01  1.000000E-30  1.000000E-30  1.000000E-30  1.000000E-30  1.000000E-30  1.000000E-30  1.000000E-30  1.000000E-30
    342  1.535863948111E-01  1.000000E-30  1.000000E-30  1.000000E-30  1.000000E-30  1.000000E-30  1.000000E-30  1.000000E-30  1.000000E-30
    343  1.538995751697E-01  1.000000E-30  1.000000E-30  1.000000E-30  1.000000E-30  1.000000E-30  1.000000E-30  1.000000E-30  1.000000E-30
    344  1.546020187628E-01  1.000000E-30  1.000000E-30  1.000000E-30  1.000000E-30  1.000000E-30  1.000000E-30  1.000000E-30  1.000000E-30
    345  1.552062305672E-01  1.000000E-30  1.000000E-30  1.000000E-30  1.000000E-30  1.000000E-30  1.000000E-30  1.000000E-30  1.000000E-30
    346  1.557875935888E-01  1.000000E-30  1.000000E-30  1.000000E-30  1.000000E-30  1.000000E-30  1.000000E-30  1.000000E-30  1.000000E-30
    347  1.566447447202E-01  1.000000E-30  1.000000E-30  1.000000E-30  1.000000E-30  1.000000E-30  1.000000E-30  1.000000E-30  1.000000E-30
    348  1.574294426159E-01  1.000000E-30  1.000000E-30  1.000000E-30  1.000000E-30  1.000000E-30  1.000000E-30  1.000000E-30  1.000000E-30
    349  1.581710514975E-01  1.000000E-30  1.000000E-30  1.000000E-30  1.000000E-30  1.000000E-30  1.000000E-30  1.000000E-30  1.000000E-30
    350  1.588328903187E-01  1.000000E-30  1.000000E-30  1.000000E-30  1.000000E-30  1.000000E-30  1.000000E-30  1.000000E-30  1.000000E-30
    351  1.594606073659E-01  1.000000E-30  1.000000E-30  1.000000E-30  1.000000E-30  1.000000E-30  1.000000E-30  1.000000E-30  1.000000E-30
    352  1.600565792087E-01  1.000000E-30  1.000000E-30  1.000000E-30  1.000000E-30  1.000000E-30  1.000000E-30  1.000000E-30  1.000000E-30
    353  1.607059625219E-01  1.000000E-30  1.000000E-30  1.000000E-30  1.000000E-30  1.000000E-30  1.000000E-30  1.000000E-30  1.000000E-30
    354  1.613957576202E-01  1.000000E-30  1.000000E-30  1.000000E-30  1.000000E-30  1.000000E-30  1.000000E-30  1.000000E-30  1.000000E-30
    355  1.620398820205E-01  1.000000E-30  1.000000E-30  1.000000E-30  1.000000E-30  1.000000E-30  1.000000E-30  1.000000E-30  1.000000E-30
    356  1.627691861850E-01  1.000000E-30  1.000000E-30  1.000000E-30  1.000000E-30  1.000000E-30  1.000000E-30  1.000000E-30  1.000000E-30
    357  1.634667099868E-01  1.000000E-30  1.000000E-30  1.000000E-30  1.000000E-30  1.000000E-30  1.000000E-30  1.000000E-30  1.000000E-30
    358  1.645369737572E-01  1.000000E-30  1.000000E-30  1.000000E-30  1.000000E-30  1.000000E-30  1.000000E-30  1.000000E-30  1.000000E-30
    359  1.651200899964E-01  1.000000E-30  1.000000E-30  1.000000E-30  1.000000E-30  1.000000E-30  1.000000E-30  1.000000E-30  1.000000E-30
    360  1.656939516385E-01  1.000000E-30  1.000000E-30  1.000000E-30  1.000000E-30  1.000000E-30  1.000000E-30  1.000000E-30  1.000000E-30
    361  1.664404283242E-01  1.000000E-30  1.000000E-30  1.000000E-30  1.000000E-30  1.000000E-30  1.000000E-30  1.000000E-30  1.000000E-30
    362  1.671401020014E-01  1.000000E-30  1.000000E-30  1.000000E-30  1.000000E-30  1.000000E-30  1.000000E-30  1.000000E-30  1.000000E-30
    363  1.682228463170E-01  1.000000E-30  1.000000E-30  1.000000E-30  1.000000E-30  1.000000E-30  1.000000E-30  1.000000E-30  1.000000E-30
    364  1.688914277275E-01  1.000000E-30  1.000000E-30  1.000000E-30  1.000000E-30  1.000000E-30  1.000000E-30  1.000000E-30  1.000000E-30
    365  1.695862681704E-01  1.000000E-30  1.000000E-30  1.000000E-30  1.000000E-30  1.000000E-30  1.000000E-30  1.000000E-30  1.000000E-30
    366  1.708796298676E-01  1.000000E-30  1.000000E-30  1.000000E-30  1.000000E-30  1.000000E-30  1.000000E-30  1.000000E-30  1.000000E-30
    367  1.720689125062E-01  1.000000E-30  1.000000E-30  1.000000E-30  1.000000E-30  1.000000E-30  1.000000E-30  1.000000E-30  1.000000E-30
    368  1.730357271347E-01  1.000000E-30  1.000000E-30  1.000000E-30  1.000000E-30  1.000000E-30  1.000000E-30  1.000000E-30  1.000000E-30
    369  1.739185931198E-01  1.000000E-30  1.000000E-30  1.000000E-30  1.000000E-30  1.000000E-30  1.000000E-30  1.000000E-30  1.000000E-30
    370  1.748109107026E-01  1.000000E-30  1.000000E-30  1.000000E-30  1.000000E-30  1.000000E-30  1.000000E-30  1.000000E-30  1.000000E-30
    371  1.757092013639E-01  1.000000E-30  1.000000E-30  1.000000E-30  1.000000E-30  1.000000E-30  1.000000E-30  1.000000E-30  1.000000E-30
    372  1.765567714958E-01  1.000000E-30  1.000000E-30  1.000000E-30  1.000000E-30  1.000000E-30  1.000000E-30  1.000000E-30  1.000000E-30
    373  1.775373762473E-01  1.000000E-30  1.000000E-30  1.000000E-30  1.000000E-30  1.000000E-30  1.000000E-30  1.000000E-30  1.000000E-30
    374  1.784803688374E-01  1.000000E-30  1.000000E-30  1.000000E-30  1.000000E-30  1.000000E-30  1.000000E-30  1.000000E-30  1.000000E-30
    375  1.795112536071E-01  1.000000E-30  1.000000E-30  1.000000E-30  1.000000E-30  1.000000E-30  1.000000E-30  1.000000E-30  1.000000E-30
    376  1.804824008025E-01  1.000000E-30  1.000000E-30  1.000000E-30  1.000000E-30  1.000000E-30  1.000000E-30  1.000000E-30  1.000000E-30
    377  1.815169070317E-01  1.000000E-30  1.000000E-30  1.000000E-30  1.000000E-30  1.000000E-30  1.000000E-30  1.000000E-30  1.000000E-30
    378  1.825428215499E-01  1.000000E-30  1.000000E-30  1.000000E-30  1.000000E-30  1.000000E-30  1.000000E-30  1.000000E-30  1.000000E-30
    379  1.841355644659E-01  1.000000E-30  1.000000E-30  1.000000E-30  1.000000E-30  1.000000E-30  1.000000E-30  1.000000E-30  1.000000E-30
    380  1.856860183354E-01  1.000000E-30  1.000000E-30  1.000000E-30  1.000000E-30  1.000000E-30  1.000000E-30  1.000000E-30  1.000000E-30
    381  1.870847965371E-01  1.000000E-30  1.000000E-30  1.000000E-30  1.000000E-30  1.000000E-30  1.000000E-30  1.000000E-30  1.000000E-30
    382  1.883699545972E-01  1.000000E-30  1.000000E-30  1.000000E-30  1.000000E-30  1.000000E-30  1.000000E-30  1.000000E-30  1.000000E-30
    383  1.895671856375E-01  1.000000E-30  1.000000E-30  1.000000E-30  1.000000E-30  1.000000E-30  1.000000E-30  1.000000E-30  1.000000E-30
    384  1.907324824205E-01  1.000000E-30  1.000000E-30  1.000000E-30  1.000000E-30  1.000000E-30  1.000000E-30  1.000000E-30  1.000000E-30
    385  1.917913284253E-01  1.000000E-30  1.000000E-30  1.000000E-30  1.000000E-30  1.000000E-30  1.000000E-30  1.000000E-30  1.000000E-30
    386  1.928179034582E-01  1.000000E-30  1.000000E-30  1.000000E-30  1.000000E-30  1.000000E-30  1.000000E-30  1.000000E-30  1.000000E-30
    387  1.939781308337E-01  1.000000E-30  1.000000E-30  1.000000E-30  1.000000E-30  1.000000E-30  1.000000E-30  1.000000E-30  1.000000E-30
    388  1.950365569225E-01  1.000000E-30  1.000000E-30  1.000000E-30  1.000000E-30  1.000000E-30  1.000000E-30  1.000000E-30  1.000000E-30
    389  1.963061656501E-01  1.000000E-30  1.000000E-30  1.000000E-30  1.000000E-30  1.000000E-30  1.000000E-30  1.000000E-30  1.000000E-30
    390  1.975160386553E-01  1.000000E-30  1.000000E-30  1.000000E-30  1.000000E-30  1.000000E-30  1.000000E-30  1.000000E-30  1.000000E-30
    391  1.988970783448E-01  1.000000E-30  1.000000E-30  1.000000E-30  1.000000E-30  1.000000E-30  1.000000E-30  1.000000E-30  1.000000E-30
    392  2.001908516564E-01  1.000000E-30  1.000000E-30  1.000000E-30  1.000000E-30  1.000000E-30  1.000000E-30  1.000000E-30  1.000000E-30
    393  2.023233395230E-01  1.000000E-30  1.000000E-30  1.000000E-30  1.000000E-30  1.000000E-30  1.000000E-30  1.000000E-30  1.000000E-30
    394  2.035207364909E-01  1.000000E-30  1.000000E-30  1.000000E-30  1.000000E-30  1.000000E-30  1.000000E-30  1.000000E-30  1.000000E-30
    395  2.047171141817E-01  1.000000E-30  1.000000E-30  1.000000E-30  1.000000E-30  1.000000E-30  1.000000E-30  1.000000E-30  1.000000E-30
    396  2.061861175315E-01  1.000000E-30  1.000000E-30  1.000000E-30  1.000000E-30  1.000000E-30  1.000000E-30  1.000000E-30  1.000000E-30
    397  2.075162532616E-01  1.000000E-30  1.000000E-30  1.000000E-30  1.000000E-30  1.000000E-30  1.000000E-30  1.000000E-30  1.000000E-30
    398  2.088103947538E-01  1.000000E-30  1.000000E-30  1.000000E-30  1.000000E-30  1.000000E-30  1.000000E-30  1.000000E-30  1.000000E-30
    399  2.102374295066E-01  1.000000E-30  1.000000E-30  1.000000E-30  1.000000E-30  1.000000E-30  1.000000E-30  1.000000E-30  1.000000E-30
    400  2.116254943500E-01  1.000000E-30  1.000000E-30  1.000000E-30  1.000000E-30  1.000000E-30  1.000000E-30  1.000000E-30  1.000000E-30
    401  2.137594200207E-01  1.000000E-30  1.000000E-30  1.000000E-30  1.000000E-30  1.000000E-30  1.000000E-30  1.000000E-30  1.000000E-30
    402  2.149968302441E-01  1.000000E-30  1.000000E-30  1.000000E-30  1.000000E-30  1.000000E-30  1.000000E-30  1.000000E-30  1.000000E-30
    403  2.163578604848E-01  1.000000E-30  1.000000E-30  1.000000E-30  1.000000E-30  1.000000E-30  1.000000E-30  1.000000E-30  1.000000E-30
    404  2.188327022992E-01  1.000000E-30  1.000000E-30  1.000000E-30  1.000000E-30  1.000000E-30  1.000000E-30  1.000000E-30  1.000000E-30
    405  2.210861741802E-01  1.000000E-30  1.000000E-30  1.000000E-30  1.000000E-30  1.000000E-30  1.000000E-30  1.000000E-30  1.000000E-30
    406  2.231360986547E-01  1.000000E-30  1.000000E-30  1.000000E-30  1.000000E-30  1.000000E-30  1.000000E-30  1.000000E-30  1.000000E-30
    407  2.249661932162E-01  1.000000E-30  1.000000E-30  1.000000E-30  1.000000E-30  1.000000E-30  1.000000E-30  1.000000E-30  1.000000E-30
    408  2.266023391923E-01  1.000000E-30  1.000000E-30  1.000000E-30  1.000000E-30  1.000000E-30  1.000000E-30  1.000000E-30  1.000000E-30
    409  2.291569547831E-01  1.000000E-30  1.000000E-30  1.000000E-30  1.000000E-30  1.000000E-30  1.000000E-30  1.000000E-30  1.000000E-30
    410  2.305971902523E-01  1.000000E-30  1.000000E-30  1.000000E-30  1.000000E-30  1.000000E-30  1.000000E-30  1.000000E-30  1.000000E-30
    411  2.319348711247E-01  1.000000E-30  1.000000E-30  1.000000E-30  1.000000E-30  1.000000E-30  1.000000E-30  1.000000E-30  1.000000E-30
    412  2.335360820165E-01  1.000000E-30  1.000000E-30  1.000000E-30  1.000000E-30  1.000000E-30  1.000000E-30  1.000000E-30  1.000000E-30
    413  2.351317971316E-01  1.000000E-30  1.000000E-30  1.000000E-30  1.000000E-30  1.000000E-30  1.000000E-30  1.000000E-30  1.000000E-30
    414  2.376293164755E-01  1.000000E-30  1.000000E-30  1.000000E-30  1.000000E-30  1.000000E-30  1.000000E-30  1.000000E-30  1.000000E-30
    415  2.399259738388E-01  1.000000E-30  1.000000E-30  1.000000E-30  1.000000E-30  1.000000E-30  1.000000E-30  1.000000E-30  1.000000E-30
    416  2.420046682363E-01  1.000000E-30  1.000000E-30  1.000000E-30  1.000000E-30  1.000000E-30  1.000000E-30  1.000000E-30  1.000000E-30
    417  2.451201276448E-01  1.000000E-30  1.000000E-30  1.000000E-30  1.000000E-30  1.000000E-30  1.000000E-30  1.000000E-30  1.000000E-30
    418  2.467564269033E-01  1.000000E-30  1.000000E-30  1.000000E-30  1.000000E-30  1.000000E-30  1.000000E-30  1.000000E-30  1.000000E-30
    419  2.483354027874E-01  1.000000E-30  1.000000E-30  1.000000E-30  1.000000E-30  1.000000E-30  1.000000E-30  1.000000E-30  1.000000E-30
    420  2.499258654919E-01  1.000000E-30  1.000000E-30  1.000000E-30  1.000000E-30  1.000000E-30  1.000000E-30  1.000000E-30  1.000000E-30
    421  2.515152656983E-01  1.000000E-30  1.000000E-30  1.000000E-30  1.000000E-30  1.000000E-30  1.000000E-30  1.000000E-30  1.000000E-30
    422  2.542060864984E-01  1.000000E-30  1.000000E-30  1.000000E-30  1.000000E-30  1.000000E-30  1.000000E-30  1.000000E-30  1.000000E-30
    423  2.556901221114E-01  1.000000E-30  1.000000E-30  1.000000E-30  1.000000E-30  1.000000E-30  1.000000E-30  1.000000E-30  1.000000E-30
    424  2.570805114381E-01  1.000000E-30  1.000000E-30  1.000000E-30  1.000000E-30  1.000000E-30  1.000000E-30  1.000000E-30  1.000000E-30
    425  2.598984391343E-01  1.000000E-30  1.000000E-30  1.000000E-30  1.000000E-30  1.000000E-30  1.000000E-30  1.000000E-30  1.000000E-30
    426  2.622653138568E-01  1.000000E-30  1.000000E-30  1.000000E-30  1.000000E-30  1.000000E-30  1.000000E-30  1.000000E-30  1.000000E-30
    427  2.644885215151E-01  1.000000E-30  1.000000E-30  1.000000E-30  1.000000E-30  1.000000E-30  1.000000E-30  1.000000E-30  1.000000E-30
    428  2.667229470066E-01  1.000000E-30  1.000000E-30  1.000000E-30  1.000000E-30  1.000000E-30  1.000000E-30  1.000000E-30  1.000000E-30
    429  2.687894382327E-01  1.000000E-30  1.000000E-30  1.000000E-30  1.000000E-30  1.000000E-30  1.000000E-30  1.000000E-30  1.000000E-30
    430  2.709436570286E-01  1.000000E-30  1.000000E-30  1.000000E-30  1.000000E-30  1.000000E-30  1.000000E-30  1.000000E-30  1.000000E-30
    431  2.728595154549E-01  1.000000E-30  1.000000E-30  1.000000E-30  1.000000E-30  1.000000E-30  1.000000E-30  1.000000E-30  1.000000E-30
    432  2.763050324764E-01  1.000000E-30  1.000000E-30  1.000000E-30  1.000000E-30  1.000000E-30  1.000000E-30  1.000000E-30  1.000000E-30
    433  2.797281875476E-01  1.000000E-30  1.000000E-30  1.000000E-30  1.000000E-30  1.000000E-30  1.000000E-30  1.000000E-30  1.000000E-30
    434  2.831107064370E-01  1.000000E-30  1.000000E-30  1.000000E-30  1.000000E-30  1.000000E-30  1.000000E-30  1.000000E-30  1.000000E-30
    435  2.863632962154E-01  1.000000E-30  1.000000E-30  1.000000E-30  1.000000E-30  1.000000E-30  1.000000E-30  1.000000E-30  1.000000E-30
    436  2.894106333807E-01  1.000000E-30  1.000000E-30  1.000000E-30  1.000000E-30  1.000000E-30  1.000000E-30  1.000000E-30  1.000000E-30
    437  2.941185503109E-01  1.000000E-30  1.000000E-30  1.000000E-30  1.000000E-30  1.000000E-30  1.000000E-30  1.000000E-30  1.000000E-30
    438  2.983685787405E-01  1.000000E-30  1.000000E-30  1.000000E-30  1.000000E-30  1.000000E-30  1.000000E-30  1.000000E-30  1.000000E-30
    439  3.021949729112E-01  1.000000E-30  1.000000E-30  1.000000E-30  1.000000E-30  1.000000E-30  1.000000E-30  1.000000E-30  1.000000E-30
    440  3.059150641439E-01  1.000000E-30  1.000000E-30  1.000000E-30  1.000000E-30  1.000000E-30  1.000000E-30  1.000000E-30  1.000000E-30
    441  3.094680949786E-01  1.000000E-30  1.000000E-30  1.000000E-30  1.000000E-30  1.000000E-30  1.000000E-30  1.000000E-30  1.000000E-30
    442  3.127856926026E-01  1.000000E-30  1.000000E-30  1.000000E-30  1.000000E-30  1.000000E-30  1.000000E-30  1.000000E-30  1.000000E-30
    443  3.178598433803E-01  1.000000E-30  1.000000E-30  1.000000E-30  1.000000E-30  1.000000E-30  1.000000E-30  1.000000E-30  1.000000E-30
    444  3.224504526026E-01  1.000000E-30  1.000000E-30  1.000000E-30  1.000000E-30  1.000000E-30  1.000000E-30  1.000000E-30  1.000000E-30
    445  3.266870398371E-01  1.000000E-30  1.000000E-30  1.000000E-30  1.000000E-30  1.000000E-30  1.000000E-30  1.000000E-30  1.000000E-30
    446  3.305577136787E-01  1.000000E-30  1.000000E-30  1.000000E-30  1.000000E-30  1.000000E-30  1.000000E-30  1.000000E-30  1.000000E-30
    447  3.362681054783E-01  1.000000E-30  1.000000E-30  1.000000E-30  1.000000E-30  1.000000E-30  1.000000E-30  1.000000E-30  1.000000E-30
    448  3.414589872690E-01  1.000000E-30  1.000000E-30  1.000000E-30  1.000000E-30  1.000000E-30  1.000000E-30  1.000000E-30  1.000000E-30
    449  3.462773530350E-01  1.000000E-30  1.000000E-30  1.000000E-30  1.000000E-30  1.000000E-30  1.000000E-30  1.000000E-30  1.000000E-30
    450  3.508856189623E-01  1.000000E-30  1.000000E-30  1.000000E-30  1.000000E-30  1.000000E-30  1.000000E-30  1.000000E-30  1.000000E-30
    451  3.552628710565E-01  1.000000E-30  1.000000E-30  1.000000E-30  1.000000E-30  1.000000E-30  1.000000E-30  1.000000E-30  1.000000E-30
    452  3.595141079779E-01  1.000000E-30  1.000000E-30  1.000000E-30  1.000000E-30  1.000000E-30  1.000000E-30  1.000000E-30  1.000000E-30
    453  3.636744849418E-01  1.000000E-30  1.000000E-30  1.000000E-30  1.000000E-30  1.000000E-30  1.000000E-30  1.000000E-30  1.000000E-30
    454  3.676260234901E-01  1.000000E-30  1.000000E-30  1.000000E-30  1.000000E-30  1.000000E-30  1.000000E-30  1.000000E-30  1.000000E-30
    455  3.714655117309E-01  1.000000E-30  1.000000E-30  1.000000E-30  1.000000E-30  1.000000E-30  1.000000E-30  1.000000E-30  1.000000E-30
    456  3.752653942304E-01  1.000000E-30  1.000000E-30  1.000000E-30  1.000000E-30  1.000000E-30  1.000000E-30  1.000000E-30  1.000000E-30
    457  3.809506426681E-01  1.000000E-30  1.000000E-30  1.000000E-30  1.000000E-30  1.000000E-30  1.000000E-30  1.000000E-30  1.000000E-30
    458  3.865190953769E-01  1.000000E-30  1.000000E-30  1.000000E-30  1.000000E-30  1.000000E-30  1.000000E-30  1.000000E-30  1.000000E-30
    459  3.928522091207E-01  1.000000E-30  1.000000E-30  1.000000E-30  1.000000E-30  1.000000E-30  1.000000E-30  1.000000E-30  1.000000E-30
    460  3.991093841216E-01  1.000000E-30  1.000000E-30  1.000000E-30  1.000000E-30  1.000000E-30  1.000000E-30  1.000000E-30  1.000000E-30
    461  4.054183851758E-01  1.000000E-30  1.000000E-30  1.000000E-30  1.000000E-30  1.000000E-30  1.000000E-30  1.000000E-30  1.000000E-30
    462  4.147392755742E-01  1.000000E-30  1.000000E-30  1.000000E-30  1.000000E-30  1.000000E-30  1.000000E-30  1.000000E-30  1.000000E-30
    463  4.232199499949E-01  1.000000E-30  1.000000E-30  1.000000E-30  1.000000E-30  1.000000E-30  1.000000E-30  1.000000E-30  1.000000E-30
    464  4.316976825025E-01  1.000000E-30  1.000000E-30  1.000000E-30  1.000000E-30  1.000000E-30  1.000000E-30  1.000000E-30  1.000000E-30
    465  4.393401554526E-01  1.000000E-30  1.000000E-30  1.000000E-30  1.000000E-30  1.000000E-30  1.000000E-30  1.000000E-30  1.000000E-30
    466  4.465935084243E-01  1.000000E-30  1.000000E-30  1.000000E-30  1.000000E-30  1.000000E-30  1.000000E-30  1.000000E-30  1.000000E-30
    467  4.537106765818E-01  1.000000E-30  1.000000E-30  1.000000E-30  1.000000E-30  1.000000E-30  1.000000E-30  1.000000E-30  1.000000E-30
    468  4.602314649238E-01  1.000000E-30  1.000000E-30  1.000000E-30  1.000000E-30  1.000000E-30  1.000000E-30  1.000000E-30  1.000000E-30
    469  4.709552966107E-01  1.000000E-30  1.000000E-30  1.000000E-30  1.000000E-30  1.000000E-30  1.000000E-30  1.000000E-30  1.000000E-30
    470  4.769745726746E-01  1.000000E-30  1.000000E-30  1.000000E-30  1.000000E-30  1.000000E-30  1.000000E-30  1.000000E-30  1.000000E-30
    471  4.828178172001E-01  1.000000E-30  1.000000E-30  1.000000E-30  1.000000E-30  1.000000E-30  1.000000E-30  1.000000E-30  1.000000E-30
    472  4.927188450138E-01  1.000000E-30  1.000000E-30  1.000000E-30  1.000000E-30  1.000000E-30  1.000000E-30  1.000000E-30  1.000000E-30
    473  5.000000000000E-01  1.000000E-30  1.000000E-30  1.000000E-30  1.000000E-30  1.000000E-30  1.000000E-30  1.000000E-30  1.000000E-30
