 *                                      
 * expansion:  temp0=  1.000E+10 den0=  3.000E+06 temp_stop=  1.000E+07
 *          time                kr89          kr90          kr91          kr92          kr93          kr94          kr95          kr96 
      1  0.000000000000E+00  1.000000E-30  1.000000E-30  1.000000E-30  1.000000E-30  1.000000E-30  1.000000E-30  1.000000E-30  1.000000E-30
      2  1.000000000000E-16  1.000387E-30  1.000000E-30  1.000000E-30  1.000000E-30  1.001119E-30  1.000000E-30  1.001467E-30  1.000000E-30
      3  6.264265632874E-16  1.002384E-30  1.000000E-30  1.000000E-30  1.000000E-30  1.006954E-30  1.000000E-30  1.009115E-30  1.000000E-30
      4  2.206990590178E-15  1.007966E-30  1.000000E-30  1.000000E-30  1.000000E-30  1.023934E-30  1.000000E-30  1.031363E-30  1.000000E-30
      5  6.425069294186E-15  1.020230E-30  1.000000E-30  1.000000E-30  1.000000E-30  1.065524E-30  1.000000E-30  1.085806E-30  1.000000E-30
      6  1.724777641531E-14  1.039443E-30  1.000000E-30  1.000000E-30  1.000000E-30  1.151133E-30  1.000000E-30  1.197612E-30  1.000000E-30
      7  4.527785414179E-14  1.054536E-30  1.000000E-30  1.000000E-30  1.045056E-30  1.279579E-30  1.001315E-30  1.363061E-30  1.000000E-30
      8  1.231582592127E-13  1.057765E-30  1.000000E-30  1.000000E-30  1.210901E-30  1.445345E-30  1.081299E-30  1.476140E-30  1.000000E-30
      9  4.001734798240E-13  1.060689E-30  1.000000E-30  1.000315E-30  1.328547E-30  1.525635E-30  1.104040E-30  1.488002E-30  1.000000E-30
     10  1.150918682670E-12  1.054880E-30  1.000000E-30  1.000000E-30  1.326354E-30  1.521974E-30  1.103603E-30  1.487258E-30  1.000000E-30
     11  2.802808442389E-12  1.071687E-30  1.000000E-30  1.000000E-30  1.301035E-30  1.489372E-30  1.091031E-30  1.464433E-30  1.000000E-30
     12  6.912921996243E-12  1.015936E-30  1.042611E-30  1.000000E-30  1.365961E-30  1.570957E-30  1.114517E-30  1.503219E-30  1.012871E-30
     13  1.659368270033E-11  1.000000E-30  1.000000E-30  1.000000E-30  1.206510E-30  1.336981E-30  1.000000E-30  1.174655E-30  1.000000E-30
     14  1.134012897413E-10  1.000000E-30  1.000000E-30  1.000000E-30  1.000000E-30  1.000000E-30  1.000000E-30  1.000000E-30  1.000000E-30
     15  1.081477360150E-09  1.000000E-30  1.000000E-30  1.000000E-30  1.000000E-30  1.000000E-30  1.000000E-30  1.000000E-30  1.000000E-30
     16  1.076223806424E-08  1.000000E-30  1.000000E-30  1.000000E-30  1.000000E-30  1.000000E-30  1.000000E-30  1.000000E-30  1.000000E-30
     17  6.834096797002E-08  1.000000E-30  1.000000E-30  1.000000E-30  1.000000E-30  1.000000E-30  1.000000E-30  1.000000E-30  1.000000E-30
     18  2.542122411654E-07  1.000000E-30  1.000000E-30  1.000000E-30  1.000000E-30  1.000000E-30  1.000000E-30  1.000000E-30  1.000000E-30
     19  7.007518887657E-07  1.000000E-30  1.000000E-30  1.000000E-30  1.000000E-30  1.000000E-30  1.000000E-30  1.000000E-30  1.000000E-30
     20  1.724661805125E-06  1.000000E-30  1.000000E-30  1.000000E-30  1.000000E-30  1.000000E-30  1.000000E-30  1.000000E-30  1.000000E-30
     21  4.267664185819E-06  1.000000E-30  1.000000E-30  1.000000E-30  1.000000E-30  1.000000E-30  1.000000E-30  1.000000E-30  1.000000E-30
     22  1.786211798807E-05  1.000000E-30  1.000000E-30  1.000000E-30  1.000000E-30  1.000000E-30  1.000000E-30  1.000000E-30  1.000000E-30
     23  6.929007850093E-05  1.000000E-30  1.000000E-30  1.000000E-30  1.000000E-30  1.000000E-30  1.000000E-30  1.000000E-30  1.000000E-30
     24  5.835696836295E-04  1.000000E-30  1.000000E-30  1.000000E-30  1.000000E-30  1.000000E-30  1.000000E-30  1.000000E-30  1.000000E-30
     25  1.496090518789E-03  1.000000E-30  1.000000E-30  1.000000E-30  1.000000E-30  1.000000E-30  1.000000E-30  1.000000E-30  1.000000E-30
     26  2.379765156362E-03  1.000000E-30  1.000000E-30  1.000000E-30  1.000000E-30  1.000000E-30  1.000000E-30  1.000000E-30  1.000000E-30
     27  3.772948503579E-03  1.000000E-30  1.000000E-30  1.000000E-30  1.000000E-30  1.000000E-30  1.000000E-30  1.000000E-30  1.000000E-30
     28  4.957278025650E-03  1.000000E-30  1.000000E-30  1.000000E-30  1.000000E-30  1.000000E-30  1.000000E-30  1.000000E-30  1.000000E-30
     29  5.758110286319E-03  1.000000E-30  1.000000E-30  1.000000E-30  1.000000E-30  1.000000E-30  1.000000E-30  1.000000E-30  1.000000E-30
     30  6.636115041812E-03  1.000000E-30  1.000000E-30  1.000000E-30  1.000000E-30  1.000000E-30  1.000000E-30  1.000000E-30  1.000000E-30
     31  7.490864585256E-03  1.000000E-30  1.000000E-30  1.000000E-30  1.000000E-30  1.000000E-30  1.000000E-30  1.000000E-30  1.000000E-30
     32  8.026631019591E-03  1.000000E-30  1.000000E-30  1.000000E-30  1.000000E-30  1.000000E-30  1.000000E-30  1.000000E-30  1.000000E-30
     33  8.451616658664E-03  1.000000E-30  1.000000E-30  1.000000E-30  1.000000E-30  1.000000E-30  1.000000E-30  1.000000E-30  1.000000E-30
     34  9.803471762980E-03  1.000000E-30  1.000000E-30  1.000000E-30  1.000000E-30  1.000000E-30  1.000000E-30  1.000000E-30  1.000000E-30
     35  1.116687552369E-02  1.000000E-30  1.000000E-30  1.000000E-30  1.000000E-30  1.000000E-30  1.000000E-30  1.000000E-30  1.000000E-30
     36  1.219012310682E-02  1.000000E-30  1.000000E-30  1.000000E-30  1.000000E-30  1.000000E-30  1.000000E-30  1.000000E-30  1.000000E-30
     37  1.314647137106E-02  1.000000E-30  1.000000E-30  1.000000E-30  1.000000E-30  1.000000E-30  1.000000E-30  1.000000E-30  1.000000E-30
     38  1.431720408173E-02  1.000000E-30  1.000000E-30  1.000000E-30  1.000000E-30  1.000000E-30  1.000000E-30  1.000000E-30  1.000000E-30
     39  1.545287753035E-02  1.000000E-30  1.000000E-30  1.000000E-30  1.000000E-30  1.000000E-30  1.000000E-30  1.000000E-30  1.000000E-30
     40  1.716820108076E-02  1.000000E-30  1.000000E-30  1.000000E-30  1.000000E-30  1.000000E-30  1.000000E-30  1.000000E-30  1.000000E-30
     41  1.871872199221E-02  1.000000E-30  1.000000E-30  1.000000E-30  1.000000E-30  1.000000E-30  1.000000E-30  1.000000E-30  1.000000E-30
     42  2.131412024987E-02  1.000000E-30  1.000000E-30  1.000000E-30  1.000000E-30  1.000000E-30  1.000000E-30  1.000000E-30  1.000000E-30
     43  2.288535686070E-02  1.000000E-30  1.000000E-30  1.000000E-30  1.000000E-30  1.000000E-30  1.000000E-30  1.000000E-30  1.000000E-30
     44  2.437102778700E-02  1.000000E-30  1.000000E-30  1.000000E-30  1.000000E-30  1.000000E-30  1.000000E-30  1.000000E-30  1.000000E-30
     45  2.666254430666E-02  1.000000E-30  1.000000E-30  1.000000E-30  1.000000E-30  1.000000E-30  1.000000E-30  1.000000E-30  1.000000E-30
     46  2.807329513827E-02  1.000000E-30  1.000000E-30  1.000000E-30  1.000000E-30  1.000000E-30  1.000000E-30  1.000000E-30  1.000000E-30
     47  2.946719119355E-02  1.000000E-30  1.000000E-30  1.000000E-30  1.000000E-30  1.000000E-30  1.000000E-30  1.000000E-30  1.000000E-30
     48  2.982466835475E-02  1.000000E-30  1.000000E-30  1.000000E-30  1.000000E-30  1.000000E-30  1.000000E-30  1.000000E-30  1.000000E-30
     49  3.017238950627E-02  1.000000E-30  1.000000E-30  1.000000E-30  1.000000E-30  1.000000E-30  1.000000E-30  1.000000E-30  1.000000E-30
     50  3.052509122072E-02  1.000000E-30  1.000000E-30  1.000000E-30  1.000000E-30  1.000000E-30  1.000000E-30  1.000000E-30  1.000000E-30
     51  3.066477686677E-02  1.000000E-30  1.000000E-30  1.000000E-30  1.000000E-30  1.000000E-30  1.000000E-30  1.000000E-30  1.000000E-30
     52  3.080037159611E-02  1.000000E-30  1.000000E-30  1.000000E-30  1.000000E-30  1.000000E-30  1.000000E-30  1.000000E-30  1.000000E-30
     53  3.111325257314E-02  1.000000E-30  1.000000E-30  1.000000E-30  1.000000E-30  1.000000E-30  1.000000E-30  1.000000E-30  1.000000E-30
     54  3.147800645819E-02  1.000000E-30  1.000000E-30  1.000000E-30  1.000000E-30  1.000000E-30  1.000000E-30  1.000000E-30  1.000000E-30
     55  3.181357346897E-02  1.000000E-30  1.000000E-30  1.000000E-30  1.000000E-30  1.000000E-30  1.000000E-30  1.000000E-30  1.000000E-30
     56  3.217197145871E-02  1.000000E-30  1.000000E-30  1.000000E-30  1.000000E-30  1.000000E-30  1.000000E-30  1.000000E-30  1.000000E-30
     57  3.249951277145E-02  1.000000E-30  1.000000E-30  1.000000E-30  1.000000E-30  1.000000E-30  1.000000E-30  1.000000E-30  1.000000E-30
     58  3.262595809504E-02  1.000000E-30  1.000000E-30  1.000000E-30  1.000000E-30  1.000000E-30  1.000000E-30  1.000000E-30  1.000000E-30
     59  3.272641576722E-02  1.000000E-30  1.000000E-30  1.000000E-30  1.000000E-30  1.000000E-30  1.000000E-30  1.000000E-30  1.000000E-30
     60  3.304841700500E-02  1.000000E-30  1.000000E-30  1.000000E-30  1.000000E-30  1.000000E-30  1.000000E-30  1.000000E-30  1.000000E-30
     61  3.362823507679E-02  1.000000E-30  1.000000E-30  1.000000E-30  1.000000E-30  1.000000E-30  1.000000E-30  1.000000E-30  1.000000E-30
     62  3.417743618412E-02  1.000000E-30  1.000000E-30  1.000000E-30  1.000000E-30  1.000000E-30  1.000000E-30  1.000000E-30  1.000000E-30
     63  3.448472684867E-02  1.000000E-30  1.000000E-30  1.000000E-30  1.000000E-30  1.000000E-30  1.000000E-30  1.000000E-30  1.000000E-30
     64  3.459225947862E-02  1.000000E-30  1.000000E-30  1.000000E-30  1.000000E-30  1.000000E-30  1.000000E-30  1.000000E-30  1.000000E-30
     65  3.468161085917E-02  1.000000E-30  1.000000E-30  1.000000E-30  1.000000E-30  1.000000E-30  1.000000E-30  1.000000E-30  1.000000E-30
     66  3.501586344154E-02  1.000000E-30  1.000000E-30  1.000000E-30  1.000000E-30  1.000000E-30  1.000000E-30  1.000000E-30  1.000000E-30
     67  3.563385967804E-02  1.000000E-30  1.000000E-30  1.000000E-30  1.000000E-30  1.000000E-30  1.000000E-30  1.000000E-30  1.000000E-30
     68  3.619390900501E-02  1.000000E-30  1.000000E-30  1.000000E-30  1.000000E-30  1.000000E-30  1.000000E-30  1.000000E-30  1.000000E-30
     69  3.661379630041E-02  1.000000E-30  1.000000E-30  1.000000E-30  1.000000E-30  1.000000E-30  1.000000E-30  1.000000E-30  1.000000E-30
     70  3.704099468238E-02  1.000000E-30  1.000000E-30  1.000000E-30  1.000000E-30  1.000000E-30  1.000000E-30  1.000000E-30  1.000000E-30
     71  3.731378163516E-02  1.000000E-30  1.000000E-30  1.000000E-30  1.000000E-30  1.000000E-30  1.000000E-30  1.000000E-30  1.000000E-30
     72  3.757630769329E-02  1.000000E-30  1.000000E-30  1.000000E-30  1.000000E-30  1.000000E-30  1.000000E-30  1.000000E-30  1.000000E-30
     73  3.788075418501E-02  1.000000E-30  1.000000E-30  1.000000E-30  1.000000E-30  1.000000E-30  1.000000E-30  1.000000E-30  1.000000E-30
     74  3.819794660071E-02  1.000000E-30  1.000000E-30  1.000000E-30  1.000000E-30  1.000000E-30  1.000000E-30  1.000000E-30  1.000000E-30
     75  3.838080203158E-02  1.000000E-30  1.000000E-30  1.000000E-30  1.000000E-30  1.000000E-30  1.000000E-30  1.000000E-30  1.000000E-30
     76  3.859219912978E-02  1.139909E-30  1.000000E-30  1.000000E-30  1.000000E-30  1.000000E-30  1.000000E-30  1.000000E-30  1.000000E-30
     77  3.884096228080E-02  2.719988E-30  1.000000E-30  1.000000E-30  1.000000E-30  1.000000E-30  1.000000E-30  1.000000E-30  1.000000E-30
     78  3.907668434759E-02  6.303358E-30  1.000000E-30  1.000000E-30  1.000000E-30  1.000000E-30  1.000000E-30  1.000000E-30  1.000000E-30
     79  3.934936577490E-02  1.742294E-29  1.000000E-30  1.000000E-30  1.000000E-30  1.000000E-30  1.000000E-30  1.000000E-30  1.000000E-30
     80  3.961640452516E-02  4.735643E-29  2.187393E-30  1.000000E-30  1.000000E-30  1.000000E-30  1.000000E-30  1.000000E-30  1.000000E-30
     81  3.991996766101E-02  1.481549E-28  7.058552E-30  1.000000E-30  1.000000E-30  1.000000E-30  1.000000E-30  1.000000E-30  1.000000E-30
     82  4.019473378510E-02  4.139909E-28  2.018001E-29  1.000000E-30  1.000000E-30  1.000000E-30  1.000000E-30  1.000000E-30  1.000000E-30
     83  4.046928694587E-02  1.149131E-27  5.730555E-29  1.000000E-30  1.000000E-30  1.000000E-30  1.000000E-30  1.000000E-30  1.000000E-30
     84  4.074955599116E-02  3.250485E-27  1.659574E-28  2.473896E-30  1.000000E-30  1.000000E-30  1.000000E-30  1.000000E-30  1.000000E-30
     85  4.099011663524E-02  7.890853E-27  4.111947E-28  6.234973E-30  1.000000E-30  1.000000E-30  1.000000E-30  1.000000E-30  1.000000E-30
     86  4.118445936105E-02  1.604985E-26  8.501632E-28  1.304988E-29  1.000000E-30  1.000000E-30  1.000000E-30  1.000000E-30  1.000000E-30
     87  4.137235583218E-02  3.177358E-26  1.710002E-27  2.656251E-29  1.000000E-30  1.000000E-30  1.000000E-30  1.000000E-30  1.000000E-30
     88  4.152714488067E-02  5.558935E-26  3.031178E-27  4.754967E-29  1.000000E-30  1.000000E-30  1.000000E-30  1.000000E-30  1.000000E-30
     89  4.165981986900E-02  8.960756E-26  4.941414E-27  7.817195E-29  1.085359E-30  1.000000E-30  1.000000E-30  1.000000E-30  1.000000E-30
     90  4.188596337322E-02  2.013644E-25  1.131943E-26  1.816666E-28  2.565968E-30  1.000000E-30  1.000000E-30  1.000000E-30  1.000000E-30
     91  4.208159634323E-02  4.042383E-25  2.310647E-26  3.755159E-28  5.380307E-30  1.000000E-30  1.000000E-30  1.000000E-30  1.000000E-30
     92  4.230932596557E-02  9.074196E-25  5.288717E-26  8.721405E-28  1.270540E-29  1.000000E-30  1.000000E-30  1.000000E-30  1.000000E-30
     93  4.251598135750E-02  1.888501E-24  1.120348E-25  1.872275E-27  2.769204E-29  1.000000E-30  1.000000E-30  1.000000E-30  1.000000E-30
     94  4.274368410830E-02  4.235598E-24  2.562343E-25  4.345435E-27  6.535528E-29  1.000000E-30  1.000000E-30  1.000000E-30  1.000000E-30
     95  4.294191711445E-02  8.573220E-24  5.275511E-25  9.062007E-27  1.382941E-28  1.324178E-30  1.000000E-30  1.000000E-30  1.000000E-30
     96  4.316569238790E-02  1.910915E-23  1.198749E-24  2.089216E-26  3.241333E-28  3.152668E-30  1.000000E-30  1.000000E-30  1.000000E-30
     97  4.339365876136E-02  4.372130E-23  2.797547E-24  4.948878E-26  7.809275E-28  7.697031E-30  1.000000E-30  1.000000E-30  1.000000E-30
     98  4.362382833621E-02  1.022467E-22  6.674357E-24  1.198602E-25  1.924022E-27  1.921910E-29  1.000000E-30  1.000000E-30  1.000000E-30
     99  4.384703699487E-02  2.374553E-22  1.580437E-23  2.880062E-25  4.700707E-27  4.756941E-29  1.000000E-30  1.000000E-30  1.000000E-30
    100  4.408801045744E-02  6.049178E-22  4.111611E-23  7.612294E-25  1.264999E-26  1.298209E-28  2.295728E-30  1.000000E-30  1.000000E-30
    101  4.430336182063E-02  1.434351E-21  9.934893E-23  1.865735E-24  3.150983E-26  3.274650E-28  5.862790E-30  1.000000E-30  1.000000E-30
    102  4.453208602613E-02  3.692704E-21  2.609498E-22  4.975273E-24  8.548171E-26  9.003028E-28  1.645767E-29  1.000000E-30  1.000000E-30
    103  4.474836808964E-02  9.273850E-21  6.679822E-22  1.292085E-23  2.256622E-25  2.407089E-27  4.488251E-29  1.000000E-30  1.000000E-30
    104  4.497736119052E-02  2.512106E-20  1.846341E-21  3.626332E-23  6.443974E-25  6.966440E-27  1.326464E-28  1.000000E-30  1.000000E-30
    105  4.517199675598E-02  5.926668E-20  4.431431E-21  8.817418E-23  1.590094E-24  1.738705E-26  3.370171E-28  1.988984E-30  1.000000E-30
    106  4.536038532241E-02  1.364842E-19  1.037688E-20  2.090987E-22  3.825177E-24  4.229193E-26  8.340977E-28  4.960257E-30  1.000000E-30
    107  4.552484255766E-02  2.815802E-19  2.172203E-20  4.425516E-22  8.197426E-24  9.150787E-26  1.832209E-27  1.098083E-29  1.000000E-30
    108  4.581275722245E-02  9.773146E-19  7.733873E-20  1.606351E-21  3.041188E-23  3.452482E-25  7.098233E-27  4.312373E-29  1.000000E-30
    109  4.603616864208E-02  2.498950E-18  2.017378E-19  4.253995E-21  8.192753E-23  9.423833E-25  1.978119E-26  1.214614E-28  1.251216E-30
    110  4.624194314299E-02  5.757275E-18  4.734750E-19  1.012539E-20  1.981320E-22  2.307050E-24  4.937093E-26  3.061679E-28  3.222552E-30
    111  4.641297951594E-02  1.124217E-17  9.388984E-19  2.031461E-20  4.028048E-22  4.738070E-24  1.030377E-25  6.442635E-28  6.882688E-30
    112  4.656990459822E-02  2.036195E-17  1.724702E-18  3.771840E-20  7.570032E-22  8.987338E-24  1.983420E-25  1.249553E-27  1.353196E-29
    113  4.671253119976E-02  3.437688E-17  2.949408E-18  6.513365E-20  1.321702E-21  1.582434E-23  3.539336E-25  2.245111E-27  2.461617E-29
    114  4.684580987606E-02  5.533354E-17  4.804772E-18  1.070790E-19  2.195376E-21  2.649243E-23  6.000100E-25  3.830529E-27  4.248862E-29
    115  4.697520204195E-02  8.680913E-17  7.626444E-18  1.714772E-19  3.551114E-21  4.318181E-23  9.899875E-25  6.359707E-27  7.134177E-29
    116  4.709649788536E-02  1.310860E-16  1.164324E-17  2.639826E-19  5.518487E-21  6.758852E-23  1.567366E-24  1.012788E-26  1.148202E-28
    117  4.721637454993E-02  1.952507E-16  1.753167E-17  4.007808E-19  8.456626E-21  1.043117E-22  2.446530E-24  1.590060E-26  1.821631E-28
    118  4.732862910872E-02  2.814122E-16  2.552652E-17  5.880767E-19  1.251748E-20  1.554320E-22  3.684439E-24  2.407640E-26  2.785488E-28
    119  4.750539400184E-02  4.935574E-16  4.549159E-17  1.060847E-18  2.289243E-20  2.872393E-22  6.923302E-24  4.562773E-26  5.360654E-28
    120  4.767210524850E-02  8.271945E-16  7.741024E-17  1.826162E-18  3.992482E-20  5.059392E-22  1.238975E-23  8.231856E-26  9.814189E-28
    121  4.783406579930E-02  1.350314E-15  1.282466E-16  3.059662E-18  6.774713E-20  8.668238E-22  2.155810E-23  1.443685E-25  1.745949E-27
    122  4.799263518131E-02  2.160325E-15  2.081733E-16  5.021646E-18  1.125822E-19  1.454144E-21  3.671744E-23  2.477955E-25  3.039015E-27
    123  4.815339657435E-02  3.448432E-15  3.372251E-16  8.226388E-18  1.867763E-19  2.435657E-21  6.245517E-23  4.248145E-25  5.284587E-27
    124  4.832264594384E-02  5.593604E-15  5.555640E-16  1.371392E-17  3.155482E-19  4.156621E-21  1.083303E-22  7.429811E-25  9.382122E-27
    125  4.849826454798E-02  9.162444E-15  9.248401E-16  2.311211E-17  5.392207E-19  7.177800E-21  1.902580E-22  1.316167E-24  1.688135E-26
    126  4.867786870736E-02  1.505730E-14  1.545217E-15  3.910596E-17  9.254287E-19  1.245161E-20  3.358186E-22  2.343723E-24  3.054537E-26
    127  4.885872256535E-02  2.465034E-14  2.572272E-15  6.593290E-17  1.582819E-18  2.152820E-20  5.908608E-22  4.160586E-24  5.510612E-26
    128  4.903755607841E-02  3.987418E-14  4.230283E-15  1.098088E-16  2.673853E-18  3.675857E-20  1.026516E-21  7.292332E-24  9.814163E-26
    129  4.921259737621E-02  6.348466E-14  6.845281E-15  1.799027E-16  4.442115E-18  6.171065E-20  1.752885E-21  1.256060E-23  1.717135E-25
    130  4.938368810460E-02  9.952392E-14  1.090309E-14  2.900453E-16  7.260144E-18  1.018980E-19  2.943030E-21  2.126817E-23  2.952506E-25
    131  4.955132280349E-02  1.539277E-13  1.712824E-14  4.611103E-16  1.169780E-17  1.658397E-19  4.868818E-21  3.547890E-23  5.000071E-25
    132  4.971624312404E-02  2.354440E-13  2.660489E-14  7.246995E-16  1.862922E-17  2.667329E-19  7.958274E-21  5.846891E-23  8.363419E-25
    133  4.987811857735E-02  3.559885E-13  4.083920E-14  1.125370E-15  2.930723E-17  4.237192E-19  1.284439E-20  9.513050E-23  1.380781E-24
    134  5.003799836445E-02  5.337614E-13  6.215661E-14  1.732510E-15  4.570235E-17  6.671366E-19  2.054339E-20  1.533705E-22  2.258531E-24
    135  5.019682549602E-02  7.955227E-13  9.402895E-14  2.650935E-15  7.083043E-17  1.043868E-18  3.265093E-20  2.457044E-22  3.670693E-24
    136  5.035511419132E-02  1.180140E-12  1.415800E-13  4.037224E-15  1.092581E-16  1.625617E-18  5.164792E-20  3.917531E-22  5.937308E-24
    137  5.051299755300E-02  1.743144E-12  2.122545E-13  6.121814E-15  1.678022E-16  2.520542E-18  8.134120E-20  6.218847E-22  9.561485E-24
    138  5.067010535678E-02  2.561177E-12  3.165183E-13  9.233172E-15  2.563295E-16  3.886956E-18  1.274058E-19  9.817877E-22  1.531273E-23
    139  5.082726902819E-02  3.750582E-12  4.704444E-13  1.388042E-14  3.902953E-16  5.974816E-18  1.989228E-19  1.545076E-21  2.444663E-23
    140  5.098506829486E-02  5.480774E-12  6.978157E-13  2.082612E-14  5.931654E-16  9.167430E-18  3.100492E-19  2.427466E-21  3.896676E-23
    141  5.114361869269E-02  7.992426E-12  1.033023E-12  3.118789E-14  8.998451E-16  1.404117E-17  4.824547E-19  3.807670E-21  6.201757E-23
    142  5.130328078870E-02  1.163694E-11  1.527078E-12  4.664364E-14  1.363450E-15  2.148184E-17  7.499947E-19  5.967223E-21  9.862770E-23
    143  5.146205644840E-02  1.683220E-11  2.242486E-12  6.929450E-14  2.052056E-15  3.264359E-17  1.157960E-18  9.287635E-21  1.557682E-22
    144  5.162089365231E-02  2.423275E-11  3.277735E-12  1.024694E-13  3.074272E-15  4.937792E-17  1.779735E-18  1.439040E-20  2.449112E-22
    145  5.177902725711E-02  3.464950E-11  4.758097E-12  1.504853E-13  4.573884E-15  7.417239E-17  2.716285E-18  2.214060E-20  3.823589E-22
    146  5.193558292952E-02  4.910068E-11  6.844322E-12  2.189715E-13  6.741726E-15  1.103706E-16  4.106173E-18  3.373782E-20  5.911383E-22
    147  5.207655208218E-02  6.687049E-11  9.448235E-12  3.054346E-13  9.513672E-15  1.570900E-16  5.928065E-18  4.905893E-20  8.708867E-22
    148  5.220437120847E-02  8.808151E-11  1.259898E-11  4.111508E-13  1.294242E-14  2.153725E-16  8.233249E-18  6.858291E-20  1.232007E-21
    149  5.240275279905E-02  1.338315E-10  1.951325E-11  6.462380E-13  2.068067E-14  3.483412E-16  1.358833E-17  1.143537E-19  2.092712E-21
    150  5.258707116153E-02  1.952111E-10  2.897286E-11  9.727136E-13  3.160723E-14  5.383862E-16  2.139830E-17  1.817891E-19  3.384379E-21
    151  5.276353482958E-02  2.771570E-10  4.184294E-11  1.423357E-12  4.693351E-14  8.080909E-16  3.270023E-17  2.803379E-19  5.305790E-21
    152  5.293536770993E-02  3.856085E-10  5.919355E-11  2.039527E-12  6.822038E-14  1.186981E-15  4.888272E-17  4.227997E-19  8.131865E-21
    153  5.310288915571E-02  5.261165E-10  8.208615E-11  2.863904E-12  9.714305E-14  1.707581E-15  7.153776E-17  6.241252E-19  1.219411E-20
    154  5.325369291828E-02  6.890984E-10  1.091040E-10  3.849766E-12  1.322403E-13  2.346038E-15  9.981711E-17  8.776687E-19  1.739255E-20
    155  5.339308966526E-02  8.766540E-10  1.406969E-10  5.016710E-12  1.743481E-13  3.119526E-15  1.346407E-16  1.192447E-18  2.394247E-20
    156  5.362726198018E-02  1.288980E-09  2.116777E-10  7.682369E-12  2.723166E-13  4.943143E-15  2.185887E-16  1.959774E-18  4.023401E-20
    157  5.383816121000E-02  1.786423E-09  2.994783E-10  1.104288E-11  3.984313E-13  7.326249E-15  3.310904E-16  3.001134E-18  6.285242E-20
    158  5.403768730975E-02  2.389834E-09  4.085559E-10  1.529401E-11  5.611762E-13  1.044572E-14  4.819150E-16  4.413963E-18  9.420504E-20
    159  5.422986619970E-02  3.112635E-09  5.422754E-10  2.059766E-11  7.681575E-13  1.446805E-14  6.809313E-16  6.299789E-18  1.369305E-19
    160  5.440569294967E-02  3.912483E-09  6.935442E-10  2.669806E-11  1.010610E-12  1.924132E-14  9.223051E-16  8.611926E-18  1.903472E-19
    161  5.456994612052E-02  4.792676E-09  8.634690E-10  3.365808E-11  1.291964E-12  2.484778E-14  1.211619E-15  1.141139E-17  2.562074E-19
    162  5.485681963417E-02  6.678937E-09  1.238095E-09  4.933477E-11  1.940703E-12  3.799203E-14  1.909193E-15  1.825606E-17  4.213312E-19
    163  5.511708850657E-02  8.822598E-09  1.678282E-09  6.822289E-11  2.743996E-12  5.458573E-14  2.819001E-15  2.732896E-17  6.466869E-19
    164  5.536560227933E-02  1.130928E-08  2.205249E-09  9.137591E-11  3.754299E-12  7.583713E-14  4.020258E-15  3.949079E-17  9.570791E-19
    165  5.559867087093E-02  1.408101E-08  2.810471E-09  1.185707E-10  4.970232E-12  1.018561E-13  5.534175E-15  5.503949E-17  1.364271E-18
    166  5.582344501454E-02  1.720401E-08  3.512080E-09  1.507755E-10  6.443832E-12  1.339046E-13  7.450843E-15  7.499445E-17  1.899800E-18
    167  5.608267729631E-02  2.141079E-08  4.486363E-09  1.965265E-10  8.589569E-12  1.813853E-13  1.037492E-14  1.058836E-16  2.750719E-18
    168  5.632179590432E-02  2.592123E-08  5.564125E-09  2.483315E-10  1.108129E-11  2.375016E-13  1.393564E-14  1.440587E-16  3.830672E-18
    169  5.658568452696E-02  3.166740E-08  6.981591E-09  3.181040E-10  1.452448E-11  3.164466E-13  1.909971E-14  2.002647E-16  5.464382E-18
    170  5.682194908758E-02  3.755656E-08  8.480973E-09  3.936665E-10  1.834916E-11  4.056977E-13  2.511570E-14  2.667222E-16  7.448228E-18
    171  5.707748662895E-02  4.478552E-08  1.038004E-08  4.916298E-10  2.343379E-11  5.264365E-13  3.349978E-14  3.607130E-16  1.032918E-17
    172  5.730159219632E-02  5.191908E-08  1.231201E-08  5.935714E-10  2.885521E-11  6.573577E-13  4.285609E-14  4.671051E-16  1.367456E-17
    173  5.769211250520E-02  6.629993E-08  1.636462E-08  8.138324E-10  4.094856E-11  9.559164E-13  6.501716E-14  7.238860E-16  2.202675E-17
    174  5.804755660481E-02  8.178255E-08  2.093883E-08  1.071307E-09  5.562688E-11  1.327805E-12  9.387806E-14  1.065744E-15  3.359489E-17
    175  5.837706807704E-02  9.840834E-08  2.606905E-08  1.369537E-09  7.322660E-11  1.784424E-12  1.307944E-13  1.511960E-15  4.925343E-17
    176  5.868213309337E-02  1.159620E-07  3.170779E-08  1.707251E-09  9.380371E-11  2.330118E-12  1.766148E-13  2.076282E-15  6.973474E-17
    177  5.897372529375E-02  1.348777E-07  3.801792E-08  2.095911E-09  1.182069E-10  2.990716E-12  2.340950E-13  2.796805E-15  9.672762E-17
    178  5.927019313219E-02  1.564571E-07  4.548938E-08  2.568985E-09  1.488029E-10  3.835876E-12  3.102667E-13  3.768418E-15  1.342858E-16
    179  5.955970264735E-02  1.800342E-07  5.395955E-08  3.120198E-09  1.855157E-10  4.870540E-12  4.068349E-13  5.021728E-15  1.842661E-16
    180  5.987296131417E-02  2.086142E-07  6.462402E-08  3.834034E-09  2.345195E-10  6.280350E-12  5.432495E-13  6.824134E-15  2.584950E-16
    181  6.018239261751E-02  2.402484E-07  7.690010E-08  4.680027E-09  2.944375E-10  8.041119E-12  7.200788E-13  9.204024E-15  3.598126E-16
    182  6.051941164510E-02  2.789210E-07  9.253205E-08  5.790452E-09  3.756835E-10  1.048190E-11  9.748960E-13  1.270022E-14  5.139013E-16
    183  6.081686890997E-02  3.170454E-07  1.085689E-07  6.963873E-09  4.643051E-10  1.320201E-11  1.269808E-12  1.682309E-14  7.018363E-16
    184  6.107970107709E-02  3.541135E-07  1.247206E-07  8.177042E-09  5.585343E-10  1.614952E-11  1.600238E-12  2.151979E-14  9.224080E-16
    185  6.149099227918E-02  4.190906E-07  1.542747E-07  1.046908E-08  7.427891E-10  2.204855E-11  2.289396E-12  3.151860E-14  1.409684E-15
    186  6.184187848266E-02  4.819273E-07  1.842552E-07  1.287820E-08  9.439639E-10  2.865617E-11  3.097217E-12  4.350625E-14  2.018038E-15
    187  6.212841772032E-02  5.387411E-07  2.124742E-07  1.521450E-08  1.145392E-09  3.541543E-11  3.955680E-12  5.648876E-14  2.699656E-15
    188  6.241083345826E-02  5.999594E-07  2.439992E-07  1.789555E-08  1.383287E-09  4.355369E-11  5.025428E-12  7.294531E-14  3.590613E-15
    189  6.286334795077E-02  7.097938E-07  3.032995E-07  2.311985E-08  1.864743E-09  6.044724E-11  7.349393E-12  1.095164E-13  5.653136E-15
    190  6.324448148531E-02  8.145508E-07  3.629394E-07  2.858509E-08  2.390051E-09  7.940357E-11  1.009138E-11  1.537560E-13  8.262375E-15
    191  6.354755735680E-02  9.066712E-07  4.177197E-07  3.376963E-08  2.905884E-09  9.845009E-11  1.296249E-11  2.010379E-13  1.115555E-14
    192  6.382753282149E-02  9.992162E-07  4.748521E-07  3.932903E-08  3.475696E-09  1.199087E-10  1.631427E-11  2.572198E-13  1.470419E-14
    193  6.429792763326E-02  1.172000E-06  5.868831E-07  5.063607E-08  4.680915E-09  1.664922E-10  2.394146E-11  3.881085E-13  2.332898E-14
    194  6.470641913937E-02  1.341122E-06  7.029628E-07  6.285631E-08  6.043450E-09  2.207437E-10  3.331433E-11  5.533118E-13  3.474908E-14
    195  6.514351188605E-02  1.543551E-06  8.498164E-07  7.896419E-08  7.919996E-09  2.976520E-10  4.731737E-11  8.066672E-13  5.310425E-14
    196  6.551961572666E-02  1.737201E-06  9.979662E-07  9.586441E-08  9.973104E-09  3.841426E-10  6.387395E-11  1.113782E-12  7.637022E-14
    197  6.614173306661E-02  2.100568E-06  1.295190E-06  1.314962E-07  1.453842E-08  5.833056E-10  1.045225E-10  1.892357E-12  1.388524E-13
    198  6.666431851744E-02  2.450990E-06  1.604487E-06  1.707120E-07  1.987175E-08  8.251877E-10  1.575218E-10  2.944034E-12  2.287575E-13
    199  6.714973898932E-02  2.816886E-06  1.950119E-06  2.167787E-07  2.647889E-08  1.135365E-09  2.299296E-10  4.426983E-12  3.628986E-13
    200  6.763365269933E-02  3.224248E-06  2.361046E-06  2.742515E-07  3.515674E-08  1.556545E-09  3.344819E-10  6.634902E-12  5.738740E-13
    201  6.810748363549E-02  3.666660E-06  2.837685E-06  3.442057E-07  4.627468E-08  2.114296E-09  4.816523E-10  9.839044E-12  8.971750E-13
    202  6.886988901479E-02  4.475355E-06  3.788423E-06  4.929742E-07  7.159259E-08  3.441707E-09  8.618563E-10  1.846483E-11  1.834147E-12
    203  6.932442343830E-02  5.018410E-06  4.483257E-06  6.085455E-07  9.257106E-08  4.587722E-09  1.216016E-09  2.680918E-11  2.803467E-12
    204  6.977291475786E-02  5.601355E-06  5.278922E-06  7.472099E-07  1.190184E-07  6.078771E-09  1.704695E-09  3.866603E-11  4.254762E-12
    205  7.051837306122E-02  6.675353E-06  6.880343E-06  1.044696E-06  1.797395E-07  9.653223E-09  2.974982E-09  7.076750E-11  8.480178E-12
    206  7.120724846930E-02  7.786125E-06  8.723960E-06  1.414238E-06  2.614594E-07  1.471295E-08  4.951130E-09  1.231210E-10  1.597372E-11
    207  7.185571854523E-02  8.934841E-06  1.083710E-05  1.869453E-06  3.700414E-07  2.176252E-08  7.960915E-09  2.064884E-10  2.888703E-11
    208  7.250556240022E-02  1.017590E-05  1.337140E-05  2.456130E-06  5.208986E-07  3.202587E-08  1.274524E-08  3.449696E-10  5.207509E-11
    209  7.308358088908E-02  1.134454E-05  1.601636E-05  3.112335E-06  7.021902E-07  4.491907E-08  1.927774E-08  5.420922E-10  8.760072E-11
    210  7.365083251161E-02  1.253820E-05  1.900397E-05  3.904227E-06  9.364176E-07  6.229018E-08  2.880335E-08  8.411145E-10  1.453840E-10
    211  7.420607479025E-02  1.372837E-05  2.231566E-05  4.843087E-06  1.233809E-06  8.528584E-08  4.244339E-08  1.286433E-09  2.375922E-10
    212  7.477269193766E-02  1.493758E-05  2.609039E-05  5.990612E-06  1.623741E-06  1.167435E-07  6.265116E-08  1.972980E-09  3.900492E-10
    213  7.532671922740E-02  1.608623E-05  3.015875E-05  7.319953E-06  2.108981E-06  1.576014E-07  9.110064E-08  2.979050E-09  6.297388E-10
    214  7.590819975934E-02  1.720817E-05  3.476959E-05  8.948882E-06  2.750230E-06  2.140567E-07  1.338348E-07  4.554329E-09  1.033293E-09
    215  7.648106882397E-02  1.817350E-05  3.954953E-05  1.078899E-05  3.535109E-06  2.864452E-07  1.935807E-07  6.853067E-09  1.667747E-09
    216  7.706864365518E-02  1.895728E-05  4.454463E-05  1.290437E-05  4.517620E-06  3.815460E-07  2.794164E-07  1.030411E-08  2.695787E-09
    217  7.765097184480E-02  1.946151E-05  4.937014E-05  1.518644E-05  5.679863E-06  4.998997E-07  3.966410E-07  1.523565E-08  4.284380E-09
    218  7.824188421090E-02  1.962671E-05  5.384137E-05  1.760835E-05  7.045998E-06  6.467387E-07  5.569020E-07  2.230165E-08  6.751020E-09
    219  7.883216312169E-02  1.939470E-05  5.756183E-05  2.002161E-05  8.575274E-06  8.209651E-07  7.675313E-07  3.205210E-08  1.044850E-08
    220  7.934760137230E-02  1.885283E-05  5.996565E-05  2.201849E-05  1.001157E-05  9.945040E-07  9.994955E-07  4.330509E-08  1.506601E-08
    221  7.991019390762E-02  1.790581E-05  6.145235E-05  2.394672E-05  1.162743E-05  1.202653E-06  1.308500E-06  5.903419E-08  2.205846E-08
    222  8.044081450283E-02  1.670736E-05  6.162760E-05  2.540856E-05  1.313088E-05  1.411107E-06  1.655256E-06  7.760196E-08  3.102756E-08
    223  8.103419684334E-02  1.508764E-05  6.036486E-05  2.651923E-05  1.470181E-05  1.649214E-06  2.105550E-06  1.030727E-07  4.447391E-08
    224  8.158988408622E-02  1.338949E-05  5.783693E-05  2.697520E-05  1.597842E-05  1.866204E-06  2.580503E-06  1.315763E-07  6.099674E-08
    225  8.219791245697E-02  1.144110E-05  5.377069E-05  2.678615E-05  1.706729E-05  2.083679E-06  3.145640E-06  1.677555E-07  8.415914E-08
    226  8.273529679330E-02  9.732359E-06  4.930685E-05  2.604457E-05  1.770833E-05  2.248620E-06  3.670378E-06  2.037161E-07  1.096336E-07
    227  8.327310875316E-02  8.109367E-06  4.431543E-05  2.483081E-05  1.802520E-05  2.381061E-06  4.204662E-06  2.429519E-07  1.403285E-07
    228  8.381967664174E-02  6.605331E-06  3.900095E-05  2.321181E-05  1.801699E-05  2.477844E-06  4.741800E-06  2.855038E-07  1.772612E-07
    229  8.442137901789E-02  5.162510E-06  3.321053E-05  2.113162E-05  1.766652E-05  2.540357E-06  5.313884E-06  3.348943E-07  2.252435E-07
    230  8.496109010092E-02  4.073994E-06  2.832281E-05  1.914325E-05  1.711565E-05  2.561990E-06  5.808128E-06  3.814583E-07  2.757905E-07
    231  8.556251684447E-02  3.087905E-06  2.341956E-05  1.693817E-05  1.632948E-05  2.556708E-06  6.343150E-06  4.363429E-07  3.420938E-07
    232  8.609514523980E-02  2.397644E-06  1.965079E-05  1.509646E-05  1.556575E-05  2.536600E-06  6.819544E-06  4.889024E-07  4.119841E-07
    233  8.668730402486E-02  1.803397E-06  1.612232E-05  1.325128E-05  1.473178E-05  2.510410E-06  7.384088E-06  5.544466E-07  5.065157E-07
    234  8.725638446658E-02  1.373333E-06  1.335571E-05  1.171879E-05  1.401370E-05  2.493359E-06  8.000602E-06  6.282660E-07  6.205957E-07
    235  8.784892152766E-02  1.040070E-06  1.104715E-05  1.038022E-05  1.339954E-05  2.494202E-06  8.766672E-06  7.215522E-07  7.735174E-07
    236  8.837914431516E-02  8.167926E-07  9.392816E-06  9.387090E-06  1.298214E-05  2.516622E-06  9.601380E-06  8.244470E-07  9.513767E-07
    237  8.927467123273E-02  5.515738E-07  7.263693E-06  8.063209E-06  1.254220E-05  2.604960E-06  1.142920E-05  1.054870E-06  1.380007E-06
    238  9.009385267910E-02  3.899580E-07  5.819627E-06  7.117748E-06  1.234207E-05  2.731570E-06  1.363311E-05  1.345134E-06  1.975628E-06
    239  9.088007009323E-02  2.796788E-07  4.712788E-06  6.331506E-06  1.219914E-05  2.870918E-06  1.623569E-05  1.709014E-06  2.807895E-06
    240  9.160938796651E-02  2.036779E-07  3.845040E-06  5.639858E-06  1.199352E-05  2.989034E-06  1.899693E-05  2.124565E-06  3.876326E-06
    241  9.231864750676E-02  1.472396E-07  3.107084E-06  4.966922E-06  1.163633E-05  3.067314E-06  2.185705E-05  2.594160E-06  5.244908E-06
    242  9.335415502949E-02  8.789445E-08  2.186606E-06  3.968366E-06  1.072616E-05  3.070559E-06  2.590231E-05  3.356241E-06  7.895014E-06
    243  9.429165011748E-02  5.224153E-08  1.510792E-06  3.079190E-06  9.488072E-06  2.928729E-06  2.882751E-05  4.048083E-06  1.093646E-05
    244  9.514750284226E-02  3.085133E-08  1.025487E-06  2.326227E-06  8.090431E-06  2.676664E-06  3.037765E-05  4.594584E-06  1.410381E-05
    245  9.592869681963E-02  1.824689E-08  6.893697E-07  1.725604E-06  6.709673E-06  2.366040E-06  3.060755E-05  4.957489E-06  1.711467E-05
    246  9.638259128200E-02  1.317716E-08  5.367212E-07  1.423281E-06  5.908328E-06  2.162603E-06  3.020785E-05  5.092987E-06  1.883520E-05
    247  9.686466198075E-02  9.187053E-09  4.054752E-07  1.143509E-06  5.090499E-06  1.938857E-06  2.939376E-05  5.172725E-06  2.058796E-05
    248  9.745016881397E-02  5.817164E-09  2.831753E-07  8.609372E-07  4.174219E-06  1.668965E-06  2.796110E-05  5.185341E-06  2.257394E-05
    249  9.798964068785E-02  3.755929E-09  2.002309E-07  6.526895E-07  3.425478E-06  1.432619E-06  2.633041E-05  5.126298E-06  2.425060E-05
    250  9.892639389759E-02  1.702268E-09  1.064475E-07  3.920275E-07  2.364384E-06  1.069820E-06  2.313029E-05  4.904155E-06  2.683729E-05
    251  9.977784733458E-02  8.075495E-10  5.845635E-08  2.407853E-07  1.649973E-06  8.024419E-07  2.013233E-05  4.616681E-06  2.887266E-05
    252  1.005622893962E-01  3.978963E-10  3.301825E-08  1.509382E-07  1.165088E-06  6.059306E-07  1.746361E-05  4.308063E-06  3.050965E-05
    253  1.013070552067E-01  2.001303E-10  1.892510E-08  9.557922E-08  8.268729E-07  4.585287E-07  1.508816E-05  3.991943E-06  3.184019E-05
    254  1.019791947326E-01  1.062542E-10  1.131644E-08  6.257320E-08  6.005549E-07  3.530269E-07  1.310477E-05  3.695410E-06  3.284128E-05
    255  1.025982572428E-01  5.862892E-11  6.974676E-09  4.195069E-08  4.434279E-07  2.751482E-07  1.142419E-05  3.417988E-06  3.358411E-05
    256  1.032644197032E-01  3.059476E-11  4.102459E-09  2.702736E-08  3.171762E-07  2.086793E-07  9.780082E-06  3.120162E-06  3.417714E-05
    257  1.039121745974E-01  1.606766E-11  2.422966E-09  1.745198E-08  2.269244E-07  1.581103E-07  8.343759E-06  2.834923E-06  3.454095E-05
    258  1.045193471709E-01  8.692612E-12  1.464747E-09  1.147692E-08  1.644287E-07  1.209352E-07  7.139561E-06  2.574486E-06  3.468651E-05
    259  1.051181778144E-01  4.700598E-12  8.842571E-10  7.531966E-09  1.188119E-07  9.220324E-08  6.083218E-06  2.327144E-06  3.464155E-05
    260  1.056826419982E-01  2.610669E-12  5.451819E-10  5.026458E-09  8.687358E-08  7.093799E-08  5.200283E-06  2.104207E-06  3.442900E-05
    261  1.062431336111E-01  1.442181E-12  3.344292E-10  3.337437E-09  6.320909E-08  5.430623E-08  4.424311E-06  1.893570E-06  3.405781E-05
    262  1.068146627648E-01  7.811910E-13  2.016777E-10  2.182788E-09  4.540849E-08  4.110045E-08  3.730747E-06  1.691422E-06  3.351973E-05
    263  1.073656177930E-01  4.294225E-13  1.229982E-10  1.440080E-09  3.281051E-08  3.123667E-08  3.148096E-06  1.509322E-06  3.285574E-05
    264  1.079139362418E-01  2.344577E-13  7.455754E-11  9.445327E-10  2.357894E-08  2.361267E-08  2.643447E-06  1.340398E-06  3.206121E-05
    265  1.084202130578E-01  1.331862E-13  4.666651E-11  6.360268E-10  1.728318E-08  1.813959E-08  2.238779E-06  1.195853E-06  3.121792E-05
    266  1.089957947327E-01  6.949227E-14  2.720002E-11  4.029983E-10  1.206579E-08  1.336157E-08  1.843200E-06  1.044950E-06  3.014295E-05
    267  1.095139929398E-01  3.839481E-14  1.661338E-11  2.654748E-10  8.678156E-09  1.008841E-08  1.539169E-06  9.209588E-07  2.907957E-05
    268  1.100036617482E-01  2.174085E-14  1.035193E-11  1.777521E-10  6.317905E-09  7.691455E-09  1.291757E-06  8.136149E-07  2.799957E-05
    269  1.105581599754E-01  1.133268E-14  6.016403E-12  1.121139E-10  4.383299E-09  5.624117E-09  1.053520E-06  7.035135E-07  2.670102E-05
    270  1.111738162549E-01  5.447531E-15  3.264859E-12  6.665449E-11  2.898449E-09  3.943758E-09  8.343385E-07  5.947902E-07  2.517987E-05
    271  1.117276452796E-01  2.787006E-15  1.865108E-12  4.136325E-11  1.981117E-09  2.842771E-09  6.717097E-07  5.080929E-07  2.375104E-05
    272  1.122547306619E-01  1.459953E-15  1.085791E-12  2.606539E-11  1.369529E-09  2.067854E-09  5.431648E-07  4.348750E-07  2.235224E-05
    273  1.128196390807E-01  7.239460E-16  6.031371E-13  1.576836E-11  9.153854E-10  1.460139E-09  4.297812E-07  3.658440E-07  2.082677E-05
    274  1.134172103791E-01  3.409422E-16  3.205434E-13  9.177120E-12  5.924806E-10  1.001969E-09  3.329214E-07  3.025195E-07  1.920069E-05
    275  1.139661173569E-01  1.688246E-16  1.775353E-13  5.528284E-12  3.938513E-10  7.030485E-10  2.613860E-07  2.523147E-07  1.771201E-05
    276  1.145721141816E-01  7.694886E-17  9.160420E-14  3.131200E-12  2.488456E-10  4.716948E-10  1.986331E-07  2.050639E-07  1.609723E-05
    277  1.151138636995E-01  3.781249E-17  5.029612E-14  1.869337E-12  1.638891E-10  3.278966E-10  1.543972E-07  1.693309E-07  1.469512E-05
    278  1.160623872824E-01  1.063158E-17  1.720066E-14  7.411755E-13  7.733871E-11  1.702249E-10  9.773182E-08  1.192799E-07  1.236515E-05
    279  1.166131253687E-01  5.029514E-18  9.126490E-15  4.289020E-13  4.955051E-11  1.153240E-10  7.432497E-08  9.657263E-08  1.110637E-05
    280  1.171578902390E-01  2.382974E-18  4.839866E-15  2.478647E-13  3.168355E-11  7.795213E-11  5.635636E-08  7.793542E-08  9.937508E-06
    281  1.179966344325E-01  7.391744E-19  1.789052E-15  1.047474E-13  1.567477E-11  4.203851E-11  3.635186E-08  5.538401E-08  8.292454E-06
    282  1.184626561866E-01  3.842546E-19  1.022206E-15  6.447128E-14  1.053533E-11  2.965306E-11  2.833546E-08  4.557589E-08  7.464063E-06
    283  1.189221956404E-01  2.005708E-19  5.858030E-16  3.977818E-14  7.091204E-12  2.093684E-11  2.208119E-08  3.747725E-08  6.707002E-06
    284  1.197605220964E-01  6.012960E-20  2.082702E-16  1.621367E-14  3.394967E-12  1.094570E-11  1.385340E-08  2.595639E-08  5.471071E-06
    285  1.205341475296E-01  1.969973E-20  7.924727E-17  6.996263E-15  1.699768E-12  5.947124E-12  8.913788E-09  1.831274E-08  4.493451E-06
    286  1.212540834288E-01  6.939985E-21  3.179740E-17  3.158429E-15  8.823515E-13  3.333696E-12  5.856053E-09  1.311752E-08  3.712089E-06
    287  1.219299358624E-01  2.591653E-21  1.331791E-17  1.479545E-15  4.716896E-13  1.916488E-12  3.912688E-09  9.512178E-09  3.081155E-06
    288  1.225766858039E-01  1.014659E-21  5.744117E-18  7.103955E-16  2.570091E-13  1.119991E-12  2.641165E-09  6.948155E-09  2.562545E-06
    289  1.231854533608E-01  4.208815E-22  2.575088E-18  3.525575E-16  1.437672E-13  6.695317E-13  1.810597E-09  5.133427E-09  2.141595E-06
    290  1.237219182154E-01  1.949834E-22  1.260148E-18  1.887607E-16  8.554767E-14  4.225518E-13  1.290242E-09  3.909245E-09  1.819403E-06
    291  1.242404039059E-01  9.355237E-23  6.282704E-19  1.026705E-16  5.151604E-14  2.694390E-13  9.253035E-10  2.990441E-09  1.547507E-06
    292  1.248086455930E-01  4.233117E-23  2.911331E-19  5.234913E-17  2.935244E-14  1.635128E-13  6.388647E-10  2.216978E-09  1.289287E-06
    293  1.253177247642E-01  2.098616E-23  1.448544E-19  2.838488E-17  1.758028E-14  1.036645E-13  4.552551E-10  1.684594E-09  1.088913E-06
    294  1.258810647447E-01  9.795074E-24  6.652879E-20  1.433785E-17  9.901811E-15  6.220222E-14  3.109062E-10  1.235681E-09  8.982364E-07
    295  1.264205598797E-01  4.791821E-24  3.143577E-20  7.419160E-18  5.676608E-15  3.790118E-14  2.143859E-10  9.127836E-10  7.427117E-07
    296  1.270317883483E-01  2.159147E-24  1.332557E-20  3.486045E-18  2.989282E-15  2.139642E-14  1.393489E-10  6.418005E-10  5.940683E-07
    297  1.275757308169E-01  1.074154E-24  6.174432E-21  1.769372E-18  1.673832E-15  1.275045E-14  9.415584E-11  4.652793E-10  4.834315E-07
    298  1.286048671531E-01  2.928476E-25  1.427175E-21  4.864117E-19  5.474377E-16  4.696830E-15  4.388802E-11  2.480466E-10  3.210203E-07
    299  1.290949488661E-01  1.591180E-25  7.116998E-22  2.620274E-19  3.173731E-16  2.882564E-15  3.012892E-11  1.816559E-10  2.613969E-07
    300  1.295345101683E-01  9.205150E-26  3.806129E-22  1.504319E-19  1.935968E-16  1.851269E-15  2.136737E-11  1.365575E-10  2.161712E-07
    301  1.303954523490E-01  3.157506E-26  1.128270E-22  5.116965E-20  7.260223E-17  7.684793E-16  1.071158E-11  7.678861E-11  1.466110E-07
    302  1.308549873199E-01  1.781523E-26  5.945058E-23  2.893685E-20  4.262624E-17  4.764349E-16  7.322607E-12  5.584372E-11  1.179770E-07
    303  1.312776310019E-01  1.049874E-26  3.313725E-23  1.722358E-20  2.601262E-17  3.057933E-16  5.125562E-12  4.138836E-11  9.601114E-08
    304  1.320787884157E-01  3.836457E-27  1.120893E-23  6.596629E-21  1.015142E-17  1.313886E-16  2.561828E-12  2.306954E-11  6.392775E-08
    305  1.327308179063E-01  1.679947E-27  4.756374E-24  3.097372E-21  4.707852E-18  6.592335E-17  1.429473E-12  1.407796E-11  4.513932E-08
    306  1.333821207310E-01  7.301057E-28  2.060802E-24  1.489388E-21  2.191510E-18  3.321989E-17  7.838209E-13  8.447278E-12  3.137675E-08
    307  1.339749669338E-01  3.401249E-28  9.813150E-25  7.819139E-22  1.105568E-18  1.801960E-17  4.472012E-13  5.234186E-12  2.223306E-08
    308  1.345530840576E-01  1.603103E-28  4.820444E-25  4.238674E-22  5.757504E-19  1.007735E-17  2.549412E-13  3.235923E-12  1.567908E-08
    309  1.351098094661E-01  7.707764E-29  2.451200E-25  2.377628E-22  3.129093E-19  5.868057E-18  1.462121E-13  2.007452E-12  1.105372E-08
    310  1.359304916944E-01  2.572371E-29  9.154524E-26  1.031310E-22  1.331642E-19  2.767557E-18  6.295404E-14  9.712008E-13  6.458368E-09
    311  1.363572082699E-01  1.457563E-29  5.504922E-26  6.713163E-23  8.729807E-20  1.914277E-18  4.014930E-14  6.583769E-13  4.830875E-09
    312  1.367788244083E-01  8.179253E-30  3.324522E-26  4.392444E-23  5.824056E-20  1.347354E-18  2.550017E-14  4.442947E-13  3.595857E-09
    313  1.375777712339E-01  2.509832E-30  1.277755E-26  1.969945E-23  2.799009E-20  7.173766E-19  1.057519E-14  2.068104E-13  2.014295E-09
    314  1.380438267916E-01  1.318044E-30  7.310789E-27  1.234056E-23  1.856401E-20  5.052348E-19  6.255462E-15  1.309046E-13  1.419311E-09
    315  1.384690951451E-01  1.000000E-30  4.375765E-27  8.033006E-24  1.284086E-20  3.693398E-19  3.837515E-15  8.545071E-14  1.021813E-09
    316  1.391087445178E-01  1.000000E-30  2.013525E-27  4.199373E-24  7.436415E-21  2.325795E-19  1.814833E-15  4.438620E-14  6.139932E-10
    317  1.397002518981E-01  1.000000E-30  9.809451E-28  2.303129E-24  4.510170E-21  1.524916E-19  8.978503E-16  2.395448E-14  3.776066E-10
    318  1.402705851668E-01  1.000000E-30  4.902244E-28  1.291231E-24  2.784975E-21  1.015590E-19  4.513301E-16  1.309639E-14  2.328910E-10
    319  1.408634912375E-01  1.000000E-30  2.389888E-28  7.105265E-25  1.680757E-21  6.634245E-20  2.189907E-16  6.935586E-15  1.386405E-10
    320  1.414089642241E-01  1.000000E-30  1.251798E-28  4.161153E-25  1.052015E-21  4.467669E-20  1.126961E-16  3.867290E-15  8.494701E-11
    321  1.419220762512E-01  1.000000E-30  6.977757E-29  2.577323E-25  6.738965E-22  3.066362E-20  6.073960E-17  2.246861E-15  5.301373E-11
    322  1.422771704232E-01  1.000000E-30  4.752949E-29  1.887040E-25  4.929958E-22  2.353388E-20  3.979121E-17  1.550244E-15  3.796532E-11
    323  1.426029315631E-01  1.000000E-30  3.407106E-29  1.447146E-25  3.690317E-22  1.840862E-20  2.718409E-17  1.110466E-15  2.781781E-11
    324  1.430135230101E-01  1.000000E-30  2.314238E-29  1.072808E-25  2.552074E-22  1.345537E-20  1.704457E-17  7.389728E-16  1.868919E-11
    325  1.434683796643E-01  1.000000E-30  1.588415E-29  8.118882E-26  1.687642E-22  9.457490E-21  1.038554E-17  4.809050E-16  1.194473E-11
    326  1.440315208021E-01  1.000000E-30  1.074165E-29  6.224917E-26  1.003396E-22  6.058079E-21  5.828389E-18  2.928963E-16  6.791463E-12
    327  1.445490332405E-01  1.000000E-30  8.043938E-30  5.219505E-26  6.165667E-23  3.979470E-21  3.546726E-18  1.923646E-16  3.993910E-12
    328  1.451370980342E-01  1.000000E-30  6.091095E-30  4.532632E-26  3.520724E-23  2.440574E-21  2.098402E-18  1.243156E-16  2.163581E-12
    329  1.457052374241E-01  1.000000E-30  4.848742E-30  4.098867E-26  2.041275E-23  1.503647E-21  1.304281E-18  8.430167E-17  1.186696E-12
    330  1.463107957421E-01  1.000000E-30  3.832674E-30  3.739928E-26  1.142215E-23  8.832746E-22  8.014253E-19  5.696894E-17  6.188448E-13
    331  1.468752132891E-01  1.000000E-30  3.093125E-30  3.440811E-26  6.733924E-24  5.306917E-22  5.139218E-19  3.998066E-17  3.352637E-13
    332  1.475510939381E-01  1.000000E-30  2.307394E-30  3.086702E-26  3.723537E-24  2.840109E-22  3.022638E-19  2.623647E-17  1.605129E-13
    333  1.481899111058E-01  1.000000E-30  1.748715E-30  2.736964E-26  2.272824E-24  1.549361E-22  1.814193E-19  1.749077E-17  7.990804E-14
    334  1.491767377555E-01  1.000000E-30  1.000000E-30  2.183342E-26  1.263725E-24  5.997390E-23  8.021724E-20  9.112766E-18  2.764207E-14
    335  1.497116139607E-01  1.000000E-30  1.000000E-30  1.889630E-26  1.001023E-24  3.604065E-23  5.069281E-20  6.298176E-18  1.581770E-14
    336  1.502421520731E-01  1.000000E-30  1.000000E-30  1.608396E-26  8.262060E-25  2.202094E-23  3.167861E-20  4.304911E-18  9.210971E-15
    337  1.509052103900E-01  1.000000E-30  1.000000E-30  1.286988E-26  6.720118E-25  1.235931E-23  1.727771E-20  2.627424E-18  4.819547E-15
    338  1.515352476696E-01  1.000000E-30  1.000000E-30  1.019633E-26  5.597781E-25  7.557755E-24  9.529428E-21  1.613073E-18  2.686950E-15
    339  1.521327102765E-01  1.000000E-30  1.000000E-30  8.011504E-27  4.695200E-25  5.021246E-24  5.316439E-21  9.969020E-19  1.580998E-15
    340  1.526678407657E-01  1.000000E-30  1.000000E-30  6.366828E-27  3.990043E-25  3.654222E-24  3.108473E-21  6.389201E-19  1.002016E-15
    341  1.532481602429E-01  1.000000E-30  1.000000E-30  4.900966E-27  3.320805E-25  2.704575E-24  1.713571E-21  3.889879E-19  6.210677E-16
    342  1.535863948111E-01  1.000000E-30  1.000000E-30  4.183957E-27  2.972093E-25  2.305511E-24  1.203064E-21  2.893369E-19  4.725140E-16
    343  1.538995751697E-01  1.000000E-30  1.000000E-30  3.598616E-27  2.673001E-25  2.002226E-24  8.626748E-22  2.188731E-19  3.674852E-16
    344  1.546020187628E-01  1.000000E-30  1.000000E-30  2.544301E-27  2.093484E-25  1.488444E-24  4.039733E-22  1.154027E-19  2.102935E-16
    345  1.552062305672E-01  1.000000E-30  1.000000E-30  1.877211E-27  1.689606E-25  1.171004E-24  2.078662E-22  6.558071E-20  1.304081E-16
    346  1.557875935888E-01  1.000000E-30  1.000000E-30  1.396482E-27  1.372151E-25  9.370935E-25  1.085952E-22  3.755181E-20  8.211988E-17
    347  1.566447447202E-01  1.000000E-30  1.000000E-30  9.072439E-28  1.016451E-25  6.858653E-25  4.135913E-23  1.614039E-20  4.117967E-17
    348  1.574294426159E-01  1.000000E-30  1.000000E-30  6.226363E-28  7.879403E-26  5.284950E-25  1.726560E-23  7.295617E-21  2.164633E-17
    349  1.581710514975E-01  1.000000E-30  1.000000E-30  4.467977E-28  6.354646E-26  4.246249E-25  7.824551E-24  3.373323E-21  1.162128E-17
    350  1.588328903187E-01  1.000000E-30  1.000000E-30  3.418802E-28  5.401898E-26  3.599842E-25  4.138414E-24  1.671238E-21  6.598813E-18
    351  1.594606073659E-01  1.000000E-30  1.000000E-30  2.720854E-28  4.754834E-26  3.161110E-25  2.494936E-24  8.476752E-22  3.816922E-18
    352  1.600565792087E-01  1.000000E-30  1.000000E-30  2.235967E-28  4.303922E-26  2.854943E-25  1.724814E-24  4.393517E-22  2.244828E-18
    353  1.607059625219E-01  1.000000E-30  1.000000E-30  1.841847E-28  3.942654E-26  2.608774E-25  1.306565E-24  2.124072E-22  1.245266E-18
    354  1.613957576202E-01  1.000000E-30  1.000000E-30  1.521054E-28  3.648177E-26  2.407262E-25  1.083149E-24  9.700722E-23  6.569648E-19
    355  1.620398820205E-01  1.000000E-30  1.000000E-30  1.278635E-28  3.414356E-26  2.246930E-25  9.641283E-25  4.621256E-23  3.565187E-19
    356  1.627691861850E-01  1.000000E-30  1.000000E-30  1.050269E-28  3.170190E-26  2.079649E-25  8.726073E-25  1.995111E-23  1.758823E-19
    357  1.634667099868E-01  1.000000E-30  1.000000E-30  8.633641E-29  2.932797E-26  1.917879E-25  7.990773E-25  9.043551E-24  8.805620E-20
    358  1.645369737572E-01  1.000000E-30  1.000000E-30  6.234241E-29  2.545057E-26  1.655998E-25  6.896369E-25  2.921565E-24  2.954603E-20
    359  1.651200899964E-01  1.000000E-30  1.000000E-30  5.148797E-29  2.323924E-26  1.507857E-25  6.290629E-25  1.721933E-24  1.606097E-20
    360  1.656939516385E-01  1.000000E-30  1.000000E-30  4.208303E-29  2.100254E-26  1.358892E-25  5.682207E-25  1.107389E-24  8.712153E-21
    361  1.664404283242E-01  1.000000E-30  1.000000E-30  3.185760E-29  1.813225E-26  1.168802E-25  4.904037E-25  7.057138E-25  3.879587E-21
    362  1.671401020014E-01  1.000000E-30  1.000000E-30  2.414625E-29  1.554714E-26  9.985966E-26  4.204246E-25  5.104730E-25  1.793057E-21
    363  1.682228463170E-01  1.000000E-30  1.000000E-30  1.521162E-29  1.187557E-26  7.584978E-26  3.211028E-25  3.411146E-25  5.298057E-22
    364  1.688914277275E-01  1.000000E-30  1.000000E-30  1.123592E-29  9.893245E-27  6.296677E-26  2.674914E-25  2.724927E-25  2.473564E-22
    365  1.695862681704E-01  1.000000E-30  1.000000E-30  8.063546E-30  8.058739E-27  5.110212E-26  2.178819E-25  2.157041E-25  1.112767E-22
    366  1.708796298676E-01  1.000000E-30  1.000000E-30  4.264893E-30  5.322171E-27  3.351493E-26  1.438786E-25  1.377118E-25  2.543978E-23
    367  1.720689125062E-01  1.000000E-30  1.000000E-30  2.280426E-30  3.488070E-27  2.182411E-26  9.428527E-26  8.834691E-26  6.973345E-24
    368  1.730357271347E-01  1.000000E-30  1.000000E-30  1.376233E-30  2.412892E-27  1.501728E-26  6.521404E-26  6.023865E-26  2.676480E-24
    369  1.739185931198E-01  1.000000E-30  1.000000E-30  1.000000E-30  1.691397E-27  1.047617E-26  4.570921E-26  4.172761E-26  1.237146E-24
    370  1.748109107026E-01  1.000000E-30  1.000000E-30  1.000000E-30  1.168250E-27  7.200030E-27  3.156527E-26  2.849750E-26  6.323344E-25
    371  1.757092013639E-01  1.000000E-30  1.000000E-30  1.000000E-30  7.993380E-28  4.902012E-27  2.159431E-26  1.928927E-26  3.519600E-25
    372  1.765567714958E-01  1.000000E-30  1.000000E-30  1.000000E-30  5.627005E-28  3.434604E-27  1.519897E-26  1.344571E-26  2.162609E-25
    373  1.775373762473E-01  1.000000E-30  1.000000E-30  1.000000E-30  3.817877E-28  2.317232E-27  1.030832E-26  9.020433E-27  1.302940E-25
    374  1.784803688374E-01  1.000000E-30  1.000000E-30  1.000000E-30  2.734836E-28  1.650908E-27  7.381343E-27  6.393486E-27  8.490437E-26
    375  1.795112536071E-01  1.000000E-30  1.000000E-30  1.000000E-30  2.003767E-28  1.202137E-27  5.404577E-27  4.630397E-27  5.678152E-26
    376  1.804824008025E-01  1.000000E-30  1.000000E-30  1.000000E-30  1.584424E-28  9.451848E-28  4.271490E-27  3.622822E-27  4.177297E-26
    377  1.815169070317E-01  1.000000E-30  1.000000E-30  1.000000E-30  1.296936E-28  7.687905E-28  3.493568E-27  2.931687E-27  3.224341E-26
    378  1.825428215499E-01  1.000000E-30  1.000000E-30  1.000000E-30  1.102526E-28  6.493974E-28  2.967196E-27  2.464051E-27  2.639426E-26
    379  1.841355644659E-01  1.000000E-30  1.000000E-30  1.000000E-30  8.837536E-29  5.138618E-28  2.367804E-27  1.934630E-27  2.056765E-26
    380  1.856860183354E-01  1.000000E-30  1.000000E-30  1.000000E-30  7.083052E-29  4.074300E-28  1.892887E-27  1.522391E-27  1.650797E-26
    381  1.870847965371E-01  1.000000E-30  1.000000E-30  1.000000E-30  5.686973E-29  3.240179E-28  1.516545E-27  1.202442E-27  1.346778E-26
    382  1.883699545972E-01  1.000000E-30  1.000000E-30  1.000000E-30  4.562251E-29  2.574580E-28  1.213204E-27  9.493406E-28  1.104372E-26
    383  1.895671856375E-01  1.000000E-30  1.000000E-30  1.000000E-30  3.656644E-29  2.043059E-28  9.688093E-28  7.487806E-28  9.063962E-27
    384  1.907324824205E-01  1.000000E-30  1.000000E-30  1.000000E-30  2.906983E-29  1.609001E-28  7.676561E-28  5.861665E-28  7.387464E-27
    385  1.917913284253E-01  1.000000E-30  1.000000E-30  1.000000E-30  2.341139E-29  1.283157E-28  6.155878E-28  4.648609E-28  6.071081E-27
    386  1.928179034582E-01  1.000000E-30  1.000000E-30  1.000000E-30  1.882468E-29  1.020911E-28  4.923958E-28  3.678236E-28  4.960122E-27
    387  1.939781308337E-01  1.000000E-30  1.000000E-30  1.000000E-30  1.482463E-29  7.838188E-29  3.802688E-28  2.805041E-28  3.900041E-27
    388  1.950365569225E-01  1.000000E-30  1.000000E-30  1.000000E-30  1.170258E-29  6.108152E-29  2.979539E-28  2.173163E-28  3.088768E-27
    389  1.963061656501E-01  1.000000E-30  1.000000E-30  1.000000E-30  9.084935E-30  4.510538E-29  2.213716E-28  1.591623E-28  2.301770E-27
    390  1.975160386553E-01  1.000000E-30  1.000000E-30  1.000000E-30  6.980536E-30  3.358365E-29  1.658120E-28  1.176390E-28  1.714861E-27
    391  1.988970783448E-01  1.000000E-30  1.000000E-30  1.000000E-30  5.444902E-30  2.389762E-29  1.187112E-28  8.284011E-29  1.207272E-27
    392  2.001908516564E-01  1.000000E-30  1.000000E-30  1.000000E-30  4.227560E-30  1.733632E-29  8.662120E-29  5.954005E-29  8.610925E-28
    393  2.023233395230E-01  1.000000E-30  1.000000E-30  1.000000E-30  3.811001E-30  1.046522E-29  5.253474E-29  3.486210E-29  4.905853E-28
    394  2.035207364909E-01  1.000000E-30  1.000000E-30  1.000000E-30  2.521312E-30  7.734881E-30  3.915102E-29  2.579665E-29  3.570669E-28
    395  2.047171141817E-01  1.000000E-30  1.000000E-30  1.000000E-30  2.171794E-30  5.895720E-30  2.995440E-29  1.941005E-29  2.628460E-28
    396  2.061861175315E-01  1.000000E-30  1.000000E-30  1.000000E-30  2.192620E-30  4.422204E-30  2.248115E-29  1.414975E-29  1.855079E-28
    397  2.075162532616E-01  1.000000E-30  1.000000E-30  1.000000E-30  2.053018E-30  3.502809E-30  1.785607E-29  1.098527E-29  1.398604E-28
    398  2.088103947538E-01  1.000000E-30  1.000000E-30  1.000000E-30  1.858927E-30  2.885548E-30  1.476354E-29  8.924013E-30  1.106031E-28
    399  2.102374295066E-01  1.000000E-30  1.000000E-30  1.000000E-30  2.018396E-30  2.539753E-30  1.298851E-29  7.595462E-30  9.144598E-29
    400  2.116254943500E-01  1.000000E-30  1.000000E-30  1.000000E-30  1.768531E-30  2.297716E-30  1.182101E-29  6.813189E-30  8.055648E-29
    401  2.137594200207E-01  1.000000E-30  1.245576E-30  1.122950E-30  2.610330E-30  2.402150E-30  1.230269E-29  6.648944E-30  7.687627E-29
    402  2.149968302441E-01  1.000000E-30  1.000000E-30  1.000000E-30  1.895065E-30  2.216294E-30  1.161544E-29  6.489775E-30  7.565929E-29
    403  2.163578604848E-01  1.000000E-30  1.000000E-30  1.000000E-30  1.949670E-30  2.346330E-30  1.237572E-29  6.810562E-30  7.957358E-29
    404  2.188327022992E-01  1.000000E-30  1.522374E-30  1.357042E-30  3.268270E-30  3.007222E-30  1.583403E-29  8.163678E-30  9.563476E-29
    405  2.210861741802E-01  1.000000E-30  1.456069E-30  1.290512E-30  3.121928E-30  3.472371E-30  1.871512E-29  9.586416E-30  1.143927E-28
    406  2.231360986547E-01  1.000000E-30  1.341505E-30  1.182246E-30  3.214083E-30  4.022756E-30  2.204980E-29  1.134681E-29  1.375735E-28
    407  2.249661932162E-01  1.000000E-30  1.245643E-30  1.092427E-30  3.323661E-30  4.710924E-30  2.620099E-29  1.343108E-29  1.651452E-28
    408  2.266023391923E-01  1.000000E-30  1.156070E-30  1.009486E-30  3.037112E-30  5.490067E-30  3.091345E-29  1.575240E-29  1.960621E-28
    409  2.291569547831E-01  1.000000E-30  1.791034E-30  1.556792E-30  4.936338E-30  7.424067E-30  4.220948E-29  2.076624E-29  2.621521E-28
    410  2.305971902523E-01  1.000000E-30  1.092372E-30  1.000000E-30  3.592148E-30  8.269900E-30  4.778036E-29  2.372901E-29  3.035781E-28
    411  2.319348711247E-01  1.000000E-30  1.000000E-30  1.000000E-30  3.756043E-30  9.502841E-30  5.535296E-29  2.724547E-29  3.517180E-28
    412  2.335360820165E-01  1.000000E-30  1.233446E-30  1.058101E-30  4.582386E-30  1.136795E-29  6.670914E-29  3.228399E-29  4.207561E-28
    413  2.351317971316E-01  1.000000E-30  1.252304E-30  1.069788E-30  5.062813E-30  1.346681E-29  7.971692E-29  3.807569E-29  5.013058E-28
    414  2.376293164755E-01  1.000000E-30  1.936121E-30  1.645937E-30  7.487527E-30  1.783433E-29  1.066742E-28  4.951115E-29  6.611937E-28
    415  2.399259738388E-01  1.000000E-30  1.857671E-30  1.568934E-30  8.419803E-30  2.262358E-29  1.370810E-28  6.247639E-29  8.466462E-28
    416  2.420046682363E-01  1.000000E-30  1.677344E-30  1.407726E-30  8.955710E-30  2.801870E-29  1.716084E-28  7.703955E-29  1.057468E-27
    417  2.451201276448E-01  1.191299E-30  2.753107E-30  2.219893E-30  1.336651E-29  3.932326E-29  2.440545E-28  1.061899E-28  1.483424E-27
    418  2.467564269033E-01  1.000000E-30  1.443154E-30  1.194452E-30  1.225862E-29  4.627313E-29  2.900109E-28  1.250224E-28  1.765061E-27
    419  2.483354027874E-01  1.000000E-30  1.424966E-30  1.174036E-30  1.409517E-29  5.484902E-29  3.462261E-28  1.471596E-28  2.096376E-27
    420  2.499258654919E-01  1.000000E-30  1.455435E-30  1.193717E-30  1.635714E-29  6.519068E-29  4.144504E-28  1.736480E-28  2.495994E-27
    421  2.515152656983E-01  1.000000E-30  1.405841E-30  1.147155E-30  1.886382E-29  7.756062E-29  4.965966E-28  2.051531E-28  2.975166E-27
    422  2.542060864984E-01  1.104791E-30  2.268910E-30  1.959111E-30  2.702233E-29  1.049745E-28  6.796160E-28  2.735994E-28  4.025417E-27
    423  2.556901221114E-01  1.000000E-30  1.460182E-30  1.177674E-30  2.877954E-29  1.236087E-28  8.058631E-28  3.206991E-28  4.758000E-27
    424  2.570805114381E-01  1.000000E-30  1.271927E-30  1.020283E-30  3.295112E-29  1.447359E-28  9.492247E-28  3.731939E-28  5.578309E-27
    425  2.598984391343E-01  1.128396E-30  2.650401E-30  2.237341E-30  4.766091E-29  2.008890E-28  1.332556E-27  5.105025E-28  7.742906E-27
    426  2.622653138568E-01  1.000000E-30  2.161569E-30  1.762733E-30  6.070477E-29  2.650310E-28  1.775488E-27  6.665664E-28  1.023510E-26
    427  2.644885215151E-01  1.000000E-30  2.438990E-30  1.692358E-30  7.766439E-29  3.452346E-28  2.333688E-27  8.596435E-28  1.334950E-26
    428  2.667229470066E-01  1.000000E-30  2.367943E-30  1.716795E-30  1.005245E-28  4.517038E-28  3.080646E-27  1.113462E-27  1.748443E-26
    429  2.687894382327E-01  1.000000E-30  2.010051E-30  1.558728E-30  1.274877E-28  5.802632E-28  3.989674E-27  1.417335E-27  2.248233E-26
    430  2.709436570286E-01  1.000000E-30  2.335812E-30  1.628024E-30  1.649833E-28  7.547058E-28  5.232396E-27  1.825831E-27  2.926304E-26
    431  2.728595154549E-01  1.000000E-30  1.935741E-30  1.481382E-30  2.071934E-28  9.542176E-28  6.664149E-27  2.289288E-27  3.702429E-26
    432  2.763050324764E-01  1.437340E-30  3.414697E-30  2.763534E-30  3.182544E-28  1.458128E-27  1.031466E-26  3.445813E-27  5.661678E-26
    433  2.797281875476E-01  1.441160E-30  3.509570E-30  2.541106E-30  4.821744E-28  2.225213E-27  1.593941E-26  5.183797E-27  8.648306E-26
    434  2.831107064370E-01  1.438660E-30  3.654965E-30  2.557729E-30  7.287887E-28  3.386604E-27  2.455359E-26  7.781732E-27  1.317315E-25
    435  2.863632962154E-01  1.408358E-30  3.578308E-30  2.627067E-30  1.087961E-27  5.084708E-27  3.728615E-26  1.153501E-26  1.979280E-25
    436  2.894106333807E-01  1.268565E-30  3.260536E-30  2.489402E-30  1.587277E-27  7.458255E-27  5.526345E-26  1.672443E-26  2.905065E-25
    437  2.941185503109E-01  1.864370E-30  4.833884E-30  3.772214E-30  2.865933E-27  1.353060E-26  1.018321E-25  2.982438E-26  5.274711E-25
    438  2.983685787405E-01  1.733492E-30  5.425773E-30  4.060703E-30  4.892946E-27  2.323091E-26  1.772397E-25  5.046295E-26  9.063118E-25
    439  3.021949729112E-01  1.616044E-30  5.183170E-30  2.759965E-30  7.928348E-27  3.783606E-26  2.921287E-25  8.117563E-26  1.477100E-24
    440  3.059150641439E-01  1.592973E-30  5.216653E-30  2.797547E-30  1.267810E-26  6.080457E-26  4.747759E-25  1.289826E-25  2.375353E-24
    441  3.094680949786E-01  1.555620E-30  4.871055E-30  3.112883E-30  1.984044E-26  9.561684E-26  7.544324E-25  2.007821E-25  3.737767E-24
    442  3.127856926026E-01  1.359904E-30  4.367675E-30  2.855754E-30  3.011480E-26  1.458104E-25  1.161434E-24  3.034877E-25  5.703602E-24
    443  3.178598433803E-01  1.963844E-30  7.175125E-30  4.149353E-30  5.689350E-26  2.774314E-25  2.241021E-24  5.703952E-25  1.086389E-23
    444  3.224504526026E-01  1.837767E-30  5.521252E-30  3.822985E-30  1.009050E-25  4.953198E-25  4.050166E-24  1.008452E-24  1.941751E-23
    445  3.266870398371E-01  1.755681E-30  5.507572E-30  3.856360E-30  1.708256E-25  8.437164E-25  6.974150E-24  1.704327E-24  3.311300E-23
    446  3.305577136787E-01  1.494754E-30  5.069061E-30  3.312007E-30  2.758129E-25  1.369886E-24  1.143238E-23  2.750191E-24  5.382608E-23
    447  3.362681054783E-01  2.926393E-30  7.174227E-30  5.436712E-30  5.573761E-25  2.790635E-24  2.360705E-23  5.561993E-24  1.098683E-22
    448  3.414589872690E-01  1.966038E-30  7.658028E-30  3.914511E-30  1.053937E-24  5.313636E-24  4.548188E-23  1.054159E-23  2.096410E-22
    449  3.462773530350E-01  1.897667E-30  7.687141E-30  3.827362E-30  1.901191E-24  9.643138E-24  8.340675E-23  1.908184E-23  3.813129E-22
    450  3.508856189623E-01  1.874133E-30  7.571917E-30  5.112886E-30  3.342588E-24  1.704346E-23  1.488359E-22  3.369742E-23  6.755976E-22
    451  3.552628710565E-01  1.863491E-30  7.522875E-30  4.766093E-30  5.722631E-24  2.930865E-23  2.581990E-22  5.798861E-23  1.164848E-21
    452  3.595141079779E-01  1.880173E-30  7.484713E-30  5.464377E-30  9.682002E-24  4.977015E-23  4.420732E-22  9.868245E-23  1.983735E-21
    453  3.636744849418E-01  1.912803E-30  8.078721E-30  7.124766E-30  1.628734E-23  8.397174E-23  7.516720E-22  1.670778E-22  3.357351E-21
    454  3.676260234901E-01  1.957438E-30  9.244467E-30  9.771478E-30  2.685494E-23  1.387473E-22  1.250883E-21  2.773450E-22  5.565458E-21
    455  3.714655117309E-01  2.024695E-30  8.867589E-30  1.532262E-29  4.385613E-23  2.268901E-22  2.059325E-21  4.561506E-22  9.132610E-21
    456  3.752653942304E-01  1.513775E-30  8.066717E-30  2.247630E-29  7.133797E-23  3.692840E-22  3.373451E-21  7.475889E-22  1.491976E-20
    457  3.809506426681E-01  2.194459E-30  1.431524E-29  5.112076E-29  1.465058E-22  7.579074E-22  6.988480E-21  1.553958E-21  3.081147E-20
    458  3.865190953769E-01  2.733389E-30  1.892556E-29  1.122471E-28  2.906421E-22  1.499714E-21  1.395079E-20  3.122150E-21  6.138640E-20
    459  3.928522091207E-01  2.891077E-30  3.547298E-29  2.809947E-28  6.160539E-22  3.161516E-21  2.969482E-20  6.719926E-21  1.305448E-19
    460  3.991093841216E-01  4.012994E-30  7.867446E-29  7.208895E-28  1.264942E-21  6.437834E-21  6.102883E-20  1.401889E-20  2.684282E-19
    461  4.054183851758E-01  4.877244E-30  1.937492E-28  1.906347E-27  2.579091E-21  1.297568E-20  1.241252E-19  2.906148E-20  5.469846E-19
    462  4.147392755742E-01  1.472317E-29  7.997747E-28  8.262901E-27  7.333861E-21  3.604176E-20  3.493567E-19  8.476859E-20  1.547851E-18
    463  4.232199499949E-01  4.954397E-29  3.060860E-27  3.186362E-26  1.890237E-20  9.030754E-20  8.857957E-19  2.236738E-19  3.954508E-18
    464  4.316976825025E-01  1.728897E-28  1.166875E-26  1.224372E-25  4.841708E-20  2.232795E-19  2.216385E-18  5.865354E-19  9.994048E-18
    465  4.393401554526E-01  5.338923E-28  3.857394E-26  4.077674E-25  1.120326E-19  4.971092E-19  4.989803E-18  1.386183E-18  2.275265E-17
    466  4.465935084243E-01  1.529484E-27  1.178629E-25  1.256621E-24  2.453108E-19  1.043455E-18  1.058867E-17  3.095244E-18  4.888204E-17
    467  4.537106765818E-01  4.218942E-27  3.467302E-25  3.733130E-24  5.222343E-19  2.118727E-18  2.174404E-17  6.714377E-18  1.017739E-16
    468  4.602314649238E-01  1.050067E-26  9.172613E-25  9.977715E-24  1.029798E-18  3.980425E-18  4.129855E-17  1.346268E-17  1.960220E-16
    469  4.709552966107E-01  4.533018E-26  4.397830E-24  4.877927E-23  3.056356E-18  1.079097E-17  1.141676E-16  4.100854E-17  5.559729E-16
    470  4.769745726746E-01  1.009420E-25  1.041790E-23  1.169953E-22  5.535303E-18  1.847636E-17  1.978067E-16  7.530090E-17  9.784776E-16
    471  4.828178172001E-01  2.168256E-25  2.379422E-23  2.706812E-22  9.755786E-18  3.070855E-17  3.328495E-16  1.344107E-16  1.673152E-15
    472  4.927188450138E-01  7.708196E-25  9.415673E-23  1.096811E-21  2.496517E-17  7.052569E-17  7.821810E-16  3.508591E-16  4.046595E-15
    473  5.000000000000E-01  1.920014E-24  2.541842E-22  3.017389E-21  4.907368E-17  1.272632E-16  1.437750E-15  6.988857E-16  7.604147E-15
