 *                                      
 * expansion:  temp0=  1.000E+10 den0=  3.000E+06 temp_stop=  1.000E+07
 *          time                v66           v67           v68           v69           v70           v71           v72           cr42 
      1  0.000000000000E+00  1.000000E-30  1.000000E-30  1.000000E-30  1.000000E-30  1.000000E-30  1.000000E-30  1.000000E-30  1.000000E-30
      2  1.000000000000E-16  1.001059E-30  1.000000E-30  1.001364E-30  1.000000E-30  1.001515E-30  1.000000E-30  1.000000E-30  1.000000E-30
      3  6.264265632874E-16  1.006552E-30  1.000000E-30  1.008457E-30  1.000000E-30  1.009418E-30  1.000000E-30  1.000000E-30  1.000001E-30
      4  2.206990590178E-15  1.022220E-30  1.000000E-30  1.028887E-30  1.000000E-30  1.032437E-30  1.000000E-30  1.000000E-30  1.000032E-30
      5  6.425069294186E-15  1.058573E-30  1.000000E-30  1.077567E-30  1.000000E-30  1.088966E-30  1.000000E-30  1.000000E-30  1.000140E-30
      6  1.724777641531E-14  1.123829E-30  1.000000E-30  1.171051E-30  1.000000E-30  1.206153E-30  1.000000E-30  1.000000E-30  1.000000E-30
      7  4.527785414179E-14  1.193720E-30  1.000000E-30  1.288651E-30  1.000000E-30  1.383621E-30  1.000000E-30  1.000000E-30  1.000000E-30
      8  1.231582592127E-13  1.217053E-30  1.000000E-30  1.344300E-30  1.000000E-30  1.511341E-30  1.000000E-30  1.000000E-30  1.165293E-30
      9  4.001734798240E-13  1.216555E-30  1.000000E-30  1.346668E-30  1.000000E-30  1.526526E-30  1.000016E-30  1.000000E-30  1.000000E-30
     10  1.150918682670E-12  1.224952E-30  1.003889E-30  1.347959E-30  1.001965E-30  1.528734E-30  1.000113E-30  1.000356E-30  1.000000E-30
     11  2.802808442389E-12  1.204617E-30  1.009195E-30  1.349619E-30  1.000000E-30  1.502279E-30  1.000000E-30  1.000000E-30  1.000000E-30
     12  6.912921996243E-12  1.219222E-30  1.000000E-30  1.443978E-30  1.036194E-30  1.613088E-30  1.008344E-30  1.000000E-30  1.000000E-30
     13  1.659368270033E-11  1.000000E-30  1.000000E-30  1.000000E-30  1.000000E-30  1.000000E-30  1.000000E-30  1.000000E-30  1.000000E-30
     14  1.134012897413E-10  1.000000E-30  1.000000E-30  1.000000E-30  1.000000E-30  1.000000E-30  1.000000E-30  1.000000E-30  1.000000E-30
     15  1.081477360150E-09  1.000000E-30  1.000000E-30  1.000000E-30  1.000000E-30  1.000000E-30  1.000000E-30  1.000000E-30  1.000000E-30
     16  1.076223806424E-08  1.000000E-30  1.000000E-30  1.000000E-30  1.000000E-30  1.000000E-30  1.000000E-30  1.000000E-30  1.000000E-30
     17  6.834096797002E-08  1.000000E-30  1.000000E-30  1.000000E-30  1.000000E-30  1.000000E-30  1.000000E-30  1.000000E-30  1.000000E-30
     18  2.542122411654E-07  1.000000E-30  1.000000E-30  1.000000E-30  1.000000E-30  1.000000E-30  1.000000E-30  1.000000E-30  1.000000E-30
     19  7.007518887657E-07  1.000000E-30  1.000000E-30  1.000000E-30  1.000000E-30  1.000000E-30  1.000000E-30  1.000000E-30  1.000000E-30
     20  1.724661805125E-06  1.000000E-30  1.000000E-30  1.000000E-30  1.000000E-30  1.000000E-30  1.000000E-30  1.000000E-30  1.000000E-30
     21  4.267664185819E-06  1.000000E-30  1.000000E-30  1.000000E-30  1.000000E-30  1.000000E-30  1.000000E-30  1.000000E-30  1.000000E-30
     22  1.786211798807E-05  1.000000E-30  1.000000E-30  1.000000E-30  1.000000E-30  1.000000E-30  1.000000E-30  1.000000E-30  1.000000E-30
     23  6.929007850093E-05  1.000000E-30  1.000000E-30  1.000000E-30  1.000000E-30  1.000000E-30  1.000000E-30  1.000000E-30  1.000000E-30
     24  5.835696836295E-04  1.000000E-30  1.000000E-30  1.000000E-30  1.000000E-30  1.000000E-30  1.000000E-30  1.000000E-30  1.000000E-30
     25  1.496090518789E-03  1.000000E-30  1.000000E-30  1.000000E-30  1.000000E-30  1.000000E-30  1.000000E-30  1.000000E-30  1.000000E-30
     26  2.379765156362E-03  1.000000E-30  1.000000E-30  1.000000E-30  1.000000E-30  1.000000E-30  1.000000E-30  1.000000E-30  1.000000E-30
     27  3.772948503579E-03  1.000000E-30  1.000000E-30  1.000000E-30  1.000000E-30  1.000000E-30  1.000000E-30  1.000000E-30  1.000000E-30
     28  4.957278025650E-03  1.000000E-30  1.000000E-30  1.000000E-30  1.000000E-30  1.000000E-30  1.000000E-30  1.000000E-30  1.000000E-30
     29  5.758110286319E-03  1.000000E-30  1.000000E-30  1.000000E-30  1.000000E-30  1.000000E-30  1.000000E-30  1.000000E-30  1.000000E-30
     30  6.636115041812E-03  1.000000E-30  1.000000E-30  1.000000E-30  1.000000E-30  1.000000E-30  1.000000E-30  1.000000E-30  1.000000E-30
     31  7.490864585256E-03  1.000000E-30  1.000000E-30  1.000000E-30  1.000000E-30  1.000000E-30  1.000000E-30  1.000000E-30  1.000000E-30
     32  8.026631019591E-03  1.000000E-30  1.000000E-30  1.000000E-30  1.000000E-30  1.000000E-30  1.000000E-30  1.000000E-30  1.000000E-30
     33  8.451616658664E-03  1.000000E-30  1.000000E-30  1.000000E-30  1.000000E-30  1.000000E-30  1.000000E-30  1.000000E-30  1.000000E-30
     34  9.803471762980E-03  1.000000E-30  1.000000E-30  1.000000E-30  1.000000E-30  1.000000E-30  1.000000E-30  1.000000E-30  1.000000E-30
     35  1.116687552369E-02  1.000000E-30  1.000000E-30  1.000000E-30  1.000000E-30  1.000000E-30  1.000000E-30  1.000000E-30  1.000000E-30
     36  1.219012310682E-02  1.000000E-30  1.000000E-30  1.000000E-30  1.000000E-30  1.000000E-30  1.000000E-30  1.000000E-30  1.000000E-30
     37  1.314647137106E-02  1.000000E-30  1.000000E-30  1.000000E-30  1.000000E-30  1.000000E-30  1.000000E-30  1.000000E-30  1.000000E-30
     38  1.431720408173E-02  1.000000E-30  1.000000E-30  1.000000E-30  1.000000E-30  1.000000E-30  1.000000E-30  1.000000E-30  1.000000E-30
     39  1.545287753035E-02  1.000000E-30  1.000000E-30  1.000000E-30  1.000000E-30  1.000000E-30  1.000000E-30  1.000000E-30  1.000000E-30
     40  1.716820108076E-02  1.000000E-30  1.000000E-30  1.000000E-30  1.000000E-30  1.000000E-30  1.000000E-30  1.000000E-30  1.000000E-30
     41  1.871872199221E-02  1.000000E-30  1.000000E-30  1.000000E-30  1.000000E-30  1.000000E-30  1.000000E-30  1.000000E-30  1.000000E-30
     42  2.131412024987E-02  1.000000E-30  1.000000E-30  1.000000E-30  1.000000E-30  1.000000E-30  1.000000E-30  1.000000E-30  1.000000E-30
     43  2.288535686070E-02  1.000000E-30  1.000000E-30  1.000000E-30  1.000000E-30  1.000000E-30  1.000000E-30  1.000000E-30  1.000000E-30
     44  2.437102778700E-02  1.000000E-30  1.000000E-30  1.000000E-30  1.000000E-30  1.000000E-30  1.000000E-30  1.000000E-30  1.000000E-30
     45  2.666254430666E-02  1.000000E-30  1.000000E-30  1.000000E-30  1.000000E-30  1.000000E-30  1.000000E-30  1.000000E-30  1.000000E-30
     46  2.807329513827E-02  1.000000E-30  1.000000E-30  1.000000E-30  1.000000E-30  1.000000E-30  1.000000E-30  1.000000E-30  1.000000E-30
     47  2.946719119355E-02  1.000000E-30  1.000000E-30  1.000000E-30  1.000000E-30  1.000000E-30  1.000000E-30  1.000000E-30  1.000000E-30
     48  2.982466835475E-02  1.000000E-30  1.000000E-30  1.000000E-30  1.000000E-30  1.000000E-30  1.000000E-30  1.000000E-30  1.000000E-30
     49  3.017238950627E-02  1.000000E-30  1.000000E-30  1.000000E-30  1.000000E-30  1.000000E-30  1.000000E-30  1.000000E-30  1.000000E-30
     50  3.052509122072E-02  1.000000E-30  1.000000E-30  1.000000E-30  1.000000E-30  1.000000E-30  1.000000E-30  1.000000E-30  1.000000E-30
     51  3.066477686677E-02  1.000000E-30  1.000000E-30  1.000000E-30  1.000000E-30  1.000000E-30  1.000000E-30  1.000000E-30  1.000000E-30
     52  3.080037159611E-02  1.000000E-30  1.000000E-30  1.000000E-30  1.000000E-30  1.000000E-30  1.000000E-30  1.000000E-30  1.000000E-30
     53  3.111325257314E-02  1.000000E-30  1.000000E-30  1.000000E-30  1.000000E-30  1.000000E-30  1.000000E-30  1.000000E-30  1.000000E-30
     54  3.147800645819E-02  1.000000E-30  1.000000E-30  1.000000E-30  1.000000E-30  1.000000E-30  1.000000E-30  1.000000E-30  1.000000E-30
     55  3.181357346897E-02  1.000000E-30  1.000000E-30  1.000000E-30  1.000000E-30  1.000000E-30  1.000000E-30  1.000000E-30  1.000000E-30
     56  3.217197145871E-02  1.000000E-30  1.000000E-30  1.000000E-30  1.000000E-30  1.000000E-30  1.000000E-30  1.000000E-30  1.000000E-30
     57  3.249951277145E-02  1.000000E-30  1.000000E-30  1.000000E-30  1.000000E-30  1.000000E-30  1.000000E-30  1.000000E-30  1.000000E-30
     58  3.262595809504E-02  1.000000E-30  1.000000E-30  1.000000E-30  1.000000E-30  1.000000E-30  1.000000E-30  1.000000E-30  1.000000E-30
     59  3.272641576722E-02  1.000000E-30  1.000000E-30  1.000000E-30  1.000000E-30  1.000000E-30  1.000000E-30  1.000000E-30  1.000000E-30
     60  3.304841700500E-02  1.000000E-30  1.000000E-30  1.000000E-30  1.000000E-30  1.000000E-30  1.000000E-30  1.000000E-30  1.000000E-30
     61  3.362823507679E-02  1.000000E-30  1.000000E-30  1.000000E-30  1.000000E-30  1.000000E-30  1.000000E-30  1.000000E-30  1.000000E-30
     62  3.417743618412E-02  1.000000E-30  1.000000E-30  1.000000E-30  1.000000E-30  1.000000E-30  1.000000E-30  1.000000E-30  1.000000E-30
     63  3.448472684867E-02  1.000000E-30  1.000000E-30  1.000000E-30  1.000000E-30  1.000000E-30  1.000000E-30  1.000000E-30  1.000000E-30
     64  3.459225947862E-02  1.000000E-30  1.000000E-30  1.000000E-30  1.000000E-30  1.000000E-30  1.000000E-30  1.000000E-30  1.000000E-30
     65  3.468161085917E-02  1.000000E-30  1.000000E-30  1.000000E-30  1.000000E-30  1.000000E-30  1.000000E-30  1.000000E-30  1.000000E-30
     66  3.501586344154E-02  1.000000E-30  1.000000E-30  1.000000E-30  1.000000E-30  1.000000E-30  1.000000E-30  1.000000E-30  1.000000E-30
     67  3.563385967804E-02  1.000000E-30  1.000000E-30  1.000000E-30  1.000000E-30  1.000000E-30  1.000000E-30  1.000000E-30  1.000000E-30
     68  3.619390900501E-02  1.000000E-30  1.000000E-30  1.000000E-30  1.000000E-30  1.000000E-30  1.000000E-30  1.000000E-30  1.000000E-30
     69  3.661379630041E-02  1.000000E-30  1.000000E-30  1.000000E-30  1.000000E-30  1.000000E-30  1.000000E-30  1.000000E-30  1.000000E-30
     70  3.704099468238E-02  1.000000E-30  1.000000E-30  1.000000E-30  1.000000E-30  1.000000E-30  1.000000E-30  1.000000E-30  1.000000E-30
     71  3.731378163516E-02  1.000000E-30  1.000000E-30  1.000000E-30  1.000000E-30  1.000000E-30  1.000000E-30  1.000000E-30  1.000000E-30
     72  3.757630769329E-02  1.000000E-30  1.000000E-30  1.000000E-30  1.000000E-30  1.000000E-30  1.000000E-30  1.000000E-30  1.000000E-30
     73  3.788075418501E-02  1.000000E-30  1.000000E-30  1.000000E-30  1.000000E-30  1.000000E-30  1.000000E-30  1.000000E-30  1.000000E-30
     74  3.819794660071E-02  1.000000E-30  1.000000E-30  1.000000E-30  1.000000E-30  1.000000E-30  1.000000E-30  1.000000E-30  1.000000E-30
     75  3.838080203158E-02  1.000000E-30  1.000000E-30  1.000000E-30  1.000000E-30  1.000000E-30  1.000000E-30  1.000000E-30  1.000000E-30
     76  3.859219912978E-02  1.000000E-30  1.000000E-30  1.000000E-30  1.000000E-30  1.000000E-30  1.000000E-30  1.000000E-30  1.000000E-30
     77  3.884096228080E-02  1.000000E-30  1.000000E-30  1.000000E-30  1.000000E-30  1.000000E-30  1.000000E-30  1.000000E-30  1.000000E-30
     78  3.907668434759E-02  1.000000E-30  1.000000E-30  1.000000E-30  1.000000E-30  1.000000E-30  1.000000E-30  1.000000E-30  1.000000E-30
     79  3.934936577490E-02  1.000000E-30  1.000000E-30  1.000000E-30  1.000000E-30  1.000000E-30  1.000000E-30  1.000000E-30  1.000000E-30
     80  3.961640452516E-02  1.000000E-30  1.000000E-30  1.000000E-30  1.000000E-30  1.000000E-30  1.000000E-30  1.000000E-30  1.000000E-30
     81  3.991996766101E-02  1.000000E-30  1.000000E-30  1.000000E-30  1.000000E-30  1.000000E-30  1.000000E-30  1.000000E-30  1.000000E-30
     82  4.019473378510E-02  1.000000E-30  1.000000E-30  1.000000E-30  1.000000E-30  1.000000E-30  1.000000E-30  1.000000E-30  1.000000E-30
     83  4.046928694587E-02  1.000000E-30  1.000000E-30  1.000000E-30  1.000000E-30  1.000000E-30  1.000000E-30  1.000000E-30  1.000000E-30
     84  4.074955599116E-02  1.000000E-30  1.000000E-30  1.000000E-30  1.000000E-30  1.000000E-30  1.000000E-30  1.000000E-30  1.000000E-30
     85  4.099011663524E-02  1.000000E-30  1.000000E-30  1.000000E-30  1.000000E-30  1.000000E-30  1.000000E-30  1.000000E-30  1.000000E-30
     86  4.118445936105E-02  1.000000E-30  1.000000E-30  1.000000E-30  1.000000E-30  1.000000E-30  1.000000E-30  1.000000E-30  1.000000E-30
     87  4.137235583218E-02  1.000000E-30  1.000000E-30  1.000000E-30  1.000000E-30  1.000000E-30  1.000000E-30  1.000000E-30  1.000000E-30
     88  4.152714488067E-02  1.000000E-30  1.000000E-30  1.000000E-30  1.000000E-30  1.000000E-30  1.000000E-30  1.000000E-30  1.000000E-30
     89  4.165981986900E-02  1.000000E-30  1.000000E-30  1.000000E-30  1.000000E-30  1.000000E-30  1.000000E-30  1.000000E-30  1.000000E-30
     90  4.188596337322E-02  1.000000E-30  1.000000E-30  1.000000E-30  1.000000E-30  1.000000E-30  1.000000E-30  1.000000E-30  1.000000E-30
     91  4.208159634323E-02  1.000000E-30  1.000000E-30  1.000000E-30  1.000000E-30  1.000000E-30  1.000000E-30  1.000000E-30  1.000000E-30
     92  4.230932596557E-02  1.000000E-30  1.000000E-30  1.000000E-30  1.000000E-30  1.000000E-30  1.000000E-30  1.000000E-30  1.000000E-30
     93  4.251598135750E-02  1.000000E-30  1.000000E-30  1.000000E-30  1.000000E-30  1.000000E-30  1.000000E-30  1.000000E-30  1.000000E-30
     94  4.274368410830E-02  1.000000E-30  1.000000E-30  1.000000E-30  1.000000E-30  1.000000E-30  1.000000E-30  1.000000E-30  1.000000E-30
     95  4.294191711445E-02  1.000000E-30  1.000000E-30  1.000000E-30  1.000000E-30  1.000000E-30  1.000000E-30  1.000000E-30  1.000000E-30
     96  4.316569238790E-02  1.000000E-30  1.000000E-30  1.000000E-30  1.000000E-30  1.000000E-30  1.000000E-30  1.000000E-30  1.000000E-30
     97  4.339365876136E-02  1.000000E-30  1.000000E-30  1.000000E-30  1.000000E-30  1.000000E-30  1.000000E-30  1.000000E-30  1.000000E-30
     98  4.362382833621E-02  1.000000E-30  1.000000E-30  1.000000E-30  1.000000E-30  1.000000E-30  1.000000E-30  1.000000E-30  1.000000E-30
     99  4.384703699487E-02  1.000000E-30  1.000000E-30  1.000000E-30  1.000000E-30  1.000000E-30  1.000000E-30  1.000000E-30  1.000000E-30
    100  4.408801045744E-02  1.000000E-30  1.000000E-30  1.000000E-30  1.000000E-30  1.000000E-30  1.000000E-30  1.000000E-30  1.000000E-30
    101  4.430336182063E-02  1.000000E-30  1.000000E-30  1.000000E-30  1.000000E-30  1.000000E-30  1.000000E-30  1.000000E-30  1.000000E-30
    102  4.453208602613E-02  1.000000E-30  1.000000E-30  1.000000E-30  1.000000E-30  1.000000E-30  1.000000E-30  1.000000E-30  1.000000E-30
    103  4.474836808964E-02  1.000000E-30  1.000000E-30  1.000000E-30  1.000000E-30  1.000000E-30  1.000000E-30  1.000000E-30  1.000000E-30
    104  4.497736119052E-02  1.000000E-30  1.000000E-30  1.000000E-30  1.000000E-30  1.000000E-30  1.000000E-30  1.000000E-30  1.000000E-30
    105  4.517199675598E-02  1.000000E-30  1.000000E-30  1.000000E-30  1.000000E-30  1.000000E-30  1.000000E-30  1.000000E-30  1.000000E-30
    106  4.536038532241E-02  1.000000E-30  1.000000E-30  1.000000E-30  1.000000E-30  1.000000E-30  1.000000E-30  1.000000E-30  1.000000E-30
    107  4.552484255766E-02  1.000000E-30  1.000000E-30  1.000000E-30  1.000000E-30  1.000000E-30  1.000000E-30  1.000000E-30  1.000000E-30
    108  4.581275722245E-02  1.000000E-30  1.000000E-30  1.000000E-30  1.000000E-30  1.000000E-30  1.000000E-30  1.000000E-30  1.000000E-30
    109  4.603616864208E-02  1.000000E-30  1.000000E-30  1.000000E-30  1.000000E-30  1.000000E-30  1.000000E-30  1.000000E-30  1.000000E-30
    110  4.624194314299E-02  1.000000E-30  1.000000E-30  1.000000E-30  1.000000E-30  1.000000E-30  1.000000E-30  1.000000E-30  1.000000E-30
    111  4.641297951594E-02  1.000000E-30  1.000000E-30  1.000000E-30  1.000000E-30  1.000000E-30  1.000000E-30  1.000000E-30  1.000000E-30
    112  4.656990459822E-02  1.000000E-30  1.000000E-30  1.000000E-30  1.000000E-30  1.000000E-30  1.000000E-30  1.000000E-30  1.000000E-30
    113  4.671253119976E-02  1.000000E-30  1.000000E-30  1.000000E-30  1.000000E-30  1.000000E-30  1.000000E-30  1.000000E-30  1.000000E-30
    114  4.684580987606E-02  1.000000E-30  1.000000E-30  1.000000E-30  1.000000E-30  1.000000E-30  1.000000E-30  1.000000E-30  1.000000E-30
    115  4.697520204195E-02  1.000000E-30  1.000000E-30  1.000000E-30  1.000000E-30  1.000000E-30  1.000000E-30  1.000000E-30  1.000000E-30
    116  4.709649788536E-02  1.000000E-30  1.000000E-30  1.000000E-30  1.000000E-30  1.000000E-30  1.000000E-30  1.000000E-30  1.000000E-30
    117  4.721637454993E-02  1.000000E-30  1.000000E-30  1.000000E-30  1.000000E-30  1.000000E-30  1.000000E-30  1.000000E-30  1.000000E-30
    118  4.732862910872E-02  1.000000E-30  1.000000E-30  1.000000E-30  1.000000E-30  1.000000E-30  1.000000E-30  1.000000E-30  1.000000E-30
    119  4.750539400184E-02  1.000000E-30  1.000000E-30  1.000000E-30  1.000000E-30  1.000000E-30  1.000000E-30  1.000000E-30  1.000000E-30
    120  4.767210524850E-02  1.000000E-30  1.000000E-30  1.000000E-30  1.000000E-30  1.000000E-30  1.000000E-30  1.000000E-30  1.000000E-30
    121  4.783406579930E-02  1.000000E-30  1.000000E-30  1.000000E-30  1.000000E-30  1.000000E-30  1.000000E-30  1.000000E-30  1.000000E-30
    122  4.799263518131E-02  1.000000E-30  1.000000E-30  1.000000E-30  1.000000E-30  1.000000E-30  1.000000E-30  1.000000E-30  1.000000E-30
    123  4.815339657435E-02  1.000000E-30  1.000000E-30  1.000000E-30  1.000000E-30  1.000000E-30  1.000000E-30  1.000000E-30  1.000000E-30
    124  4.832264594384E-02  1.000000E-30  1.000000E-30  1.000000E-30  1.000000E-30  1.000000E-30  1.000000E-30  1.000000E-30  1.000000E-30
    125  4.849826454798E-02  1.000000E-30  1.000000E-30  1.000000E-30  1.000000E-30  1.000000E-30  1.000000E-30  1.000000E-30  1.000000E-30
    126  4.867786870736E-02  1.000000E-30  1.000000E-30  1.000000E-30  1.000000E-30  1.000000E-30  1.000000E-30  1.000000E-30  1.000000E-30
    127  4.885872256535E-02  1.000000E-30  1.000000E-30  1.000000E-30  1.000000E-30  1.000000E-30  1.000000E-30  1.000000E-30  1.000000E-30
    128  4.903755607841E-02  1.000000E-30  1.000000E-30  1.000000E-30  1.000000E-30  1.000000E-30  1.000000E-30  1.000000E-30  1.000000E-30
    129  4.921259737621E-02  1.000000E-30  1.000000E-30  1.000000E-30  1.000000E-30  1.000000E-30  1.000000E-30  1.000000E-30  1.000000E-30
    130  4.938368810460E-02  1.000000E-30  1.000000E-30  1.000000E-30  1.000000E-30  1.000000E-30  1.000000E-30  1.000000E-30  1.000000E-30
    131  4.955132280349E-02  1.000000E-30  1.000000E-30  1.000000E-30  1.000000E-30  1.000000E-30  1.000000E-30  1.000000E-30  1.000000E-30
    132  4.971624312404E-02  1.000000E-30  1.000000E-30  1.000000E-30  1.000000E-30  1.000000E-30  1.000000E-30  1.000000E-30  1.000000E-30
    133  4.987811857735E-02  1.000000E-30  1.000000E-30  1.000000E-30  1.000000E-30  1.000000E-30  1.000000E-30  1.000000E-30  1.000000E-30
    134  5.003799836445E-02  1.000000E-30  1.000000E-30  1.000000E-30  1.000000E-30  1.000000E-30  1.000000E-30  1.000000E-30  1.000000E-30
    135  5.019682549602E-02  1.000000E-30  1.000000E-30  1.000000E-30  1.000000E-30  1.000000E-30  1.000000E-30  1.000000E-30  1.000000E-30
    136  5.035511419132E-02  1.000000E-30  1.000000E-30  1.000000E-30  1.000000E-30  1.000000E-30  1.000000E-30  1.000000E-30  1.000000E-30
    137  5.051299755300E-02  1.000000E-30  1.000000E-30  1.000000E-30  1.000000E-30  1.000000E-30  1.000000E-30  1.000000E-30  1.000000E-30
    138  5.067010535678E-02  1.000000E-30  1.000000E-30  1.000000E-30  1.000000E-30  1.000000E-30  1.000000E-30  1.000000E-30  1.000000E-30
    139  5.082726902819E-02  1.000000E-30  1.000000E-30  1.000000E-30  1.000000E-30  1.000000E-30  1.000000E-30  1.000000E-30  1.000000E-30
    140  5.098506829486E-02  1.000000E-30  1.000000E-30  1.000000E-30  1.000000E-30  1.000000E-30  1.000000E-30  1.000000E-30  1.000000E-30
    141  5.114361869269E-02  1.000000E-30  1.000000E-30  1.000000E-30  1.000000E-30  1.000000E-30  1.000000E-30  1.000000E-30  1.000000E-30
    142  5.130328078870E-02  1.000000E-30  1.000000E-30  1.000000E-30  1.000000E-30  1.000000E-30  1.000000E-30  1.000000E-30  1.000000E-30
    143  5.146205644840E-02  1.000000E-30  1.000000E-30  1.000000E-30  1.000000E-30  1.000000E-30  1.000000E-30  1.000000E-30  1.000000E-30
    144  5.162089365231E-02  1.000000E-30  1.000000E-30  1.000000E-30  1.000000E-30  1.000000E-30  1.000000E-30  1.000000E-30  1.000000E-30
    145  5.177902725711E-02  1.000000E-30  1.000000E-30  1.000000E-30  1.000000E-30  1.000000E-30  1.000000E-30  1.000000E-30  1.000000E-30
    146  5.193558292952E-02  1.000000E-30  1.000000E-30  1.000000E-30  1.000000E-30  1.000000E-30  1.000000E-30  1.000000E-30  1.000000E-30
    147  5.207655208218E-02  1.000000E-30  1.000000E-30  1.000000E-30  1.000000E-30  1.000000E-30  1.000000E-30  1.000000E-30  1.000000E-30
    148  5.220437120847E-02  1.000000E-30  1.000000E-30  1.000000E-30  1.000000E-30  1.000000E-30  1.000000E-30  1.000000E-30  1.000000E-30
    149  5.240275279905E-02  1.000000E-30  1.000000E-30  1.000000E-30  1.000000E-30  1.000000E-30  1.000000E-30  1.000000E-30  1.000000E-30
    150  5.258707116153E-02  1.000000E-30  1.000000E-30  1.000000E-30  1.000000E-30  1.000000E-30  1.000000E-30  1.000000E-30  1.000000E-30
    151  5.276353482958E-02  1.032116E-30  1.000000E-30  1.000000E-30  1.000000E-30  1.000000E-30  1.000000E-30  1.000000E-30  1.000000E-30
    152  5.293536770993E-02  1.178333E-30  1.000000E-30  1.000000E-30  1.000000E-30  1.000000E-30  1.000000E-30  1.000000E-30  1.000000E-30
    153  5.310288915571E-02  1.327261E-30  1.000000E-30  1.000000E-30  1.000000E-30  1.000000E-30  1.000000E-30  1.000000E-30  1.000000E-30
    154  5.325369291828E-02  1.464232E-30  1.000000E-30  1.000000E-30  1.000000E-30  1.000000E-30  1.000000E-30  1.000000E-30  1.000000E-30
    155  5.339308966526E-02  1.590949E-30  1.000000E-30  1.000000E-30  1.000000E-30  1.000000E-30  1.000000E-30  1.000000E-30  1.000000E-30
    156  5.362726198018E-02  1.796602E-30  1.000000E-30  1.000000E-30  1.000000E-30  1.000000E-30  1.000000E-30  1.000000E-30  1.000000E-30
    157  5.383816121000E-02  1.967193E-30  1.000000E-30  1.000000E-30  1.000000E-30  1.000000E-30  1.000000E-30  1.000000E-30  1.000000E-30
    158  5.403768730975E-02  2.107180E-30  1.000000E-30  1.000000E-30  1.000000E-30  1.000000E-30  1.000000E-30  1.000000E-30  1.000000E-30
    159  5.422986619970E-02  2.217220E-30  1.000000E-30  1.000000E-30  1.000000E-30  1.000000E-30  1.000000E-30  1.000000E-30  1.000000E-30
    160  5.440569294967E-02  2.292556E-30  1.000000E-30  1.000000E-30  1.000000E-30  1.000000E-30  1.000000E-30  1.000000E-30  1.000000E-30
    161  5.456994612052E-02  2.339622E-30  1.000000E-30  1.000000E-30  1.000000E-30  1.000000E-30  1.000000E-30  1.000000E-30  1.000000E-30
    162  5.485681963417E-02  2.363174E-30  1.000000E-30  1.000000E-30  1.000000E-30  1.000000E-30  1.000000E-30  1.000000E-30  1.000000E-30
    163  5.511708850657E-02  2.327984E-30  1.000000E-30  1.000000E-30  1.000000E-30  1.000000E-30  1.000000E-30  1.000000E-30  1.000000E-30
    164  5.536560227933E-02  2.249489E-30  1.000000E-30  1.000000E-30  1.000000E-30  1.000000E-30  1.000000E-30  1.000000E-30  1.000000E-30
    165  5.559867087093E-02  2.139902E-30  1.000000E-30  1.000000E-30  1.000000E-30  1.000000E-30  1.000000E-30  1.000000E-30  1.000000E-30
    166  5.582344501454E-02  2.008963E-30  1.000000E-30  1.000000E-30  1.000000E-30  1.000000E-30  1.000000E-30  1.000000E-30  1.000000E-30
    167  5.608267729631E-02  1.837264E-30  1.000000E-30  1.000000E-30  1.000000E-30  1.000000E-30  1.000000E-30  1.000000E-30  1.000000E-30
    168  5.632179590432E-02  1.668915E-30  1.000000E-30  1.000000E-30  1.000000E-30  1.000000E-30  1.000000E-30  1.000000E-30  1.000000E-30
    169  5.658568452696E-02  1.480821E-30  1.000000E-30  1.000000E-30  1.000000E-30  1.000000E-30  1.000000E-30  1.000000E-30  1.000000E-30
    170  5.682194908758E-02  1.316925E-30  1.000000E-30  1.000000E-30  1.000000E-30  1.000000E-30  1.000000E-30  1.000000E-30  1.000000E-30
    171  5.707748662895E-02  1.149512E-30  1.000000E-30  1.000000E-30  1.000000E-30  1.000000E-30  1.000000E-30  1.000000E-30  1.000000E-30
    172  5.730159219632E-02  1.013752E-30  1.000000E-30  1.000000E-30  1.000000E-30  1.000000E-30  1.000000E-30  1.000000E-30  1.000000E-30
    173  5.769211250520E-02  1.000000E-30  1.000000E-30  1.000000E-30  1.000000E-30  1.000000E-30  1.000000E-30  1.000000E-30  1.000000E-30
    174  5.804755660481E-02  1.000000E-30  1.000000E-30  1.000000E-30  1.000000E-30  1.000000E-30  1.000000E-30  1.000000E-30  1.000000E-30
    175  5.837706807704E-02  1.000000E-30  1.000000E-30  1.000000E-30  1.000000E-30  1.000000E-30  1.000000E-30  1.000000E-30  1.000000E-30
    176  5.868213309337E-02  1.000000E-30  1.000000E-30  1.000000E-30  1.000000E-30  1.000000E-30  1.000000E-30  1.000000E-30  1.000000E-30
    177  5.897372529375E-02  1.000000E-30  1.000000E-30  1.000000E-30  1.000000E-30  1.000000E-30  1.000000E-30  1.000000E-30  1.000000E-30
    178  5.927019313219E-02  1.000000E-30  1.000000E-30  1.000000E-30  1.000000E-30  1.000000E-30  1.000000E-30  1.000000E-30  1.000000E-30
    179  5.955970264735E-02  1.000000E-30  1.000000E-30  1.000000E-30  1.000000E-30  1.000000E-30  1.000000E-30  1.000000E-30  1.000000E-30
    180  5.987296131417E-02  1.000000E-30  1.000000E-30  1.000000E-30  1.000000E-30  1.000000E-30  1.000000E-30  1.000000E-30  1.000000E-30
    181  6.018239261751E-02  1.000000E-30  1.000000E-30  1.000000E-30  1.000000E-30  1.000000E-30  1.000000E-30  1.000000E-30  1.000000E-30
    182  6.051941164510E-02  1.000000E-30  1.000000E-30  1.000000E-30  1.000000E-30  1.000000E-30  1.000000E-30  1.000000E-30  1.000000E-30
    183  6.081686890997E-02  1.000000E-30  1.000000E-30  1.000000E-30  1.000000E-30  1.000000E-30  1.000000E-30  1.000000E-30  1.000000E-30
    184  6.107970107709E-02  1.000000E-30  1.000000E-30  1.000000E-30  1.000000E-30  1.000000E-30  1.000000E-30  1.000000E-30  1.000000E-30
    185  6.149099227918E-02  1.000000E-30  1.000000E-30  1.000000E-30  1.000000E-30  1.000000E-30  1.000000E-30  1.000000E-30  1.000000E-30
    186  6.184187848266E-02  1.000000E-30  1.000000E-30  1.000000E-30  1.000000E-30  1.000000E-30  1.000000E-30  1.000000E-30  1.000000E-30
    187  6.212841772032E-02  1.000000E-30  1.000000E-30  1.000000E-30  1.000000E-30  1.000000E-30  1.000000E-30  1.000000E-30  1.000000E-30
    188  6.241083345826E-02  1.148429E-30  1.000000E-30  1.000000E-30  1.000000E-30  1.000000E-30  1.000000E-30  1.000000E-30  1.000000E-30
    189  6.286334795077E-02  1.644927E-30  1.000000E-30  1.000000E-30  1.000000E-30  1.000000E-30  1.000000E-30  1.000000E-30  1.000000E-30
    190  6.324448148531E-02  2.231256E-30  1.000000E-30  1.000000E-30  1.000000E-30  1.000000E-30  1.000000E-30  1.000000E-30  1.000000E-30
    191  6.354755735680E-02  2.842379E-30  1.000000E-30  1.000000E-30  1.000000E-30  1.000000E-30  1.000000E-30  1.000000E-30  1.000000E-30
    192  6.382753282149E-02  3.553360E-30  1.000000E-30  1.000000E-30  1.000000E-30  1.000000E-30  1.000000E-30  1.000000E-30  1.000000E-30
    193  6.429792763326E-02  5.163186E-30  1.000000E-30  1.000000E-30  1.000000E-30  1.000000E-30  1.000000E-30  1.000000E-30  1.000000E-30
    194  6.470641913937E-02  7.135392E-30  1.000000E-30  1.000000E-30  1.000000E-30  1.000000E-30  1.000000E-30  1.000000E-30  1.000000E-30
    195  6.514351188605E-02  1.007652E-29  1.000000E-30  1.000000E-30  1.000000E-30  1.000000E-30  1.000000E-30  1.000000E-30  1.000000E-30
    196  6.551961572666E-02  1.355599E-29  1.000000E-30  1.000000E-30  1.000000E-30  1.000000E-30  1.000000E-30  1.000000E-30  1.000000E-30
    197  6.614173306661E-02  2.212737E-29  1.000000E-30  1.000000E-30  1.000000E-30  1.000000E-30  1.000000E-30  1.000000E-30  1.000000E-30
    198  6.666431851744E-02  3.344946E-29  1.000000E-30  1.000000E-30  1.000000E-30  1.000000E-30  1.000000E-30  1.000000E-30  1.000000E-30
    199  6.714973898932E-02  4.915028E-29  1.000000E-30  1.000000E-30  1.000000E-30  1.000000E-30  1.000000E-30  1.000000E-30  1.000000E-30
    200  6.763365269933E-02  7.221215E-29  1.000000E-30  1.000000E-30  1.000000E-30  1.000000E-30  1.000000E-30  1.000000E-30  1.000000E-30
    201  6.810748363549E-02  1.053809E-28  1.000000E-30  1.000000E-30  1.000000E-30  1.000000E-30  1.000000E-30  1.000000E-30  1.000000E-30
    202  6.886988901479E-02  1.942869E-28  1.000000E-30  1.000000E-30  1.000000E-30  1.000000E-30  1.000000E-30  1.000000E-30  1.000000E-30
    203  6.932442343830E-02  2.798213E-28  1.000000E-30  1.000000E-30  1.000000E-30  1.000000E-30  1.000000E-30  1.000000E-30  1.000000E-30
    204  6.977291475786E-02  4.019874E-28  1.268912E-30  1.000000E-30  1.000000E-30  1.000000E-30  1.000000E-30  1.000000E-30  1.000000E-30
    205  7.051837306122E-02  7.357079E-28  2.460822E-30  1.000000E-30  1.000000E-30  1.000000E-30  1.000000E-30  1.000000E-30  1.000000E-30
    206  7.120724846930E-02  1.288452E-27  4.516215E-30  1.000000E-30  1.000000E-30  1.000000E-30  1.000000E-30  1.000000E-30  1.000000E-30
    207  7.185571854523E-02  2.185971E-27  8.007704E-30  1.000000E-30  1.000000E-30  1.000000E-30  1.000000E-30  1.000000E-30  1.000000E-30
    208  7.250556240022E-02  3.715647E-27  1.422815E-29  1.000000E-30  1.000000E-30  1.000000E-30  1.000000E-30  1.000000E-30  1.000000E-30
    209  7.308358088908E-02  5.965811E-27  2.377621E-29  1.000000E-30  1.000000E-30  1.000000E-30  1.000000E-30  1.000000E-30  1.000000E-30
    210  7.365083251161E-02  9.502930E-27  3.940176E-29  1.000000E-30  1.000000E-30  1.000000E-30  1.000000E-30  1.000000E-30  1.000000E-30
    211  7.420607479025E-02  1.499767E-26  6.465705E-29  1.000000E-30  1.000000E-30  1.000000E-30  1.000000E-30  1.000000E-30  1.000000E-30
    212  7.477269193766E-02  2.390759E-26  1.072816E-28  1.000000E-30  1.000000E-30  1.000000E-30  1.000000E-30  1.000000E-30  1.000000E-30
    213  7.532671922740E-02  3.776025E-26  1.762596E-28  1.000000E-30  1.000000E-30  1.000000E-30  1.000000E-30  1.000000E-30  1.000000E-30
    214  7.590819975934E-02  6.106647E-26  2.971803E-28  1.000000E-30  1.000000E-30  1.000000E-30  1.000000E-30  1.000000E-30  1.000000E-30
    215  7.648106882397E-02  9.817084E-26  4.979159E-28  1.000000E-30  1.000000E-30  1.000000E-30  1.000000E-30  1.000000E-30  1.000000E-30
    216  7.706864365518E-02  1.600147E-25  8.469869E-28  1.000000E-30  1.000000E-30  1.000000E-30  1.000000E-30  1.000000E-30  1.000000E-30
    217  7.765097184480E-02  2.601843E-25  1.437153E-27  1.000000E-30  1.000000E-30  1.000000E-30  1.000000E-30  1.000000E-30  1.000000E-30
    218  7.824188421090E-02  4.269922E-25  2.463511E-27  1.000000E-30  1.000000E-30  1.000000E-30  1.000000E-30  1.000000E-30  1.000000E-30
    219  7.883216312169E-02  7.019642E-25  4.231172E-27  1.000000E-30  1.000000E-30  1.000000E-30  1.000000E-30  1.000000E-30  1.000000E-30
    220  7.934760137230E-02  1.086289E-24  6.804509E-27  1.020483E-30  1.000000E-30  1.000000E-30  1.000000E-30  1.000000E-30  1.000000E-30
    221  7.991019390762E-02  1.753955E-24  1.146048E-26  1.743438E-30  1.000000E-30  1.000000E-30  1.000000E-30  1.000000E-30  1.000000E-30
    222  8.044081450283E-02  2.763602E-24  1.879555E-26  2.896804E-30  1.000000E-30  1.000000E-30  1.000000E-30  1.000000E-30  1.000000E-30
    223  8.103419684334E-02  4.613185E-24  3.282025E-26  5.133076E-30  1.000000E-30  1.000000E-30  1.000000E-30  1.000000E-30  1.000000E-30
    224  8.158988408622E-02  7.486198E-24  5.557048E-26  8.812278E-30  1.000000E-30  1.000000E-30  1.000000E-30  1.000000E-30  1.000000E-30
    225  8.219791245697E-02  1.277429E-23  9.936244E-26  1.599875E-29  1.000000E-30  1.000000E-30  1.000000E-30  1.000000E-30  1.000000E-30
    226  8.273529679330E-02  2.058265E-23  1.668949E-25  2.723950E-29  1.000000E-30  1.000000E-30  1.000000E-30  1.000000E-30  1.000000E-30
    227  8.327310875316E-02  3.334014E-23  2.818974E-25  4.664305E-29  1.000000E-30  1.000000E-30  1.000000E-30  1.000000E-30  1.000000E-30
    228  8.381967664174E-02  5.468180E-23  4.825705E-25  8.097296E-29  1.000000E-30  1.000000E-30  1.000000E-30  1.000000E-30  1.000000E-30
    229  8.442137901789E-02  9.473073E-23  8.766238E-25  1.493985E-28  1.000000E-30  1.000000E-30  1.000000E-30  1.000000E-30  1.000000E-30
    230  8.496109010092E-02  1.558067E-22  1.504947E-24  2.601157E-28  1.000000E-30  1.000000E-30  1.000000E-30  1.000000E-30  1.000000E-30
    231  8.556251684447E-02  2.721580E-22  2.758238E-24  4.843377E-28  1.825956E-30  1.000000E-30  1.000000E-30  1.000000E-30  1.000000E-30
    232  8.609514523980E-02  4.468479E-22  4.727030E-24  8.418736E-28  3.311907E-30  1.000000E-30  1.000000E-30  1.000000E-30  1.000000E-30
    233  8.668730402486E-02  7.763466E-22  8.616297E-24  1.559078E-27  6.432411E-30  1.000000E-30  1.000000E-30  1.000000E-30  1.000000E-30
    234  8.725638446658E-02  1.319633E-21  1.534188E-23  2.819070E-27  1.217895E-29  1.000000E-30  1.000000E-30  1.000000E-30  1.000000E-30
    235  8.784892152766E-02  2.286732E-21  2.791117E-23  5.212238E-27  2.363191E-29  1.000000E-30  1.000000E-30  1.000000E-30  1.000000E-30
    236  8.837914431516E-02  3.727145E-21  4.753124E-23  9.006598E-27  4.265073E-29  1.000000E-30  1.000000E-30  1.000000E-30  1.000000E-30
    237  8.927467123273E-02  8.427067E-21  1.158051E-22  2.249721E-26  1.147268E-28  1.000000E-30  1.000000E-30  1.000000E-30  1.000000E-30
    238  9.009385267910E-02  1.748324E-20  2.573570E-22  5.115883E-26  2.792825E-28  1.000000E-30  1.000000E-30  1.000000E-30  1.000000E-30
    239  9.088007009323E-02  3.471070E-20  5.462525E-22  1.110467E-25  6.477957E-28  1.000000E-30  1.000000E-30  1.000000E-30  1.000000E-30
    240  9.160938796651E-02  6.465021E-20  1.083078E-21  2.248532E-25  1.395689E-27  1.000000E-30  1.000000E-30  1.000000E-30  1.000000E-30
    241  9.231864750676E-02  1.169965E-19  2.084068E-21  4.417010E-25  2.914015E-27  1.000000E-30  1.000000E-30  1.000000E-30  1.000000E-30
    242  9.335415502949E-02  2.745729E-19  5.352294E-21  1.169415E-24  8.435465E-27  1.000000E-30  1.000000E-30  1.000000E-30  1.000000E-30
    243  9.429165011748E-02  5.938403E-19  1.257278E-20  2.824993E-24  2.211968E-26  1.000000E-30  1.000000E-30  1.000000E-30  1.000000E-30
    244  9.514750284226E-02  1.221307E-18  2.790966E-20  6.435988E-24  5.436316E-26  2.202719E-30  1.000000E-30  1.000000E-30  1.000000E-30
    245  9.592869681963E-02  2.422570E-18  5.939544E-20  1.402913E-23  1.270670E-25  5.205082E-30  1.000000E-30  1.000000E-30  1.000000E-30
    246  9.638259128200E-02  3.668097E-18  9.371674E-20  2.244989E-23  2.118373E-25  8.719623E-30  1.000000E-30  1.000000E-30  1.000000E-30
    247  9.686466198075E-02  5.783541E-18  1.543977E-19  3.754636E-23  3.700684E-25  1.531223E-29  1.000000E-30  1.000000E-30  1.000000E-30
    248  9.745016881397E-02  1.026853E-17  2.892440E-19  7.164604E-23  7.447953E-25  3.101593E-29  1.000000E-30  1.000000E-30  1.000000E-30
    249  9.798964068785E-02  1.777291E-17  5.261762E-19  1.325859E-22  1.448080E-24  6.066750E-29  1.000000E-30  1.000000E-30  1.000000E-30
    250  9.892639389759E-02  4.789022E-17  1.546907E-18  4.016921E-22  4.783321E-24  2.025505E-28  1.000000E-30  1.000000E-30  1.000000E-30
    251  9.977784733458E-02  1.212981E-16  4.244783E-18  1.133296E-21  1.461167E-23  6.249455E-28  1.464288E-30  1.000000E-30  1.000000E-30
    252  1.005622893962E-01  2.895866E-16  1.091818E-17  2.991560E-21  4.153166E-23  1.793146E-27  4.568187E-30  1.000000E-30  1.000000E-30
    253  1.013070552067E-01  6.632406E-16  2.685701E-17  7.544520E-21  1.124351E-22  4.899074E-27  1.320628E-29  1.000000E-30  1.000000E-30
    254  1.019791947326E-01  1.397393E-15  6.038208E-17  1.735223E-20  2.758177E-22  1.211969E-26  3.437417E-29  1.000000E-30  1.000000E-30
    255  1.025982572428E-01  2.762092E-15  1.267664E-16  3.720817E-20  6.279022E-22  2.780935E-26  8.268485E-29  1.000000E-30  1.000000E-30
    256  1.032644197032E-01  5.695267E-15  2.790259E-16  8.380326E-20  1.508915E-21  6.740870E-26  2.109379E-28  1.000000E-30  1.000000E-30
    257  1.039121745974E-01  1.137785E-14  5.942697E-16  1.825602E-19  3.502651E-21  1.578200E-25  5.192400E-28  1.000000E-30  1.000000E-30
    258  1.045193471709E-01  2.149274E-14  1.192496E-15  3.742483E-19  7.624338E-21  3.463430E-25  1.194742E-27  1.000000E-30  1.000000E-30
    259  1.051181778144E-01  3.963448E-14  2.335037E-15  7.485723E-19  1.618612E-20  7.412965E-25  2.680302E-27  1.000000E-30  1.000000E-30
    260  1.056826419982E-01  6.945961E-14  4.331808E-15  1.417067E-18  3.242156E-20  1.496483E-24  5.657677E-27  1.000000E-30  1.000000E-30
    261  1.062431336111E-01  1.192913E-13  7.874998E-15  2.628832E-18  6.364060E-20  2.960623E-24  1.170363E-26  1.000000E-30  1.000000E-30
    262  1.068146627648E-01  2.030149E-13  1.420737E-14  4.842426E-18  1.242213E-19  5.825970E-24  2.410921E-26  1.000000E-30  1.000000E-30
    263  1.073656177930E-01  3.321021E-13  2.459420E-14  8.553847E-18  2.321093E-19  1.097245E-23  4.746775E-26  1.663683E-30  1.000000E-30
    264  1.079139362418E-01  5.313605E-13  4.164502E-14  1.478071E-17  4.242903E-19  2.021794E-23  9.144074E-26  3.232573E-30  1.000000E-30
    265  1.084202130578E-01  8.049952E-13  6.649947E-14  2.405116E-17  7.274343E-19  3.492210E-23  1.646022E-25  5.868261E-30  1.000000E-30
    266  1.089957947327E-01  1.262928E-12  1.107980E-13  4.094735E-17  1.314703E-18  6.365785E-23  3.145557E-25  1.132324E-29  1.000000E-30
    267  1.095139929398E-01  1.858504E-12  1.721776E-13  6.488955E-17  2.199223E-18  1.073198E-22  5.534776E-25  2.009953E-29  1.000000E-30
    268  1.100036617482E-01  2.637331E-12  2.573163E-13  9.880051E-17  3.525223E-18  1.733142E-22  9.309170E-25  3.409030E-29  1.000000E-30
    269  1.105581599754E-01  3.852670E-12  3.987292E-13  1.563896E-16  5.916598E-18  2.933810E-22  1.650545E-24  6.102427E-29  1.000000E-30
    270  1.111738162549E-01  5.754105E-12  6.360868E-13  2.555035E-16  1.032015E-17  5.166906E-22  3.061383E-24  1.144090E-28  1.000000E-30
    271  1.117276452796E-01  8.131823E-12  9.542376E-13  3.916828E-16  1.678706E-17  8.478957E-22  5.265075E-24  1.986994E-28  1.000000E-30
    272  1.122547306619E-01  1.116896E-11  1.387773E-12  5.815955E-16  2.638340E-17  1.343980E-21  8.729353E-24  3.325574E-28  1.000000E-30
    273  1.128196390807E-01  1.551182E-11  2.049988E-12  8.786422E-16  4.237641E-17  2.178734E-21  1.485460E-23  5.717195E-28  1.000000E-30
    274  1.134172103791E-01  2.170988E-11  3.063851E-12  1.345071E-15  6.924476E-17  3.595685E-21  2.581534E-23  1.004497E-27  1.000000E-30
    275  1.139661173569E-01  2.931762E-11  4.396619E-12  1.973560E-15  1.079190E-16  5.656051E-21  4.259608E-23  1.674374E-27  1.000000E-30
    276  1.145721141816E-01  4.049018E-11  6.496013E-12  2.989030E-15  1.747803E-16  9.255696E-21  7.350868E-23  2.922439E-27  1.000000E-30
    277  1.151138636995E-01  5.366322E-11  9.148168E-12  4.304393E-15  2.673377E-16  1.429078E-20  1.190546E-22  4.781914E-27  1.000000E-30
    278  1.160623872824E-01  8.680491E-11  1.647234E-11  8.062876E-15  5.570225E-16  3.027824E-20  2.744508E-22  1.122556E-26  1.000000E-30
    279  1.166131253687E-01  1.139985E-10  2.303462E-11  1.153985E-14  8.485860E-16  4.658579E-20  4.437116E-22  1.834423E-26  1.000000E-30
    280  1.171578902390E-01  1.486213E-10  3.196600E-11  1.638921E-14  1.282353E-15  7.109971E-20  7.113836E-22  2.972677E-26  1.000000E-30
    281  1.179966344325E-01  2.220827E-10  5.262879E-11  2.797197E-14  2.409909E-15  1.357024E-19  1.465551E-21  6.227014E-26  1.000000E-30
    282  1.184626561866E-01  2.766240E-10  6.920852E-11  3.753454E-14  3.412983E-15  1.938736E-19  2.185427E-21  9.373253E-26  1.000000E-30
    283  1.189221956404E-01  3.426835E-10  9.047022E-11  5.005918E-14  4.801589E-15  2.751382E-19  3.235869E-21  1.400851E-25  1.000000E-30
    284  1.197605220964E-01  5.039921E-10  1.468757E-10  8.432535E-14  8.922989E-15  5.196026E-19  6.606500E-21  2.909621E-25  1.000000E-30
    285  1.205341475296E-01  7.152438E-10  2.285212E-10  1.358010E-13  1.574560E-14  9.308721E-19  1.272707E-20  5.696112E-25  1.000000E-30
    286  1.212540834288E-01  9.858647E-10  3.433765E-10  2.107769E-13  2.662793E-14  1.596902E-18  2.337311E-20  1.062056E-24  1.000000E-30
    287  1.219299358624E-01  1.327140E-09  5.015686E-10  3.174867E-13  4.350054E-14  2.644531E-18  4.128564E-20  1.903174E-24  1.000000E-30
    288  1.225766858039E-01  1.756855E-09  7.183028E-10  4.683667E-13  6.939294E-14  4.274670E-18  7.101507E-20  3.319492E-24  1.000000E-30
    289  1.231854533608E-01  2.280172E-09  1.004438E-09  6.736482E-13  1.074894E-13  6.705276E-18  1.181588E-19  5.596683E-24  1.000000E-30
    290  1.237219182154E-01  2.861372E-09  1.346612E-09  9.260009E-13  1.577959E-13  9.954342E-18  1.848245E-19  8.857833E-24  1.000000E-30
    291  1.242404039059E-01  3.554070E-09  1.783570E-09  1.256692E-12  2.282721E-13  1.455861E-17  2.843983E-19  1.378688E-23  1.000000E-30
    292  1.248086455930E-01  4.493633E-09  2.420513E-09  1.751924E-12  3.414399E-13  2.204153E-17  4.553766E-19  2.235647E-23  1.000000E-30
    293  1.253177247642E-01  5.531095E-09  3.175729E-09  2.354936E-12  4.890464E-13  3.191814E-17  6.935699E-19  3.444160E-23  1.000000E-30
    294  1.258810647447E-01  6.938673E-09  4.277146E-09  3.258560E-12  7.262333E-13  4.798285E-17  1.102917E-18  5.547172E-23  1.000000E-30
    295  1.264205598797E-01  8.593434E-09  5.672114E-09  4.435476E-12  1.058111E-12  7.074459E-17  1.716561E-18  8.740472E-23  1.000000E-30
    296  1.270317883483E-01  1.091064E-08  7.785872E-09  6.272419E-12  1.617064E-12  1.095958E-16  2.828628E-18  1.460718E-22  1.000000E-30
    297  1.275757308169E-01  1.344709E-08  1.029030E-08  8.514453E-12  2.353068E-12  1.614421E-16  4.403725E-18  2.303055E-22  1.000000E-30
    298  1.286048671531E-01  1.977383E-08  1.728811E-08  1.505449E-11  4.749915E-12  3.336444E-16  1.011352E-17  5.418910E-22  1.000000E-30
    299  1.290949488661E-01  2.365701E-08  2.205181E-08  1.968131E-11  6.618790E-12  4.702462E-16  1.499690E-17  8.130119E-22  1.000000E-30
    300  1.295345101683E-01  2.770728E-08  2.736187E-08  2.496908E-11  8.893508E-12  6.384058E-16  2.131282E-17  1.167698E-21  1.000000E-30
    301  1.303954523490E-01  3.745165E-08  4.144149E-08  3.951467E-11  1.576113E-11  1.154761E-15  4.218903E-17  2.360360E-21  1.000000E-30
    302  1.308549873199E-01  4.379590E-08  5.152180E-08  5.030240E-11  2.132524E-11  1.579813E-15  6.059130E-17  3.428470E-21  1.000000E-30
    303  1.312776310019E-01  5.042194E-08  6.276964E-08  6.264017E-11  2.809424E-11  2.102743E-15  8.434904E-17  4.822995E-21  1.000000E-30
    304  1.320787884157E-01  6.526969E-08  9.051107E-08  9.418370E-11  4.703052E-11  3.590017E-15  1.568797E-16  9.151727E-21  1.000000E-30
    305  1.327308179063E-01  7.979578E-08  1.208959E-07  1.302023E-10  7.100471E-11  5.508784E-15  2.582444E-16  1.531540E-20  1.000000E-30
    306  1.333821207310E-01  9.666874E-08  1.601044E-07  1.785089E-10  1.063768E-10  8.389704E-15  4.221159E-16  2.545406E-20  1.000000E-30
    307  1.339749669338E-01  1.141231E-07  2.050748E-07  2.360370E-10  1.525566E-10  1.221505E-14  6.557065E-16  4.014900E-20  1.000000E-30
    308  1.345530840576E-01  1.330946E-07  2.590984E-07  3.076855E-10  2.153628E-10  1.750268E-14  1.001214E-15  6.223343E-20  1.000000E-30
    309  1.351098094661E-01  1.531540E-07  3.222082E-07  3.944106E-10  2.982480E-10  2.459268E-14  1.496228E-15  9.437125E-20  1.000000E-30
    310  1.359304916944E-01  1.856007E-07  4.381243E-07  5.610474E-10  4.757961E-10  4.009038E-14  2.672736E-15  1.722828E-19  1.000000E-30
    311  1.363572082699E-01  2.036766E-07  5.106571E-07  6.695781E-10  6.029642E-10  5.138661E-14  3.594034E-15  2.343308E-19  1.000000E-30
    312  1.367788244083E-01  2.222558E-07  5.916260E-07  7.941867E-10  7.591302E-10  6.543193E-14  4.799374E-15  3.164907E-19  1.000000E-30
    313  1.375777712339E-01  2.588226E-07  7.722582E-07  1.084245E-09  1.161152E-09  1.022763E-13  8.214187E-15  5.535571E-19  1.000000E-30
    314  1.380438267916E-01  2.806432E-07  8.953546E-07  1.290688E-09  1.477585E-09  1.318229E-13  1.116669E-14  7.622065E-19  1.000000E-30
    315  1.384690951451E-01  3.007024E-07  1.020165E-06  1.506663E-09  1.833750E-09  1.655324E-13  1.472455E-14  1.016917E-18  1.000000E-30
    316  1.391087445178E-01  3.306684E-07  1.231142E-06  1.886193E-09  2.518511E-09  2.314382E-13  2.216704E-14  1.558381E-18  1.000000E-30
    317  1.397002518981E-01  3.576351E-07  1.451800E-06  2.301625E-09  3.349697E-09  3.129952E-13  3.211393E-14  2.295433E-18  1.000000E-30
    318  1.402705851668E-01  3.825307E-07  1.688743E-06  2.767687E-09  4.379124E-09  4.158821E-13  4.561669E-14  3.313602E-18  1.000000E-30
    319  1.408634912375E-01  4.068464E-07  1.960990E-06  3.327660E-09  5.746820E-09  5.551540E-13  6.530129E-14  4.824392E-18  1.000000E-30
    320  1.414089642241E-01  4.273603E-07  2.234171E-06  3.915459E-09  7.332096E-09  7.195981E-13  9.029931E-14  6.776673E-18  1.000000E-30
    321  1.419220762512E-01  4.447507E-07  2.510612E-06  4.536350E-09  9.170188E-09  9.136199E-13  1.218769E-13  9.283436E-18  1.000000E-30
    322  1.422771704232E-01  4.556261E-07  2.713225E-06  5.007724E-09  1.067704E-08  1.074944E-12  1.496313E-13  1.151606E-17  1.000000E-30
    323  1.426029315631E-01  4.646801E-07  2.906768E-06  5.471009E-09  1.225152E-08  1.245435E-12  1.802927E-13  1.400886E-17  1.000000E-30
    324  1.430135230101E-01  4.747461E-07  3.160475E-06  6.097826E-09  1.452939E-08  1.495198E-12  2.274509E-13  1.788794E-17  1.000000E-30
    325  1.434683796643E-01  4.840585E-07  3.453428E-06  6.849572E-09  1.748649E-08  1.824267E-12  2.932462E-13  2.337508E-17  1.000000E-30
    326  1.440315208021E-01  4.928052E-07  3.832087E-06  7.866604E-09  2.188356E-08  2.322258E-12  3.998266E-13  3.241026E-17  1.000000E-30
    327  1.445490332405E-01  4.980567E-07  4.194326E-06  8.888604E-09  2.677241E-08  2.886314E-12  5.295224E-13  4.359554E-17  1.000000E-30
    328  1.451370980342E-01  5.006709E-07  4.618211E-06  1.014976E-08  3.347606E-08  3.675003E-12  7.249546E-13  6.075640E-17  1.000000E-30
    329  1.457052374241E-01  4.998031E-07  5.036235E-06  1.146758E-08  4.130701E-08  4.615483E-12  9.769805E-13  8.330797E-17  1.000000E-30
    330  1.463107957421E-01  4.952649E-07  5.487526E-06  1.297958E-08  5.139637E-08  5.852982E-12  1.336313E-12  1.160879E-16  1.000000E-30
    331  1.468752132891E-01  4.877720E-07  5.907641E-06  1.448131E-08  6.266695E-08  7.265204E-12  1.780761E-12  1.574263E-16  1.000000E-30
    332  1.475510939381E-01  4.748982E-07  6.402337E-06  1.638522E-08  7.890437E-08  9.347687E-12  2.495757E-12  2.253444E-16  1.000000E-30
    333  1.481899111058E-01  4.591288E-07  6.855219E-06  1.828015E-08  9.746925E-08  1.178818E-11  3.414444E-12  3.145694E-16  1.000000E-30
    334  1.491767377555E-01  4.288817E-07  7.507727E-06  2.134635E-08  1.333935E-07  1.666363E-11  5.479865E-12  5.210107E-16  1.000000E-30
    335  1.497116139607E-01  4.100706E-07  7.829400E-06  2.305632E-08  1.571119E-07  1.997837E-11  7.041756E-12  6.811750E-16  1.000000E-30
    336  1.502421520731E-01  3.900808E-07  8.123116E-06  2.477492E-08  1.840988E-07  2.382988E-11  9.001702E-12  8.859264E-16  1.000000E-30
    337  1.509052103900E-01  3.637982E-07  8.448767E-06  2.693153E-08  2.231343E-07  2.953808E-11  1.217333E-11  1.224426E-15  1.000000E-30
    338  1.515352476696E-01  3.380265E-07  8.712280E-06  2.897176E-08  2.663370E-07  3.602533E-11  1.613632E-11  1.657269E-15  1.000000E-30
    339  1.521327102765E-01  3.132553E-07  8.920259E-06  3.088789E-08  3.136612E-07  4.331174E-11  2.100752E-11  2.201090E-15  1.000000E-30
    340  1.526678407657E-01  2.911750E-07  9.070346E-06  3.257515E-08  3.618107E-07  5.090232E-11  2.652557E-11  2.829869E-15  1.000000E-30
    341  1.532481602429E-01  2.676555E-07  9.194422E-06  3.436393E-08  4.208207E-07  6.042727E-11  3.405122E-11  3.705154E-15  1.000000E-30
    342  1.535863948111E-01  2.542433E-07  9.248577E-06  3.538398E-08  4.588084E-07  6.667805E-11  3.933519E-11  4.329972E-15  1.000000E-30
    343  1.538995751697E-01  2.420388E-07  9.287268E-06  3.631303E-08  4.966271E-07  7.298574E-11  4.493207E-11  4.999672E-15  1.000000E-30
    344  1.546020187628E-01  2.156909E-07  9.333712E-06  3.833075E-08  5.910915E-07  8.909363E-11  6.038333E-11  6.884642E-15  1.000000E-30
    345  1.552062305672E-01  1.943258E-07  9.330514E-06  3.998429E-08  6.840315E-07  1.053945E-10  7.762963E-11  9.040212E-15  1.000000E-30
    346  1.557875935888E-01  1.749593E-07  9.291636E-06  4.149581E-08  7.850734E-07  1.235748E-10  9.866594E-11  1.172829E-14  1.000000E-30
    347  1.566447447202E-01  1.486879E-07  9.172581E-06  4.355912E-08  9.571092E-07  1.555313E-10  1.399931E-10  1.715747E-14  1.000000E-30
    348  1.574294426159E-01  1.270955E-07  9.001525E-06  4.524552E-08  1.141151E-06  1.909986E-10  1.920235E-10  2.421023E-14  1.000000E-30
    349  1.581710514975E-01  1.087351E-07  8.787035E-06  4.662779E-08  1.341670E-06  2.309961E-10  2.580928E-10  3.343254E-14  1.000000E-30
    350  1.588328903187E-01  9.402885E-08  8.553393E-06  4.765766E-08  1.543417E-06  2.725913E-10  3.348611E-10  4.444706E-14  1.000000E-30
    351  1.594606073659E-01  8.145362E-08  8.295732E-06  4.842928E-08  1.755795E-06  3.177634E-10  4.273450E-10  5.806084E-14  1.000000E-30
    352  1.600565792087E-01  7.066168E-08  8.018983E-06  4.895006E-08  1.977320E-06  3.663239E-10  5.372373E-10  7.463884E-14  1.000000E-30
    353  1.607059625219E-01  6.014318E-08  7.683555E-06  4.925739E-08  2.239722E-06  4.257484E-10  6.865710E-10  9.775384E-14  1.000000E-30
    354  1.613957576202E-01  5.027859E-08  7.290440E-06  4.925439E-08  2.541664E-06  4.966594E-10  8.865208E-10  1.295830E-13  1.000000E-30
    355  1.620398820205E-01  4.217931E-08  6.891272E-06  4.891443E-08  2.843918E-06  5.703680E-10  1.120236E-09  1.678484E-13  1.000000E-30
    356  1.627691861850E-01  3.424115E-08  6.407921E-06  4.812103E-08  3.204432E-06  6.620761E-10  1.449992E-09  2.234868E-13  1.000000E-30
    357  1.634667099868E-01  2.775144E-08  5.919914E-06  4.694084E-08  3.562875E-06  7.576033E-10  1.842897E-09  2.919040E-13  1.000000E-30
    358  1.645369737572E-01  1.967338E-08  5.140370E-06  4.434645E-08  4.122685E-06  9.167097E-10  2.623912E-09  4.336040E-13  1.000000E-30
    359  1.651200899964E-01  1.613090E-08  4.710702E-06  4.257066E-08  4.423098E-06  1.008055E-09  3.155023E-09  5.336880E-13  1.000000E-30
    360  1.656939516385E-01  1.315284E-08  4.290022E-06  4.059470E-08  4.710951E-06  1.100261E-09  3.762846E-09  6.514208E-13  1.000000E-30
    361  1.664404283242E-01  9.969653E-09  3.757231E-06  3.776444E-08  5.063804E-06  1.221314E-09  4.690621E-09  8.371047E-13  1.000000E-30
    362  1.671401020014E-01  7.596812E-09  3.281082E-06  3.491502E-08  5.365524E-06  1.334109E-09  5.716925E-09  1.050048E-12  1.000000E-30
    363  1.682228463170E-01  4.871846E-09  2.604555E-06  3.030373E-08  5.765125E-06  1.503593E-09  7.647287E-09  1.469357E-12  1.000000E-30
    364  1.688914277275E-01  3.657448E-09  2.232262E-06  2.745982E-08  5.964561E-06  1.602773E-09  9.068762E-09  1.792239E-12  1.000000E-30
    365  1.695862681704E-01  2.684925E-09  1.883597E-06  2.456380E-08  6.134044E-06  1.700808E-09  1.076265E-08  2.190736E-12  1.000000E-30
    366  1.708796298676E-01  1.476203E-09  1.344365E-06  1.956927E-08  6.346314E-06  1.866964E-09  1.457604E-08  3.136830E-12  1.000000E-30
    367  1.720689125062E-01  8.303524E-10  9.644270E-07  1.555600E-08  6.439640E-06  2.002329E-09  1.901819E-08  4.311430E-12  1.000000E-30
    368  1.730357271347E-01  5.132583E-10  7.274831E-07  1.276873E-08  6.457520E-06  2.101833E-09  2.345062E-08  5.549270E-12  1.000000E-30
    369  1.739185931198E-01  3.275758E-10  5.577444E-07  1.058367E-08  6.440216E-06  2.186774E-09  2.830836E-08  6.969701E-12  1.000000E-30
    370  1.748109107026E-01  2.068227E-10  4.239564E-07  8.712001E-09  6.398679E-06  2.268773E-09  3.417152E-08  8.761169E-12  1.000000E-30
    371  1.757092013639E-01  1.293108E-10  3.197777E-07  7.125950E-09  6.340801E-06  2.349641E-09  4.128893E-08  1.103193E-11  1.000000E-30
    372  1.765567714958E-01  8.289865E-11  2.443191E-07  5.881506E-09  6.276554E-06  2.425873E-09  4.935204E-08  1.371560E-11  1.000000E-30
    373  1.775373762473E-01  4.939500E-11  1.780103E-07  4.690213E-09  6.196144E-06  2.515877E-09  6.076184E-08  1.768236E-11  1.000000E-30
    374  1.784803688374E-01  3.016358E-11  1.309602E-07  3.767028E-09  6.115486E-06  2.605337E-09  7.429830E-08  2.261250E-11  1.000000E-30
    375  1.795112536071E-01  1.771882E-11  9.314755E-08  2.952370E-09  6.025223E-06  2.707216E-09  9.280765E-08  2.968207E-11  1.000000E-30
    376  1.804824008025E-01  1.095639E-11  6.739390E-08  2.342862E-09  5.937422E-06  2.806906E-09  1.146080E-07  3.843095E-11  1.000000E-30
    377  1.815169070317E-01  6.782005E-12  4.746533E-08  1.822885E-09  5.838407E-06  2.915948E-09  1.437834E-07  5.074138E-11  1.000000E-30
    378  1.825428215499E-01  4.455357E-12  3.338388E-08  1.416668E-09  5.730741E-06  3.024824E-09  1.801480E-07  6.692525E-11  1.000000E-30
    379  1.841355644659E-01  2.685553E-12  1.907934E-08  9.473647E-10  5.533706E-06  3.187591E-09  2.555980E-07  1.029795E-10  1.000000E-30
    380  1.856860183354E-01  1.974527E-12  1.086728E-08  6.300744E-10  5.291952E-06  3.325248E-09  3.580173E-07  1.563547E-10  1.000000E-30
    381  1.870847965371E-01  1.691397E-12  6.429357E-09  4.292738E-10  5.019817E-06  3.417101E-09  4.819073E-07  2.266523E-10  1.000000E-30
    382  1.883699545972E-01  1.562204E-12  3.910173E-09  2.972549E-10  4.718282E-06  3.461613E-09  6.276064E-07  3.163518E-10  1.000000E-30
    383  1.895671856375E-01  1.494650E-12  2.424224E-09  2.077800E-10  4.390295E-06  3.457791E-09  7.948590E-07  4.278111E-10  1.000000E-30
    384  1.907324824205E-01  1.454231E-12  1.503753E-09  1.444434E-10  4.028219E-06  3.403174E-09  9.884516E-07  5.676181E-10  1.000000E-30
    385  1.917913284253E-01  1.430370E-12  9.678274E-10  1.025802E-10  3.666296E-06  3.304404E-09  1.189419E-06  7.250423E-10  1.000000E-30
    386  1.928179034582E-01  1.415240E-12  6.287175E-10  7.269182E-11  3.290264E-06  3.160197E-09  1.404612E-06  9.079375E-10  1.000000E-30
    387  1.939781308337E-01  1.405677E-12  3.897867E-10  4.890413E-11  2.847650E-06  2.941938E-09  1.662697E-06  1.149463E-09  1.000000E-30
    388  1.950365569225E-01  1.402951E-12  2.574436E-10  3.395383E-11  2.439226E-06  2.695904E-09  1.903018E-06  1.399981E-09  1.000000E-30
    389  1.963061656501E-01  1.406449E-12  1.658585E-10  2.226782E-11  1.965539E-06  2.358417E-09  2.179213E-06  1.729153E-09  1.000000E-30
    390  1.975160386553E-01  1.416037E-12  1.188636E-10  1.550045E-11  1.551011E-06  2.015160E-09  2.413638E-06  2.060617E-09  1.000000E-30
    391  1.988970783448E-01  1.433663E-12  9.133763E-11  1.110902E-11  1.141713E-06  1.626875E-09  2.631724E-06  2.445924E-09  1.000000E-30
    392  2.001908516564E-01  1.455903E-12  7.882782E-11  8.986815E-12  8.312701E-07  1.293418E-09  2.780660E-06  2.802029E-09  1.000000E-30
    393  2.023233395230E-01  1.502831E-12  7.044347E-11  7.635021E-12  4.681367E-07  8.447088E-10  2.920586E-06  3.372173E-09  1.000000E-30
    394  2.035207364909E-01  1.533916E-12  6.866726E-11  7.449686E-12  3.325923E-07  6.531944E-10  2.955056E-06  3.688795E-09  1.000000E-30
    395  2.047171141817E-01  1.567818E-12  6.784684E-11  7.453254E-12  2.339285E-07  5.006006E-10  2.969352E-06  4.011670E-09  1.000000E-30
    396  2.061861175315E-01  1.612709E-12  6.761243E-11  7.595501E-12  1.507845E-07  3.590545E-10  2.969548E-06  4.428016E-09  1.000000E-30
    397  2.075162532616E-01  1.655810E-12  6.787661E-11  7.791869E-12  1.010956E-07  2.655107E-10  2.961159E-06  4.835504E-09  1.000000E-30
    398  2.088103947538E-01  1.699316E-12  6.844141E-11  8.014290E-12  6.858339E-08  1.983013E-10  2.950027E-06  5.270010E-09  1.000000E-30
    399  2.102374295066E-01  1.748267E-12  6.933065E-11  8.277889E-12  4.499620E-08  1.447389E-10  2.937141E-06  5.802681E-09  1.000000E-30
    400  2.116254943500E-01  1.796025E-12  7.040051E-11  8.542374E-12  3.023997E-08  1.079079E-10  2.925157E-06  6.384085E-09  1.000000E-30
    401  2.137594200207E-01  1.868063E-12  7.232748E-11  8.950467E-12  1.703133E-08  7.118070E-11  2.907858E-06  7.420248E-09  1.000000E-30
    402  2.149968302441E-01  1.908493E-12  7.356055E-11  9.183822E-12  1.257855E-08  5.751520E-11  2.897722E-06  8.110922E-09  1.000000E-30
    403  2.163578604848E-01  1.951687E-12  7.499400E-11  9.436508E-12  9.284139E-09  4.677315E-11  2.885784E-06  8.956690E-09  1.000000E-30
    404  2.188327022992E-01  2.027615E-12  7.780247E-11  9.888509E-12  5.876482E-09  3.513272E-11  2.860411E-06  1.075885E-08  1.000000E-30
    405  2.210861741802E-01  2.096168E-12  8.062720E-11  1.030269E-11  4.291308E-09  2.987195E-11  2.832662E-06  1.275494E-08  1.000000E-30
    406  2.231360986547E-01  2.160890E-12  8.348951E-11  1.069552E-11  3.456053E-09  2.761110E-11  2.804472E-06  1.493645E-08  1.000000E-30
    407  2.249661932162E-01  2.222677E-12  8.633969E-11  1.106977E-11  2.966950E-09  2.680863E-11  2.778302E-06  1.724942E-08  1.000000E-30
    408  2.266023391923E-01  2.282411E-12  8.916188E-11  1.142992E-11  2.648996E-09  2.671108E-11  2.755224E-06  1.967507E-08  1.000000E-30
    409  2.291569547831E-01  2.386080E-12  9.414456E-11  1.205091E-11  2.287299E-09  2.729883E-11  2.721809E-06  2.431401E-08  1.000000E-30
    410  2.305971902523E-01  2.450689E-12  9.728144E-11  1.243593E-11  2.131460E-09  2.790263E-11  2.705082E-06  2.749725E-08  1.000000E-30
    411  2.319348711247E-01  2.514814E-12  1.004105E-10  1.281708E-11  2.009007E-09  2.858763E-11  2.691125E-06  3.090318E-08  1.000000E-30
    412  2.335360820165E-01  2.596724E-12  1.044262E-10  1.330319E-11  1.885339E-09  2.953308E-11  2.676398E-06  3.565377E-08  1.000000E-30
    413  2.351317971316E-01  2.683718E-12  1.087125E-10  1.381922E-11  1.782868E-09  3.058609E-11  2.663637E-06  4.125594E-08  1.000000E-30
    414  2.376293164755E-01  2.829694E-12  1.159551E-10  1.468622E-11  1.657072E-09  3.241017E-11  2.646361E-06  5.218432E-08  1.000000E-30
    415  2.399259738388E-01  2.973028E-12  1.231324E-10  1.554060E-11  1.572675E-09  3.423692E-11  2.631386E-06  6.519371E-08  1.000000E-30
    416  2.420046682363E-01  3.108760E-12  1.299949E-10  1.635373E-11  1.518173E-09  3.598559E-11  2.616393E-06  8.011544E-08  1.000000E-30
    417  2.451201276448E-01  3.319741E-12  1.408027E-10  1.762754E-11  1.469514E-09  3.873063E-11  2.586470E-06  1.098379E-07  1.000000E-30
    418  2.467564269033E-01  3.432824E-12  1.466722E-10  1.831601E-11  1.457608E-09  4.021434E-11  2.564880E-06  1.299311E-07  1.000000E-30
    419  2.483354027874E-01  3.542650E-12  1.524276E-10  1.898889E-11  1.453844E-09  4.166348E-11  2.538758E-06  1.529508E-07  1.000000E-30
    420  2.499258654919E-01  3.653432E-12  1.582911E-10  1.967216E-11  1.456899E-09  4.313375E-11  2.506083E-06  1.803518E-07  1.000000E-30
    421  2.515152656983E-01  3.763805E-12  1.641939E-10  2.035771E-11  1.466048E-09  4.460744E-11  2.465932E-06  2.126383E-07  1.000000E-30
    422  2.542060864984E-01  3.948684E-12  1.742259E-10  2.151755E-11  1.493403E-09  4.709679E-11  2.377743E-06  2.805766E-07  1.000000E-30
    423  2.556901221114E-01  4.049032E-12  1.797514E-10  2.215351E-11  1.513919E-09  4.845959E-11  2.316681E-06  3.263066E-07  1.000000E-30
    424  2.570805114381E-01  4.141721E-12  1.849082E-10  2.274519E-11  1.536079E-09  4.972596E-11  2.250556E-06  3.751772E-07  1.000000E-30
    425  2.598984391343E-01  4.324982E-12  1.952617E-10  2.392769E-11  1.588155E-09  5.225235E-11  2.087993E-06  4.938066E-07  1.000000E-30
    426  2.622653138568E-01  4.473612E-12  2.038209E-10  2.489975E-11  1.637730E-09  5.432443E-11  1.920813E-06  6.146195E-07  1.000000E-30
    427  2.644885215151E-01  4.608547E-12  2.117233E-10  2.579281E-11  1.687851E-09  5.622419E-11  1.739426E-06  7.447106E-07  1.000000E-30
    428  2.667229470066E-01  4.739591E-12  2.195215E-10  2.667000E-11  1.740749E-09  5.808643E-11  1.537185E-06  8.882913E-07  1.000000E-30
    429  2.687894382327E-01  4.856874E-12  2.266043E-10  2.746332E-11  1.791284E-09  5.976740E-11  1.338253E-06  1.027318E-06  1.000000E-30
    430  2.709436570286E-01  4.975462E-12  2.338629E-10  2.827314E-11  1.845130E-09  6.148017E-11  1.127050E-06  1.171289E-06  1.000000E-30
    431  2.728595154549E-01  5.078156E-12  2.402230E-10  2.898026E-11  1.893736E-09  6.297321E-11  9.437864E-07  1.291686E-06  1.000000E-30
    432  2.763050324764E-01  5.257659E-12  2.514847E-10  3.022748E-11  1.982361E-09  6.560126E-11  6.463519E-07  1.472166E-06  1.000000E-30
    433  2.797281875476E-01  5.431617E-12  2.625343E-10  3.144640E-11  2.071615E-09  6.816390E-11  4.130121E-07  1.589257E-06  1.000000E-30
    434  2.831107064370E-01  5.601305E-12  2.733974E-10  3.264140E-11  2.160789E-09  7.067155E-11  2.497885E-07  1.641857E-06  1.000000E-30
    435  2.863632962154E-01  5.762986E-12  2.838041E-10  3.378364E-11  2.247027E-09  7.306455E-11  1.472944E-07  1.643931E-06  1.000000E-30
    436  2.894106333807E-01  5.912113E-12  2.934566E-10  3.484062E-11  2.327448E-09  7.527518E-11  8.725277E-08  1.615323E-06  1.000000E-30
    437  2.941185503109E-01  6.134159E-12  3.079637E-10  3.642340E-11  2.448783E-09  7.857732E-11  3.783129E-08  1.536311E-06  1.000000E-30
    438  2.983685787405E-01  6.325244E-12  3.205763E-10  3.779386E-11  2.554445E-09  8.142800E-11  1.814282E-08  1.446683E-06  1.000000E-30
    439  3.021949729112E-01  6.495824E-12  3.318380E-10  3.901639E-11  2.648606E-09  8.396686E-11  1.015808E-08  1.360913E-06  1.000000E-30
    440  3.059150641439E-01  6.670101E-12  3.432107E-10  4.025481E-11  2.743228E-09  8.653951E-11  6.654167E-09  1.278108E-06  1.000000E-30
    441  3.094680949786E-01  6.853699E-12  3.549797E-10  4.154396E-11  2.840506E-09  8.922224E-11  5.203758E-09  1.202529E-06  1.000000E-30
    442  3.127856926026E-01  7.047458E-12  3.671970E-10  4.289114E-11  2.940821E-09  9.203220E-11  4.661333E-09  1.136633E-06  1.000000E-30
    443  3.178598433803E-01  7.398295E-12  3.890539E-10  4.532049E-11  3.118925E-09  9.711423E-11  4.509855E-09  1.046325E-06  1.000000E-30
    444  3.224504526026E-01  7.785226E-12  4.132198E-10  4.802733E-11  3.314392E-09  1.027928E-10  4.681296E-09  9.763142E-07  1.000000E-30
    445  3.266870398371E-01  8.211519E-12  4.404832E-10  5.109851E-11  3.533695E-09  1.092489E-10  4.967674E-09  9.217518E-07  1.000000E-30
    446  3.305577136787E-01  8.665209E-12  4.708904E-10  5.453810E-11  3.777265E-09  1.164897E-10  5.313155E-09  8.804418E-07  1.000000E-30
    447  3.362681054783E-01  9.435728E-12  5.285482E-10  6.108417E-11  4.237273E-09  1.302863E-10  5.981417E-09  8.346917E-07  1.000000E-30
    448  3.414589872690E-01  1.014199E-11  5.970543E-10  6.888074E-11  4.781775E-09  1.467277E-10  6.778262E-09  8.082569E-07  1.000000E-30
    449  3.462773530350E-01  1.054893E-11  6.733994E-10  7.757511E-11  5.386477E-09  1.650586E-10  7.668185E-09  7.932748E-07  1.000000E-30
    450  3.508856189623E-01  1.037246E-11  7.526190E-10  8.659199E-11  6.011256E-09  1.840513E-10  8.595432E-09  7.814145E-07  1.000000E-30
    451  3.552628710565E-01  9.490259E-12  8.274844E-10  9.510256E-11  6.598193E-09  2.019452E-10  9.476654E-09  7.663129E-07  1.000000E-30
    452  3.595141079779E-01  8.092495E-12  8.961738E-10  1.028989E-10  7.132378E-09  2.182932E-10  1.029002E-08  7.445431E-07  1.000000E-30
    453  3.636744849418E-01  6.608605E-12  9.590281E-10  1.100225E-10  7.616248E-09  2.331783E-10  1.103789E-08  7.160167E-07  1.000000E-30
    454  3.676260234901E-01  5.477251E-12  1.016554E-09  1.165366E-10  8.054299E-09  2.467373E-10  1.172373E-08  6.839161E-07  1.000000E-30
    455  3.714655117309E-01  4.831089E-12  1.073324E-09  1.229646E-10  8.482400E-09  2.600706E-10  1.239962E-08  6.503697E-07  1.000000E-30
    456  3.752653942304E-01  4.655084E-12  1.133379E-09  1.297681E-10  8.931801E-09  2.741435E-10  1.311179E-08  6.170481E-07  1.000000E-30
    457  3.809506426681E-01  5.125948E-12  1.235975E-09  1.414030E-10  9.694056E-09  2.981450E-10  1.432047E-08  5.702930E-07  1.000000E-30
    458  3.865190953769E-01  6.268564E-12  1.356528E-09  1.550891E-10  1.058327E-08  3.262945E-10  1.572916E-08  5.301634E-07  1.000000E-30
    459  3.928522091207E-01  8.284502E-12  1.522483E-09  1.739438E-10  1.179715E-08  3.649296E-10  1.765099E-08  4.915040E-07  1.000000E-30
    460  3.991093841216E-01  1.106890E-11  1.719933E-09  1.963858E-10  1.322584E-08  4.106764E-10  1.991260E-08  4.591920E-07  1.000000E-30
    461  4.054183851758E-01  1.483043E-11  1.955676E-09  2.231839E-10  1.490921E-08  4.649337E-10  2.257569E-08  4.307194E-07  1.000000E-30
    462  4.147392755742E-01  2.265625E-11  2.378579E-09  2.712530E-10  1.786774E-08  5.611555E-10  2.724000E-08  3.930848E-07  1.000000E-30
    463  4.232199499949E-01  3.290537E-11  2.851575E-09  3.249960E-10  2.108594E-08  6.669624E-10  3.226345E-08  3.611520E-07  1.000000E-30
    464  4.316976825025E-01  4.716183E-11  3.423790E-09  3.899752E-10  2.485614E-08  7.922567E-10  3.803830E-08  3.301674E-07  1.000000E-30
    465  4.393401554526E-01  6.450205E-11  4.041202E-09  4.600328E-10  2.878035E-08  9.240182E-10  4.387446E-08  3.026024E-07  1.000000E-30
    466  4.465935084243E-01  8.597883E-11  4.733637E-09  5.385329E-10  3.301365E-08  1.067505E-09  4.992039E-08  2.766448E-07  1.000000E-30
    467  4.537106765818E-01  1.130073E-10  5.532859E-09  6.290414E-10  3.769254E-08  1.227514E-09  5.624892E-08  2.513763E-07  1.000000E-30
    468  4.602314649238E-01  1.441626E-10  6.387918E-09  7.257551E-10  4.246752E-08  1.392152E-09  6.227795E-08  2.284600E-07  1.000000E-30
    469  4.709552966107E-01  2.124082E-10  8.102846E-09  9.193549E-10  5.138275E-08  1.702622E-09  7.225110E-08  1.915140E-07  1.000000E-30
    470  4.769745726746E-01  2.623891E-10  9.265386E-09  1.050313E-09  5.696464E-08  1.898746E-09  7.758287E-08  1.713647E-07  1.000000E-30
    471  4.828178172001E-01  3.209330E-10  1.055474E-08  1.195289E-09  6.275540E-08  2.103413E-09  8.233146E-08  1.523676E-07  1.000000E-30
    472  4.927188450138E-01  4.480689E-10  1.315531E-08  1.486842E-09  7.326866E-08  2.477609E-09  8.881923E-08  1.218604E-07  1.000000E-30
    473  5.000000000000E-01  5.695224E-10  1.544805E-08  1.742923E-09  8.137159E-08  2.767838E-09  9.183552E-08  1.011604E-07  1.000000E-30
