 *                                      
 * expansion:  temp0=  1.000E+10 den0=  3.000E+06 temp_stop=  1.000E+07
 *          time                ru124         ru125         ru126         ru127         ru128         rh89          rh90          rh91 
      1  0.000000000000E+00  1.000000E-30  1.000000E-30  1.000000E-30  1.000000E-30  1.000000E-30  1.000000E-30  1.000000E-30  1.000000E-30
      2  1.000000000000E-16  1.000000E-30  1.000520E-30  1.000000E-30  1.000310E-30  1.000000E-30  1.000000E-30  1.000000E-30  1.003568E-30
      3  6.264265632874E-16  1.000000E-30  1.003224E-30  1.000000E-30  1.001937E-30  1.000000E-30  1.000003E-30  1.000004E-30  1.009268E-30
      4  2.206990590178E-15  1.000000E-30  1.011035E-30  1.000000E-30  1.006780E-30  1.000000E-30  1.000039E-30  1.000039E-30  1.009709E-30
      5  6.425069294186E-15  1.000000E-30  1.029789E-30  1.000000E-30  1.019409E-30  1.000000E-30  1.000335E-30  1.000348E-30  1.009221E-30
      6  1.724777641531E-14  1.000000E-30  1.066488E-30  1.000000E-30  1.049918E-30  1.000000E-30  1.000000E-30  1.000000E-30  1.035382E-30
      7  4.527785414179E-14  1.000000E-30  1.114785E-30  1.000000E-30  1.117639E-30  1.000000E-30  1.002304E-30  1.003961E-30  1.000000E-30
      8  1.231582592127E-13  1.000000E-30  1.140045E-30  1.000000E-30  1.242354E-30  1.000000E-30  1.187957E-30  1.188277E-30  1.143322E-30
      9  4.001734798240E-13  1.000000E-30  1.141478E-30  1.000009E-30  1.370298E-30  1.000000E-30  1.000000E-30  1.000000E-30  1.294994E-30
     10  1.150918682670E-12  1.000000E-30  1.138584E-30  1.000489E-30  1.385761E-30  1.000001E-30  1.000000E-30  1.000000E-30  1.000000E-30
     11  2.802808442389E-12  1.000000E-30  1.113726E-30  1.000000E-30  1.386163E-30  1.000270E-30  1.000000E-30  1.000000E-30  1.000000E-30
     12  6.912921996243E-12  1.018888E-30  1.174137E-30  1.022477E-30  1.370921E-30  1.000000E-30  1.000000E-30  1.000000E-30  1.000000E-30
     13  1.659368270033E-11  1.000000E-30  1.000000E-30  1.000000E-30  1.117468E-30  1.000000E-30  1.000000E-30  1.000000E-30  1.000000E-30
     14  1.134012897413E-10  1.000000E-30  1.000000E-30  1.000000E-30  1.000000E-30  1.000000E-30  1.000000E-30  1.000000E-30  1.000000E-30
     15  1.081477360150E-09  1.000000E-30  1.000000E-30  1.000000E-30  1.000000E-30  1.000000E-30  1.000000E-30  1.000000E-30  1.000000E-30
     16  1.076223806424E-08  1.000000E-30  1.000000E-30  1.000000E-30  1.000000E-30  1.000000E-30  1.000000E-30  1.000000E-30  1.000000E-30
     17  6.834096797002E-08  1.000000E-30  1.000000E-30  1.000000E-30  1.000000E-30  1.000000E-30  1.000000E-30  1.000000E-30  1.000000E-30
     18  2.542122411654E-07  1.000000E-30  1.000000E-30  1.000000E-30  1.000000E-30  1.000000E-30  1.000000E-30  1.000000E-30  1.000000E-30
     19  7.007518887657E-07  1.000000E-30  1.000000E-30  1.000000E-30  1.000000E-30  1.000000E-30  1.000000E-30  1.000000E-30  1.000000E-30
     20  1.724661805125E-06  1.000000E-30  1.000000E-30  1.000000E-30  1.000000E-30  1.000000E-30  1.000000E-30  1.000000E-30  1.000000E-30
     21  4.267664185819E-06  1.000000E-30  1.000000E-30  1.000000E-30  1.000000E-30  1.000000E-30  1.000000E-30  1.000000E-30  1.000000E-30
     22  1.786211798807E-05  1.000000E-30  1.000000E-30  1.000000E-30  1.000000E-30  1.000000E-30  1.000000E-30  1.000000E-30  1.000000E-30
     23  6.929007850093E-05  1.000000E-30  1.000000E-30  1.000000E-30  1.000000E-30  1.000000E-30  1.000000E-30  1.000000E-30  1.000000E-30
     24  5.835696836295E-04  1.000000E-30  1.000000E-30  1.000000E-30  1.000000E-30  1.000000E-30  1.000000E-30  1.000000E-30  1.000000E-30
     25  1.496090518789E-03  1.000000E-30  1.000000E-30  1.000000E-30  1.000000E-30  1.000000E-30  1.000000E-30  1.000000E-30  1.000000E-30
     26  2.379765156362E-03  1.000000E-30  1.000000E-30  1.000000E-30  1.000000E-30  1.000000E-30  1.000000E-30  1.000000E-30  1.000000E-30
     27  3.772948503579E-03  1.000000E-30  1.000000E-30  1.000000E-30  1.000000E-30  1.000000E-30  1.000000E-30  1.000000E-30  1.000000E-30
     28  4.957278025650E-03  1.000000E-30  1.000000E-30  1.000000E-30  1.000000E-30  1.000000E-30  1.000000E-30  1.000000E-30  1.000000E-30
     29  5.758110286319E-03  1.000000E-30  1.000000E-30  1.000000E-30  1.000000E-30  1.000000E-30  1.000000E-30  1.000000E-30  1.000000E-30
     30  6.636115041812E-03  1.000000E-30  1.000000E-30  1.000000E-30  1.000000E-30  1.000000E-30  1.000000E-30  1.000000E-30  1.000000E-30
     31  7.490864585256E-03  1.000000E-30  1.000000E-30  1.000000E-30  1.000000E-30  1.000000E-30  1.000000E-30  1.000000E-30  1.000000E-30
     32  8.026631019591E-03  1.000000E-30  1.000000E-30  1.000000E-30  1.000000E-30  1.000000E-30  1.000000E-30  1.000000E-30  1.000000E-30
     33  8.451616658664E-03  1.000000E-30  1.000000E-30  1.000000E-30  1.000000E-30  1.000000E-30  1.000000E-30  1.000000E-30  1.000000E-30
     34  9.803471762980E-03  1.000000E-30  1.000000E-30  1.000000E-30  1.000000E-30  1.000000E-30  1.000000E-30  1.000000E-30  1.000000E-30
     35  1.116687552369E-02  1.000000E-30  1.000000E-30  1.000000E-30  1.000000E-30  1.000000E-30  1.000000E-30  1.000000E-30  1.000000E-30
     36  1.219012310682E-02  1.000000E-30  1.000000E-30  1.000000E-30  1.000000E-30  1.000000E-30  1.000000E-30  1.000000E-30  1.000000E-30
     37  1.314647137106E-02  1.000000E-30  1.000000E-30  1.000000E-30  1.000000E-30  1.000000E-30  1.000000E-30  1.000000E-30  1.000000E-30
     38  1.431720408173E-02  1.000000E-30  1.000000E-30  1.000000E-30  1.000000E-30  1.000000E-30  1.000000E-30  1.000000E-30  1.000000E-30
     39  1.545287753035E-02  1.000000E-30  1.000000E-30  1.000000E-30  1.000000E-30  1.000000E-30  1.000000E-30  1.000000E-30  1.000000E-30
     40  1.716820108076E-02  1.000000E-30  1.000000E-30  1.000000E-30  1.000000E-30  1.000000E-30  1.000000E-30  1.000000E-30  1.000000E-30
     41  1.871872199221E-02  1.000000E-30  1.000000E-30  1.000000E-30  1.000000E-30  1.000000E-30  1.000000E-30  1.000000E-30  1.000000E-30
     42  2.131412024987E-02  1.000000E-30  1.000000E-30  1.000000E-30  1.000000E-30  1.000000E-30  1.000000E-30  1.000000E-30  1.000000E-30
     43  2.288535686070E-02  1.000000E-30  1.000000E-30  1.000000E-30  1.000000E-30  1.000000E-30  1.000000E-30  1.000000E-30  1.000000E-30
     44  2.437102778700E-02  1.000000E-30  1.000000E-30  1.000000E-30  1.000000E-30  1.000000E-30  1.000000E-30  1.000000E-30  1.000000E-30
     45  2.666254430666E-02  1.000000E-30  1.000000E-30  1.000000E-30  1.000000E-30  1.000000E-30  1.000000E-30  1.000000E-30  1.000000E-30
     46  2.807329513827E-02  1.000000E-30  1.000000E-30  1.000000E-30  1.000000E-30  1.000000E-30  1.000000E-30  1.000000E-30  1.000000E-30
     47  2.946719119355E-02  1.000000E-30  1.000000E-30  1.000000E-30  1.000000E-30  1.000000E-30  1.000000E-30  1.000000E-30  1.000000E-30
     48  2.982466835475E-02  1.000000E-30  1.000000E-30  1.000000E-30  1.000000E-30  1.000000E-30  1.000000E-30  1.000000E-30  1.000000E-30
     49  3.017238950627E-02  1.000000E-30  1.000000E-30  1.000000E-30  1.000000E-30  1.000000E-30  1.000000E-30  1.000000E-30  1.000000E-30
     50  3.052509122072E-02  1.000000E-30  1.000000E-30  1.000000E-30  1.000000E-30  1.000000E-30  1.000000E-30  1.000000E-30  1.000000E-30
     51  3.066477686677E-02  1.000000E-30  1.000000E-30  1.000000E-30  1.000000E-30  1.000000E-30  1.000000E-30  1.000000E-30  1.000000E-30
     52  3.080037159611E-02  1.000000E-30  1.000000E-30  1.000000E-30  1.000000E-30  1.000000E-30  1.000000E-30  1.000000E-30  1.000000E-30
     53  3.111325257314E-02  1.000000E-30  1.000000E-30  1.000000E-30  1.000000E-30  1.000000E-30  1.000000E-30  1.000000E-30  1.000000E-30
     54  3.147800645819E-02  1.000000E-30  1.000000E-30  1.000000E-30  1.000000E-30  1.000000E-30  1.000000E-30  1.000000E-30  1.000000E-30
     55  3.181357346897E-02  1.000000E-30  1.000000E-30  1.000000E-30  1.000000E-30  1.000000E-30  1.000000E-30  1.000000E-30  1.000000E-30
     56  3.217197145871E-02  1.000000E-30  1.000000E-30  1.000000E-30  1.000000E-30  1.000000E-30  1.000000E-30  1.000000E-30  1.000000E-30
     57  3.249951277145E-02  1.000000E-30  1.000000E-30  1.000000E-30  1.000000E-30  1.000000E-30  1.000000E-30  1.000000E-30  1.000000E-30
     58  3.262595809504E-02  1.000000E-30  1.000000E-30  1.000000E-30  1.000000E-30  1.000000E-30  1.000000E-30  1.000000E-30  1.000000E-30
     59  3.272641576722E-02  1.000000E-30  1.000000E-30  1.000000E-30  1.000000E-30  1.000000E-30  1.000000E-30  1.000000E-30  1.000000E-30
     60  3.304841700500E-02  1.000000E-30  1.000000E-30  1.000000E-30  1.000000E-30  1.000000E-30  1.000000E-30  1.000000E-30  1.000000E-30
     61  3.362823507679E-02  1.000000E-30  1.000000E-30  1.000000E-30  1.000000E-30  1.000000E-30  1.000000E-30  1.000000E-30  1.000000E-30
     62  3.417743618412E-02  1.000000E-30  1.000000E-30  1.000000E-30  1.000000E-30  1.000000E-30  1.000000E-30  1.000000E-30  1.000000E-30
     63  3.448472684867E-02  1.000000E-30  1.000000E-30  1.000000E-30  1.000000E-30  1.000000E-30  1.000000E-30  1.000000E-30  1.000000E-30
     64  3.459225947862E-02  1.000000E-30  1.000000E-30  1.000000E-30  1.000000E-30  1.000000E-30  1.000000E-30  1.000000E-30  1.000000E-30
     65  3.468161085917E-02  1.000000E-30  1.000000E-30  1.000000E-30  1.000000E-30  1.000000E-30  1.000000E-30  1.000000E-30  1.000000E-30
     66  3.501586344154E-02  1.000000E-30  1.000000E-30  1.000000E-30  1.000000E-30  1.000000E-30  1.000000E-30  1.000000E-30  1.000000E-30
     67  3.563385967804E-02  1.000000E-30  1.000000E-30  1.000000E-30  1.000000E-30  1.000000E-30  1.000000E-30  1.000000E-30  1.000000E-30
     68  3.619390900501E-02  1.000000E-30  1.000000E-30  1.000000E-30  1.000000E-30  1.000000E-30  1.000000E-30  1.000000E-30  1.000000E-30
     69  3.661379630041E-02  1.000000E-30  1.000000E-30  1.000000E-30  1.000000E-30  1.000000E-30  1.000000E-30  1.000000E-30  1.000000E-30
     70  3.704099468238E-02  1.000000E-30  1.000000E-30  1.000000E-30  1.000000E-30  1.000000E-30  1.000000E-30  1.000000E-30  1.000000E-30
     71  3.731378163516E-02  1.000000E-30  1.000000E-30  1.000000E-30  1.000000E-30  1.000000E-30  1.000000E-30  1.000000E-30  1.000000E-30
     72  3.757630769329E-02  1.000000E-30  1.000000E-30  1.000000E-30  1.000000E-30  1.000000E-30  1.000000E-30  1.000000E-30  1.000000E-30
     73  3.788075418501E-02  1.000000E-30  1.000000E-30  1.000000E-30  1.000000E-30  1.000000E-30  1.000000E-30  1.000000E-30  1.000000E-30
     74  3.819794660071E-02  1.000000E-30  1.000000E-30  1.000000E-30  1.000000E-30  1.000000E-30  1.000000E-30  1.000000E-30  1.000000E-30
     75  3.838080203158E-02  1.000000E-30  1.000000E-30  1.000000E-30  1.000000E-30  1.000000E-30  1.000000E-30  1.000000E-30  1.000000E-30
     76  3.859219912978E-02  1.000000E-30  1.000000E-30  1.000000E-30  1.000000E-30  1.000000E-30  1.000000E-30  1.000000E-30  1.000000E-30
     77  3.884096228080E-02  1.000000E-30  1.000000E-30  1.000000E-30  1.000000E-30  1.000000E-30  1.000000E-30  1.000000E-30  1.000000E-30
     78  3.907668434759E-02  1.000000E-30  1.000000E-30  1.000000E-30  1.000000E-30  1.000000E-30  1.000000E-30  1.000000E-30  1.000000E-30
     79  3.934936577490E-02  1.000000E-30  1.000000E-30  1.000000E-30  1.000000E-30  1.000000E-30  1.000000E-30  1.000000E-30  1.000000E-30
     80  3.961640452516E-02  1.000000E-30  1.000000E-30  1.000000E-30  1.000000E-30  1.000000E-30  1.000000E-30  1.000000E-30  1.000000E-30
     81  3.991996766101E-02  1.000000E-30  1.000000E-30  1.000000E-30  1.000000E-30  1.000000E-30  1.000000E-30  1.000000E-30  1.000000E-30
     82  4.019473378510E-02  1.000000E-30  1.000000E-30  1.000000E-30  1.000000E-30  1.000000E-30  1.000000E-30  1.000000E-30  1.000000E-30
     83  4.046928694587E-02  1.000000E-30  1.000000E-30  1.000000E-30  1.000000E-30  1.000000E-30  1.000000E-30  1.000000E-30  1.000000E-30
     84  4.074955599116E-02  1.000000E-30  1.000000E-30  1.000000E-30  1.000000E-30  1.000000E-30  1.000000E-30  1.000000E-30  1.000000E-30
     85  4.099011663524E-02  1.000000E-30  1.000000E-30  1.000000E-30  1.000000E-30  1.000000E-30  1.000000E-30  1.000000E-30  1.000000E-30
     86  4.118445936105E-02  1.000000E-30  1.000000E-30  1.000000E-30  1.000000E-30  1.000000E-30  1.000000E-30  1.000000E-30  1.000000E-30
     87  4.137235583218E-02  1.000000E-30  1.000000E-30  1.000000E-30  1.000000E-30  1.000000E-30  1.000000E-30  1.000000E-30  1.000000E-30
     88  4.152714488067E-02  1.000000E-30  1.000000E-30  1.000000E-30  1.000000E-30  1.000000E-30  1.000000E-30  1.000000E-30  1.000000E-30
     89  4.165981986900E-02  1.000000E-30  1.000000E-30  1.000000E-30  1.000000E-30  1.000000E-30  1.000000E-30  1.000000E-30  1.000000E-30
     90  4.188596337322E-02  1.000000E-30  1.000000E-30  1.000000E-30  1.000000E-30  1.000000E-30  1.000000E-30  1.000000E-30  1.000000E-30
     91  4.208159634323E-02  1.000000E-30  1.000000E-30  1.000000E-30  1.000000E-30  1.000000E-30  1.000000E-30  1.000000E-30  1.000000E-30
     92  4.230932596557E-02  1.000000E-30  1.000000E-30  1.000000E-30  1.000000E-30  1.000000E-30  1.000000E-30  1.000000E-30  1.000000E-30
     93  4.251598135750E-02  1.000000E-30  1.000000E-30  1.000000E-30  1.000000E-30  1.000000E-30  1.000000E-30  1.000000E-30  1.000000E-30
     94  4.274368410830E-02  1.000000E-30  1.000000E-30  1.000000E-30  1.000000E-30  1.000000E-30  1.000000E-30  1.000000E-30  1.000000E-30
     95  4.294191711445E-02  1.000000E-30  1.000000E-30  1.000000E-30  1.000000E-30  1.000000E-30  1.000000E-30  1.000000E-30  1.000000E-30
     96  4.316569238790E-02  1.000000E-30  1.000000E-30  1.000000E-30  1.000000E-30  1.000000E-30  1.000000E-30  1.000000E-30  1.000000E-30
     97  4.339365876136E-02  1.000000E-30  1.000000E-30  1.000000E-30  1.000000E-30  1.000000E-30  1.000000E-30  1.000000E-30  1.000000E-30
     98  4.362382833621E-02  1.000000E-30  1.000000E-30  1.000000E-30  1.000000E-30  1.000000E-30  1.000000E-30  1.000000E-30  1.000000E-30
     99  4.384703699487E-02  1.000000E-30  1.000000E-30  1.000000E-30  1.000000E-30  1.000000E-30  1.000000E-30  1.000000E-30  1.000000E-30
    100  4.408801045744E-02  1.000000E-30  1.000000E-30  1.000000E-30  1.000000E-30  1.000000E-30  1.000000E-30  1.000000E-30  1.000000E-30
    101  4.430336182063E-02  1.000000E-30  1.000000E-30  1.000000E-30  1.000000E-30  1.000000E-30  1.000000E-30  1.000000E-30  1.000000E-30
    102  4.453208602613E-02  1.000000E-30  1.000000E-30  1.000000E-30  1.000000E-30  1.000000E-30  1.000000E-30  1.000000E-30  1.000000E-30
    103  4.474836808964E-02  1.000000E-30  1.000000E-30  1.000000E-30  1.000000E-30  1.000000E-30  1.000000E-30  1.000000E-30  1.000000E-30
    104  4.497736119052E-02  1.000000E-30  1.000000E-30  1.000000E-30  1.000000E-30  1.000000E-30  1.000000E-30  1.000000E-30  1.000000E-30
    105  4.517199675598E-02  1.000000E-30  1.000000E-30  1.000000E-30  1.000000E-30  1.000000E-30  1.000000E-30  1.000000E-30  1.000000E-30
    106  4.536038532241E-02  1.000000E-30  1.000000E-30  1.000000E-30  1.000000E-30  1.000000E-30  1.000000E-30  1.000000E-30  1.000000E-30
    107  4.552484255766E-02  1.000000E-30  1.000000E-30  1.000000E-30  1.000000E-30  1.000000E-30  1.000000E-30  1.000000E-30  1.000000E-30
    108  4.581275722245E-02  1.000000E-30  1.000000E-30  1.000000E-30  1.000000E-30  1.000000E-30  1.000000E-30  1.000000E-30  1.000000E-30
    109  4.603616864208E-02  1.000000E-30  1.000000E-30  1.000000E-30  1.000000E-30  1.000000E-30  1.000000E-30  1.000000E-30  1.000000E-30
    110  4.624194314299E-02  1.000000E-30  1.000000E-30  1.000000E-30  1.000000E-30  1.000000E-30  1.000000E-30  1.000000E-30  1.000000E-30
    111  4.641297951594E-02  1.000000E-30  1.000000E-30  1.000000E-30  1.000000E-30  1.000000E-30  1.000000E-30  1.000000E-30  1.000000E-30
    112  4.656990459822E-02  1.000000E-30  1.000000E-30  1.000000E-30  1.000000E-30  1.000000E-30  1.000000E-30  1.000000E-30  1.000000E-30
    113  4.671253119976E-02  1.000000E-30  1.000000E-30  1.000000E-30  1.000000E-30  1.000000E-30  1.000000E-30  1.000000E-30  1.000000E-30
    114  4.684580987606E-02  1.000000E-30  1.000000E-30  1.000000E-30  1.000000E-30  1.000000E-30  1.000000E-30  1.000000E-30  1.000000E-30
    115  4.697520204195E-02  1.000000E-30  1.000000E-30  1.000000E-30  1.000000E-30  1.000000E-30  1.000000E-30  1.000000E-30  1.000000E-30
    116  4.709649788536E-02  1.000000E-30  1.000000E-30  1.000000E-30  1.000000E-30  1.000000E-30  1.000000E-30  1.000000E-30  1.000000E-30
    117  4.721637454993E-02  1.000000E-30  1.000000E-30  1.000000E-30  1.000000E-30  1.000000E-30  1.000000E-30  1.000000E-30  1.000000E-30
    118  4.732862910872E-02  1.000000E-30  1.000000E-30  1.000000E-30  1.000000E-30  1.000000E-30  1.000000E-30  1.000000E-30  1.000000E-30
    119  4.750539400184E-02  1.000000E-30  1.000000E-30  1.000000E-30  1.000000E-30  1.000000E-30  1.000000E-30  1.000000E-30  1.000000E-30
    120  4.767210524850E-02  1.000000E-30  1.000000E-30  1.000000E-30  1.000000E-30  1.000000E-30  1.000000E-30  1.000000E-30  1.000000E-30
    121  4.783406579930E-02  1.000000E-30  1.000000E-30  1.000000E-30  1.000000E-30  1.000000E-30  1.000000E-30  1.000000E-30  1.000000E-30
    122  4.799263518131E-02  1.000000E-30  1.000000E-30  1.000000E-30  1.000000E-30  1.000000E-30  1.000000E-30  1.000000E-30  1.000000E-30
    123  4.815339657435E-02  1.000000E-30  1.000000E-30  1.000000E-30  1.000000E-30  1.000000E-30  1.000000E-30  1.000000E-30  1.000000E-30
    124  4.832264594384E-02  1.000000E-30  1.000000E-30  1.000000E-30  1.000000E-30  1.000000E-30  1.000000E-30  1.000000E-30  1.000000E-30
    125  4.849826454798E-02  1.000000E-30  1.000000E-30  1.000000E-30  1.000000E-30  1.000000E-30  1.000000E-30  1.000000E-30  1.000000E-30
    126  4.867786870736E-02  1.000000E-30  1.000000E-30  1.000000E-30  1.000000E-30  1.000000E-30  1.000000E-30  1.000000E-30  1.000000E-30
    127  4.885872256535E-02  1.000000E-30  1.000000E-30  1.000000E-30  1.000000E-30  1.000000E-30  1.000000E-30  1.000000E-30  1.000000E-30
    128  4.903755607841E-02  1.000000E-30  1.000000E-30  1.000000E-30  1.000000E-30  1.000000E-30  1.000000E-30  1.000000E-30  1.000000E-30
    129  4.921259737621E-02  1.000000E-30  1.000000E-30  1.000000E-30  1.000000E-30  1.000000E-30  1.000000E-30  1.000000E-30  1.000000E-30
    130  4.938368810460E-02  1.000000E-30  1.000000E-30  1.000000E-30  1.000000E-30  1.000000E-30  1.000000E-30  1.000000E-30  1.000000E-30
    131  4.955132280349E-02  1.000000E-30  1.000000E-30  1.000000E-30  1.000000E-30  1.000000E-30  1.000000E-30  1.000000E-30  1.000000E-30
    132  4.971624312404E-02  1.000000E-30  1.000000E-30  1.000000E-30  1.000000E-30  1.000000E-30  1.000000E-30  1.000000E-30  1.000000E-30
    133  4.987811857735E-02  1.000000E-30  1.000000E-30  1.000000E-30  1.000000E-30  1.000000E-30  1.000000E-30  1.000000E-30  1.000000E-30
    134  5.003799836445E-02  1.000000E-30  1.000000E-30  1.000000E-30  1.000000E-30  1.000000E-30  1.000000E-30  1.000000E-30  1.000000E-30
    135  5.019682549602E-02  1.000000E-30  1.000000E-30  1.000000E-30  1.000000E-30  1.000000E-30  1.000000E-30  1.000000E-30  1.000000E-30
    136  5.035511419132E-02  1.000000E-30  1.000000E-30  1.000000E-30  1.000000E-30  1.000000E-30  1.000000E-30  1.000000E-30  1.000000E-30
    137  5.051299755300E-02  1.000000E-30  1.000000E-30  1.000000E-30  1.000000E-30  1.000000E-30  1.000000E-30  1.000000E-30  1.000000E-30
    138  5.067010535678E-02  1.000000E-30  1.000000E-30  1.000000E-30  1.000000E-30  1.000000E-30  1.000000E-30  1.000000E-30  1.000000E-30
    139  5.082726902819E-02  1.000000E-30  1.000000E-30  1.000000E-30  1.000000E-30  1.000000E-30  1.000000E-30  1.000000E-30  1.000000E-30
    140  5.098506829486E-02  1.000000E-30  1.000000E-30  1.000000E-30  1.000000E-30  1.000000E-30  1.000000E-30  1.000000E-30  1.000000E-30
    141  5.114361869269E-02  1.000000E-30  1.000000E-30  1.000000E-30  1.000000E-30  1.000000E-30  1.000000E-30  1.000000E-30  1.000000E-30
    142  5.130328078870E-02  1.000000E-30  1.000000E-30  1.000000E-30  1.000000E-30  1.000000E-30  1.000000E-30  1.000000E-30  1.000000E-30
    143  5.146205644840E-02  1.000000E-30  1.000000E-30  1.000000E-30  1.000000E-30  1.000000E-30  1.000000E-30  1.000000E-30  1.000000E-30
    144  5.162089365231E-02  1.000000E-30  1.000000E-30  1.000000E-30  1.000000E-30  1.000000E-30  1.000000E-30  1.000000E-30  1.000000E-30
    145  5.177902725711E-02  1.000000E-30  1.000000E-30  1.000000E-30  1.000000E-30  1.000000E-30  1.000000E-30  1.000000E-30  1.000000E-30
    146  5.193558292952E-02  1.000000E-30  1.000000E-30  1.000000E-30  1.000000E-30  1.000000E-30  1.000000E-30  1.000000E-30  1.000000E-30
    147  5.207655208218E-02  1.000000E-30  1.000000E-30  1.000000E-30  1.000000E-30  1.000000E-30  1.000000E-30  1.000000E-30  1.000000E-30
    148  5.220437120847E-02  1.000000E-30  1.000000E-30  1.000000E-30  1.000000E-30  1.000000E-30  1.000000E-30  1.000000E-30  1.000000E-30
    149  5.240275279905E-02  1.000000E-30  1.000000E-30  1.000000E-30  1.000000E-30  1.000000E-30  1.000000E-30  1.000000E-30  1.000000E-30
    150  5.258707116153E-02  1.000000E-30  1.000000E-30  1.000000E-30  1.000000E-30  1.000000E-30  1.000000E-30  1.000000E-30  1.000000E-30
    151  5.276353482958E-02  1.000000E-30  1.000000E-30  1.000000E-30  1.000000E-30  1.000000E-30  1.000000E-30  1.000000E-30  1.000000E-30
    152  5.293536770993E-02  1.000000E-30  1.000000E-30  1.000000E-30  1.000000E-30  1.000000E-30  1.000000E-30  1.000000E-30  1.000000E-30
    153  5.310288915571E-02  1.000000E-30  1.000000E-30  1.000000E-30  1.000000E-30  1.000000E-30  1.000000E-30  1.000000E-30  1.000000E-30
    154  5.325369291828E-02  1.000000E-30  1.000000E-30  1.000000E-30  1.000000E-30  1.000000E-30  1.000000E-30  1.000000E-30  1.000000E-30
    155  5.339308966526E-02  1.000000E-30  1.000000E-30  1.000000E-30  1.000000E-30  1.000000E-30  1.000000E-30  1.000000E-30  1.000000E-30
    156  5.362726198018E-02  1.000000E-30  1.000000E-30  1.000000E-30  1.000000E-30  1.000000E-30  1.000000E-30  1.000000E-30  1.000000E-30
    157  5.383816121000E-02  1.000000E-30  1.000000E-30  1.000000E-30  1.000000E-30  1.000000E-30  1.000000E-30  1.000000E-30  1.000000E-30
    158  5.403768730975E-02  1.000000E-30  1.000000E-30  1.000000E-30  1.000000E-30  1.000000E-30  1.000000E-30  1.000000E-30  1.000000E-30
    159  5.422986619970E-02  1.000000E-30  1.000000E-30  1.000000E-30  1.000000E-30  1.000000E-30  1.000000E-30  1.000000E-30  1.000000E-30
    160  5.440569294967E-02  1.000000E-30  1.000000E-30  1.000000E-30  1.000000E-30  1.000000E-30  1.000000E-30  1.000000E-30  1.000000E-30
    161  5.456994612052E-02  1.000000E-30  1.000000E-30  1.000000E-30  1.000000E-30  1.000000E-30  1.000000E-30  1.000000E-30  1.000000E-30
    162  5.485681963417E-02  1.000000E-30  1.000000E-30  1.000000E-30  1.000000E-30  1.000000E-30  1.000000E-30  1.000000E-30  1.000000E-30
    163  5.511708850657E-02  1.000000E-30  1.000000E-30  1.000000E-30  1.000000E-30  1.000000E-30  1.000000E-30  1.000000E-30  1.000000E-30
    164  5.536560227933E-02  1.000000E-30  1.000000E-30  1.000000E-30  1.000000E-30  1.000000E-30  1.000000E-30  1.000000E-30  1.000000E-30
    165  5.559867087093E-02  1.000000E-30  1.000000E-30  1.000000E-30  1.000000E-30  1.000000E-30  1.000000E-30  1.000000E-30  1.000000E-30
    166  5.582344501454E-02  1.000000E-30  1.000000E-30  1.000000E-30  1.000000E-30  1.000000E-30  1.000000E-30  1.000000E-30  1.000000E-30
    167  5.608267729631E-02  1.000000E-30  1.000000E-30  1.000000E-30  1.000000E-30  1.000000E-30  1.000000E-30  1.000000E-30  1.000000E-30
    168  5.632179590432E-02  1.000000E-30  1.000000E-30  1.000000E-30  1.000000E-30  1.000000E-30  1.000000E-30  1.000000E-30  1.000000E-30
    169  5.658568452696E-02  1.000000E-30  1.000000E-30  1.000000E-30  1.000000E-30  1.000000E-30  1.000000E-30  1.000000E-30  1.000000E-30
    170  5.682194908758E-02  1.000000E-30  1.000000E-30  1.000000E-30  1.000000E-30  1.000000E-30  1.000000E-30  1.000000E-30  1.000000E-30
    171  5.707748662895E-02  1.000000E-30  1.000000E-30  1.000000E-30  1.000000E-30  1.000000E-30  1.000000E-30  1.000000E-30  1.000000E-30
    172  5.730159219632E-02  1.000000E-30  1.000000E-30  1.000000E-30  1.000000E-30  1.000000E-30  1.000000E-30  1.000000E-30  1.000000E-30
    173  5.769211250520E-02  1.000000E-30  1.000000E-30  1.000000E-30  1.000000E-30  1.000000E-30  1.000000E-30  1.000000E-30  1.000000E-30
    174  5.804755660481E-02  1.000000E-30  1.000000E-30  1.000000E-30  1.000000E-30  1.000000E-30  1.000000E-30  1.000000E-30  1.000000E-30
    175  5.837706807704E-02  1.000000E-30  1.000000E-30  1.000000E-30  1.000000E-30  1.000000E-30  1.000000E-30  1.000000E-30  1.000000E-30
    176  5.868213309337E-02  1.000000E-30  1.000000E-30  1.000000E-30  1.000000E-30  1.000000E-30  1.000000E-30  1.000000E-30  1.000000E-30
    177  5.897372529375E-02  1.000000E-30  1.000000E-30  1.000000E-30  1.000000E-30  1.000000E-30  1.000000E-30  1.000000E-30  1.000000E-30
    178  5.927019313219E-02  1.000000E-30  1.000000E-30  1.000000E-30  1.000000E-30  1.000000E-30  1.000000E-30  1.000000E-30  1.000000E-30
    179  5.955970264735E-02  1.000000E-30  1.000000E-30  1.000000E-30  1.000000E-30  1.000000E-30  1.000000E-30  1.000000E-30  1.000000E-30
    180  5.987296131417E-02  1.000000E-30  1.000000E-30  1.000000E-30  1.000000E-30  1.000000E-30  1.000000E-30  1.000000E-30  1.000000E-30
    181  6.018239261751E-02  1.000000E-30  1.000000E-30  1.000000E-30  1.000000E-30  1.000000E-30  1.000000E-30  1.000000E-30  1.000000E-30
    182  6.051941164510E-02  1.000000E-30  1.000000E-30  1.000000E-30  1.000000E-30  1.000000E-30  1.000000E-30  1.000000E-30  1.000000E-30
    183  6.081686890997E-02  1.000000E-30  1.000000E-30  1.000000E-30  1.000000E-30  1.000000E-30  1.000000E-30  1.000000E-30  1.000000E-30
    184  6.107970107709E-02  1.000000E-30  1.000000E-30  1.000000E-30  1.000000E-30  1.000000E-30  1.000000E-30  1.000000E-30  1.000000E-30
    185  6.149099227918E-02  1.000000E-30  1.000000E-30  1.000000E-30  1.000000E-30  1.000000E-30  1.000000E-30  1.000000E-30  1.000000E-30
    186  6.184187848266E-02  1.000000E-30  1.000000E-30  1.000000E-30  1.000000E-30  1.000000E-30  1.000000E-30  1.000000E-30  1.000000E-30
    187  6.212841772032E-02  1.000000E-30  1.000000E-30  1.000000E-30  1.000000E-30  1.000000E-30  1.000000E-30  1.000000E-30  1.000000E-30
    188  6.241083345826E-02  1.000000E-30  1.000000E-30  1.000000E-30  1.000000E-30  1.000000E-30  1.000000E-30  1.000000E-30  1.000000E-30
    189  6.286334795077E-02  1.000000E-30  1.000000E-30  1.000000E-30  1.000000E-30  1.000000E-30  1.000000E-30  1.000000E-30  1.000000E-30
    190  6.324448148531E-02  1.000000E-30  1.000000E-30  1.000000E-30  1.000000E-30  1.000000E-30  1.000000E-30  1.000000E-30  1.000000E-30
    191  6.354755735680E-02  1.000000E-30  1.000000E-30  1.000000E-30  1.000000E-30  1.000000E-30  1.000000E-30  1.000000E-30  1.000000E-30
    192  6.382753282149E-02  1.000000E-30  1.000000E-30  1.000000E-30  1.000000E-30  1.000000E-30  1.000000E-30  1.000000E-30  1.000000E-30
    193  6.429792763326E-02  1.000000E-30  1.000000E-30  1.000000E-30  1.000000E-30  1.000000E-30  1.000000E-30  1.000000E-30  1.000000E-30
    194  6.470641913937E-02  2.102007E-30  1.000000E-30  1.000000E-30  1.000000E-30  1.000000E-30  1.000000E-30  1.000000E-30  1.000000E-30
    195  6.514351188605E-02  6.573856E-30  1.000000E-30  1.000000E-30  1.000000E-30  1.000000E-30  1.000000E-30  1.000000E-30  1.000000E-30
    196  6.551961572666E-02  1.743568E-29  1.000000E-30  1.000000E-30  1.000000E-30  1.000000E-30  1.000000E-30  1.000000E-30  1.000000E-30
    197  6.614173306661E-02  8.749952E-29  3.218761E-30  1.000000E-30  1.000000E-30  1.000000E-30  1.000000E-30  1.000000E-30  1.000000E-30
    198  6.666431851744E-02  3.389068E-28  1.346948E-29  1.000000E-30  1.000000E-30  1.000000E-30  1.000000E-30  1.000000E-30  1.000000E-30
    199  6.714973898932E-02  1.192025E-27  4.957955E-29  1.000000E-30  1.000000E-30  1.000000E-30  1.000000E-30  1.000000E-30  1.000000E-30
    200  6.763365269933E-02  4.177739E-27  1.818722E-28  1.158756E-30  1.000000E-30  1.000000E-30  1.000000E-30  1.000000E-30  1.000000E-30
    201  6.810748363549E-02  1.426083E-26  6.492955E-28  4.370916E-30  1.000000E-30  1.000000E-30  1.000000E-30  1.000000E-30  1.000000E-30
    202  6.886988901479E-02  1.025842E-25  5.021069E-27  3.644051E-29  1.000000E-30  1.000000E-30  1.000000E-30  1.000000E-30  1.000000E-30
    203  6.932442343830E-02  3.325321E-25  1.700085E-26  1.291051E-28  1.000000E-30  1.000000E-30  1.000000E-30  1.000000E-30  1.000000E-30
    204  6.977291475786E-02  1.058615E-24  5.650300E-26  4.488241E-28  1.000000E-30  1.000000E-30  1.000000E-30  1.000000E-30  1.000000E-30
    205  7.051837306122E-02  7.200793E-24  4.129030E-25  3.535736E-27  1.000000E-30  1.000000E-30  1.000000E-30  1.000000E-30  1.000000E-30
    206  7.120724846930E-02  4.194922E-23  2.571540E-24  2.362111E-26  2.044177E-30  1.000000E-30  1.000000E-30  1.000000E-30  1.000000E-30
    207  7.185571854523E-02  2.179001E-22  1.422880E-23  1.396960E-25  1.219525E-29  1.000000E-30  1.000000E-30  1.000000E-30  1.000000E-30
    208  7.250556240022E-02  1.117754E-21  7.778841E-23  8.168414E-25  7.101102E-29  1.000000E-30  1.000000E-30  1.000000E-30  1.000000E-30
    209  7.308358088908E-02  4.700986E-21  3.463265E-22  3.862974E-24  3.345972E-28  1.000000E-30  1.000000E-30  1.000000E-30  1.000000E-30
    210  7.365083251161E-02  1.888091E-20  1.471228E-21  1.741822E-23  1.503373E-27  1.000000E-30  1.000000E-30  1.000000E-30  1.000000E-30
    211  7.420607479025E-02  7.194506E-20  5.923800E-21  7.437475E-23  6.397379E-27  1.000000E-30  1.000000E-30  1.000000E-30  1.000000E-30
    212  7.477269193766E-02  2.740436E-19  2.387525E-20  3.183878E-22  2.729208E-26  1.542818E-30  1.000000E-30  1.000000E-30  1.000000E-30
    213  7.532671922740E-02  9.831483E-19  9.054185E-20  1.281307E-21  1.094687E-25  6.369446E-30  1.000000E-30  1.000000E-30  1.000000E-30
    214  7.590819975934E-02  3.626001E-18  3.540399E-19  5.334495E-21  4.541900E-25  2.689990E-29  1.000000E-30  1.000000E-30  1.000000E-30
    215  7.648106882397E-02  1.260850E-17  1.304412E-18  2.091555E-20  1.774862E-24  1.070083E-28  1.000000E-30  1.000000E-30  1.000000E-30
    216  7.706864365518E-02  4.332460E-17  4.757390E-18  8.134235E-20  6.879368E-24  4.225307E-28  1.000000E-30  1.000000E-30  1.000000E-30
    217  7.765097184480E-02  1.406029E-16  1.638315E-17  2.986655E-19  2.517605E-23  1.575446E-27  1.000000E-30  1.000000E-30  1.000000E-30
    218  7.824188421090E-02  4.421596E-16  5.473403E-17  1.065378E-18  8.951080E-23  5.710176E-27  1.000000E-30  1.000000E-30  1.000000E-30
    219  7.883216312169E-02  1.320607E-15  1.736917E-16  3.610748E-18  3.023858E-22  1.966950E-26  1.000000E-30  1.000000E-30  1.000000E-30
    220  7.934760137230E-02  3.295919E-15  4.571567E-16  1.006923E-17  8.409044E-22  5.564927E-26  1.000000E-30  1.000000E-30  1.000000E-30
    221  7.991019390762E-02  8.571677E-15  1.260195E-15  2.957501E-17  2.462446E-21  1.660916E-25  1.000000E-30  1.000000E-30  1.000000E-30
    222  8.044081450283E-02  2.030225E-14  3.153830E-15  7.860528E-17  6.526406E-21  4.482818E-25  1.000000E-30  1.000000E-30  1.000000E-30
    223  8.103419684334E-02  5.103840E-14  8.434092E-15  2.249213E-16  1.861693E-20  1.305316E-24  1.000000E-30  1.000000E-30  1.000000E-30
    224  8.158988408622E-02  1.164867E-13  2.040286E-14  5.799899E-16  4.786894E-20  3.422572E-24  1.000000E-30  1.000000E-30  1.000000E-30
    225  8.219791245697E-02  2.762876E-13  5.158335E-14  1.572988E-15  1.294259E-19  9.456349E-24  1.000000E-30  1.000000E-30  1.000000E-30
    226  8.273529679330E-02  5.744052E-13  1.134913E-13  3.683594E-15  3.022792E-19  2.251771E-23  1.000000E-30  1.000000E-30  1.000000E-30
    227  8.327310875316E-02  1.163051E-12  2.432613E-13  8.407871E-15  6.881540E-19  5.227944E-23  1.000000E-30  1.000000E-30  1.000000E-30
    228  8.381967664174E-02  2.321504E-12  5.146087E-13  1.896725E-14  1.548373E-18  1.200346E-22  1.000000E-30  1.000000E-30  1.000000E-30
    229  8.442137901789E-02  4.832772E-12  1.142305E-12  4.520637E-14  3.680148E-18  2.918077E-22  1.000000E-30  1.000000E-30  1.000000E-30
    230  8.496109010092E-02  9.121419E-12  2.284444E-12  9.640874E-14  7.829517E-18  6.336877E-22  1.000000E-30  1.000000E-30  1.000000E-30
    231  8.556251684447E-02  1.808486E-11  4.832335E-12  2.191738E-13  1.775338E-17  1.470573E-21  1.000000E-30  1.000000E-30  1.000000E-30
    232  8.609514523980E-02  3.252448E-11  9.205555E-12  4.451927E-13  3.598158E-17  3.043128E-21  1.000000E-30  1.000000E-30  1.000000E-30
    233  8.668730402486E-02  6.125722E-11  1.848907E-11  9.607107E-13  7.746380E-17  6.706728E-21  1.000000E-30  1.000000E-30  1.000000E-30
    234  8.725638446658E-02  1.105367E-10  3.550101E-11  1.977526E-12  1.591043E-16  1.409335E-20  1.000000E-30  1.000000E-30  1.000000E-30
    235  8.784892152766E-02  2.007111E-10  6.878496E-11  4.120813E-12  3.308264E-16  3.001889E-20  1.000000E-30  1.000000E-30  1.000000E-30
    236  8.837914431516E-02  3.372750E-10  1.225257E-10  7.837166E-12  6.280139E-16  5.824280E-20  1.000000E-30  1.000000E-30  1.000000E-30
    237  8.927467123273E-02  7.866876E-10  3.155149E-10  2.256112E-11  1.802539E-15  1.735406E-19  1.000000E-30  1.000000E-30  1.000000E-30
    238  9.009385267910E-02  1.654609E-09  7.269731E-10  5.762429E-11  4.592332E-15  4.578519E-19  1.000000E-30  1.000000E-30  1.000000E-30
    239  9.088007009323E-02  3.289624E-09  1.578387E-09  1.382292E-10  1.099134E-14  1.133776E-18  1.000000E-30  1.000000E-30  1.000000E-30
    240  9.160938796651E-02  6.084227E-09  3.169157E-09  3.046486E-10  2.417736E-14  2.575265E-18  1.000000E-30  1.000000E-30  1.000000E-30
    241  9.231864750676E-02  1.084392E-08  6.120776E-09  6.446405E-10  5.107054E-14  5.614899E-18  1.000000E-30  1.000000E-30  1.000000E-30
    242  9.335415502949E-02  2.435642E-08  1.546812E-08  1.863884E-09  1.473259E-13  1.697879E-17  1.000000E-30  1.000000E-30  1.000000E-30
    243  9.429165011748E-02  4.895850E-08  3.462728E-08  4.719889E-09  3.724019E-13  4.482889E-17  1.000000E-30  1.000000E-30  1.000000E-30
    244  9.514750284226E-02  9.005289E-08  7.031723E-08  1.073585E-08  8.458811E-13  1.060204E-16  1.000000E-30  1.000000E-30  1.000000E-30
    245  9.592869681963E-02  1.533660E-07  1.311395E-07  2.222425E-08  1.749180E-12  2.276132E-16  1.000000E-30  1.000000E-30  1.000000E-30
    246  9.638259128200E-02  2.068600E-07  1.865357E-07  3.360903E-08  2.643826E-12  3.517117E-16  1.000000E-30  1.000000E-30  1.000000E-30
    247  9.686466198075E-02  2.817840E-07  2.688898E-07  5.171620E-08  4.066238E-12  5.538895E-16  1.000000E-30  1.000000E-30  1.000000E-30
    248  9.745016881397E-02  4.051066E-07  4.141724E-07  8.626594E-08  6.779503E-12  9.507007E-16  1.000000E-30  1.000000E-30  1.000000E-30
    249  9.798964068785E-02  5.589843E-07  6.091513E-07  1.365986E-07  1.073153E-11  1.546178E-15  1.000000E-30  1.000000E-30  1.000000E-30
    250  9.892639389759E-02  9.484691E-07  1.155575E-06  2.949112E-07  2.316168E-11  3.499922E-15  1.000000E-30  1.000000E-30  1.000000E-30
    251  9.977784733458E-02  1.475746E-06  1.991170E-06  5.721458E-07  4.493509E-11  7.096320E-15  1.000000E-30  1.000000E-30  1.000000E-30
    252  1.005622893962E-01  2.136667E-06  3.169719E-06  1.017221E-06  7.990948E-11  1.315160E-14  1.000000E-30  1.000000E-30  1.000000E-30
    253  1.013070552067E-01  2.918945E-06  4.740622E-06  1.691076E-06  1.329038E-10  2.276235E-14  1.000000E-30  1.000000E-30  1.000000E-30
    254  1.019791947326E-01  3.726165E-06  6.569435E-06  2.579713E-06  2.028591E-10  3.603077E-14  1.000000E-30  1.000000E-30  1.000000E-30
    255  1.025982572428E-01  4.506331E-06  8.573231E-06  3.680644E-06  2.896276E-10  5.321578E-14  1.000000E-30  1.000000E-30  1.000000E-30
    256  1.032644197032E-01  5.311588E-06  1.097158E-05  5.187591E-06  4.085697E-10  7.789309E-14  1.000000E-30  1.000000E-30  1.000000E-30
    257  1.039121745974E-01  5.983516E-06  1.339479E-05  6.961415E-06  5.488322E-10  1.085044E-13  1.000000E-30  1.000000E-30  1.000000E-30
    258  1.045193471709E-01  6.455295E-06  1.558944E-05  8.858968E-06  6.991966E-10  1.430726E-13  1.000000E-30  1.000000E-30  1.000000E-30
    259  1.051181778144E-01  6.738446E-06  1.754241E-05  1.089169E-05  8.606686E-10  1.822619E-13  1.000000E-30  1.000000E-30  1.000000E-30
    260  1.056826419982E-01  6.834785E-06  1.910443E-05  1.290020E-05  1.020663E-09  2.233217E-13  1.000000E-30  1.000000E-30  1.000000E-30
    261  1.062431336111E-01  6.778664E-06  2.034246E-05  1.494052E-05  1.183695E-09  2.676153E-13  1.000000E-30  1.000000E-30  1.000000E-30
    262  1.068146627648E-01  6.590290E-06  2.126840E-05  1.702497E-05  1.350852E-09  3.158777E-13  1.000000E-30  1.000000E-30  1.000000E-30
    263  1.073656177930E-01  6.311470E-06  2.185237E-05  1.901274E-05  1.510894E-09  3.650794E-13  1.000000E-30  1.000000E-30  1.000000E-30
    264  1.079139362418E-01  5.964983E-06  2.215928E-05  2.096181E-05  1.668493E-09  4.166556E-13  1.000000E-30  1.000000E-30  1.000000E-30
    265  1.084202130578E-01  5.605494E-06  2.222843E-05  2.272462E-05  1.811677E-09  4.664945E-13  1.000000E-30  1.000000E-30  1.000000E-30
    266  1.089957947327E-01  5.171997E-06  2.209453E-05  2.468058E-05  1.971357E-09  5.257702E-13  1.000000E-30  1.000000E-30  1.000000E-30
    267  1.095139929398E-01  4.773473E-06  2.181187E-05  2.639960E-05  2.112475E-09  5.816801E-13  1.000000E-30  1.000000E-30  1.000000E-30
    268  1.100036617482E-01  4.398564E-06  2.142675E-05  2.799258E-05  2.243959E-09  6.369609E-13  1.000000E-30  1.000000E-30  1.000000E-30
    269  1.105581599754E-01  3.985874E-06  2.088068E-05  2.975534E-05  2.390370E-09  7.024951E-13  1.000000E-30  1.000000E-30  1.000000E-30
    270  1.111738162549E-01  3.550215E-06  2.016821E-05  3.166416E-05  2.550125E-09  7.791944E-13  1.000000E-30  1.000000E-30  1.000000E-30
    271  1.117276452796E-01  3.181810E-06  1.945203E-05  3.334784E-05  2.692183E-09  8.522139E-13  1.000000E-30  1.000000E-30  1.000000E-30
    272  1.122547306619E-01  2.855154E-06  1.872428E-05  3.492036E-05  2.825939E-09  9.254605E-13  1.000000E-30  1.000000E-30  1.000000E-30
    273  1.128196390807E-01  2.532684E-06  1.791223E-05  3.657498E-05  2.967898E-09  1.008318E-12  1.000000E-30  1.000000E-30  1.000000E-30
    274  1.134172103791E-01  2.222340E-06  1.703136E-05  3.829893E-05  3.117200E-09  1.101412E-12  1.000000E-30  1.000000E-30  1.000000E-30
    275  1.139661173569E-01  1.964139E-06  1.621269E-05  3.986761E-05  3.254319E-09  1.192450E-12  1.000000E-30  1.000000E-30  1.000000E-30
    276  1.145721141816E-01  1.708821E-06  1.531490E-05  4.158472E-05  3.405873E-09  1.299582E-12  1.000000E-30  1.000000E-30  1.000000E-30
    277  1.151138636995E-01  1.505477E-06  1.452629E-05  4.311402E-05  3.542154E-09  1.401886E-12  1.000000E-30  1.000000E-30  1.000000E-30
    278  1.160623872824E-01  1.199244E-06  1.318370E-05  4.581212E-05  3.785496E-09  1.598376E-12  1.000000E-30  1.000000E-30  1.000000E-30
    279  1.166131253687E-01  1.048555E-06  1.243892E-05  4.739250E-05  3.929812E-09  1.723597E-12  1.000000E-30  1.000000E-30  1.000000E-30
    280  1.171578902390E-01  9.166914E-07  1.172886E-05  4.897042E-05  4.075222E-09  1.856437E-12  1.000000E-30  1.000000E-30  1.000000E-30
    281  1.179966344325E-01  7.424766E-07  1.068320E-05  5.143318E-05  4.304836E-09  2.080195E-12  1.000000E-30  1.000000E-30  1.000000E-30
    282  1.184626561866E-01  6.594471E-07  1.013089E-05  5.281066E-05  4.434806E-09  2.215101E-12  1.000000E-30  1.000000E-30  1.000000E-30
    283  1.189221956404E-01  5.860584E-07  9.605998E-06  5.417128E-05  4.564351E-09  2.355947E-12  1.000000E-30  1.000000E-30  1.000000E-30
    284  1.197605220964E-01  4.705674E-07  8.689541E-06  5.665633E-05  4.804070E-09  2.634372E-12  1.000000E-30  1.000000E-30  1.000000E-30
    285  1.205341475296E-01  3.829498E-07  7.898654E-06  5.892697E-05  5.027125E-09  2.916898E-12  1.000000E-30  1.000000E-30  1.000000E-30
    286  1.212540834288E-01  3.149879E-07  7.206506E-06  6.101009E-05  5.235498E-09  3.203571E-12  1.000000E-30  1.000000E-30  1.000000E-30
    287  1.219299358624E-01  2.613296E-07  6.594525E-06  6.293186E-05  5.431234E-09  3.495023E-12  1.000000E-30  1.000000E-30  1.000000E-30
    288  1.225766858039E-01  2.180649E-07  6.046039E-06  6.473280E-05  5.618059E-09  3.795411E-12  1.000000E-30  1.000000E-30  1.000000E-30
    289  1.231854533608E-01  1.834001E-07  5.559582E-06  6.639589E-05  5.793678E-09  4.099024E-12  1.000000E-30  1.000000E-30  1.000000E-30
    290  1.237219182154E-01  1.571274E-07  5.155195E-06  6.783538E-05  5.948251E-09  4.384546E-12  1.000000E-30  1.000000E-30  1.000000E-30
    291  1.242404039059E-01  1.351430E-07  4.787285E-06  6.920299E-05  6.097467E-09  4.677525E-12  1.000000E-30  1.000000E-30  1.000000E-30
    292  1.248086455930E-01  1.143901E-07  4.408826E-06  7.067819E-05  6.261100E-09  5.019358E-12  1.000000E-30  1.000000E-30  1.000000E-30
    293  1.253177247642E-01  9.830175E-08  4.088721E-06  7.198413E-05  6.408290E-09  5.345729E-12  1.000000E-30  1.000000E-30  1.000000E-30
    294  1.258810647447E-01  8.301661E-08  3.757816E-06  7.341235E-05  6.571914E-09  5.730579E-12  1.000000E-30  1.000000E-30  1.000000E-30
    295  1.264205598797E-01  7.053620E-08  3.463244E-06  7.476718E-05  6.729738E-09  6.124419E-12  1.000000E-30  1.000000E-30  1.000000E-30
    296  1.270317883483E-01  5.852027E-08  3.152513E-06  7.629415E-05  6.910623E-09  6.603575E-12  1.000000E-30  1.000000E-30  1.000000E-30
    297  1.275757308169E-01  4.947873E-08  2.896211E-06  7.764939E-05  7.073859E-09  7.062012E-12  1.000000E-30  1.000000E-30  1.000000E-30
    298  1.286048671531E-01  3.592843E-08  2.462728E-06  8.021372E-05  7.389731E-09  8.021265E-12  1.000000E-30  1.000000E-30  1.000000E-30
    299  1.290949488661E-01  3.077784E-08  2.276227E-06  8.144179E-05  7.544153E-09  8.525415E-12  1.000000E-30  1.000000E-30  1.000000E-30
    300  1.295345101683E-01  2.677284E-08  2.120133E-06  8.254797E-05  7.685014E-09  9.006033E-12  1.000000E-30  1.000000E-30  1.000000E-30
    301  1.303954523490E-01  2.034825E-08  1.843198E-06  8.473102E-05  7.967891E-09  1.003246E-11  1.000000E-30  1.000000E-30  1.000000E-30
    302  1.308549873199E-01  1.754406E-08  1.708511E-06  8.590813E-05  8.123041E-09  1.063100E-11  1.000000E-30  1.000000E-30  1.000000E-30
    303  1.312776310019E-01  1.529560E-08  1.592555E-06  8.699826E-05  8.268379E-09  1.121523E-11  1.000000E-30  1.000000E-30  1.000000E-30
    304  1.320787884157E-01  1.178070E-08  1.392987E-06  8.908455E-05  8.551009E-09  1.241864E-11  1.000000E-30  1.000000E-30  1.000000E-30
    305  1.327308179063E-01  9.505898E-09  1.247574E-06  9.080324E-05  8.788262E-09  1.350000E-11  1.000000E-30  1.000000E-30  1.000000E-30
    306  1.333821207310E-01  7.655558E-09  1.115949E-06  9.253873E-05  9.031949E-09  1.468132E-11  1.000000E-30  1.000000E-30  1.000000E-30
    307  1.339749669338E-01  6.281412E-09  1.007788E-06  9.413339E-05  9.259626E-09  1.585241E-11  1.000000E-30  1.000000E-30  1.000000E-30
    308  1.345530840576E-01  5.171662E-09  9.115763E-07  9.570205E-05  9.487172E-09  1.709073E-11  1.000000E-30  1.000000E-30  1.000000E-30
    309  1.351098094661E-01  4.280110E-09  8.265540E-07  9.722486E-05  9.711544E-09  1.838115E-11  1.000000E-30  1.000000E-30  1.000000E-30
    310  1.359304916944E-01  3.234236E-09  7.149341E-07  9.948810E-05  1.005163E-08  2.047465E-11  1.000000E-30  1.000000E-30  1.000000E-30
    311  1.363572082699E-01  2.793087E-09  6.625971E-07  1.006728E-04  1.023291E-08  2.166155E-11  1.000000E-30  1.000000E-30  1.000000E-30
    312  1.367788244083E-01  2.412460E-09  6.140020E-07  1.018484E-04  1.041506E-08  2.290644E-11  1.000000E-30  1.000000E-30  1.000000E-30
    313  1.375777712339E-01  1.825373E-09  5.310770E-07  1.040864E-04  1.076840E-08  2.547643E-11  1.000000E-30  1.000000E-30  1.000000E-30
    314  1.380438267916E-01  1.550439E-09  4.878154E-07  1.053969E-04  1.097946E-08  2.711380E-11  1.000000E-30  1.000000E-30  1.000000E-30
    315  1.384690951451E-01  1.333644E-09  4.509336E-07  1.065956E-04  1.117527E-08  2.870523E-11  1.000000E-30  1.000000E-30  1.000000E-30
    316  1.391087445178E-01  1.061496E-09  4.002073E-07  1.084017E-04  1.147555E-08  3.128625E-11  1.000000E-30  1.000000E-30  1.000000E-30
    317  1.397002518981E-01  8.588440E-10  3.582240E-07  1.100735E-04  1.175936E-08  3.388921E-11  1.000000E-30  1.000000E-30  1.000000E-30
    318  1.402705851668E-01  6.991322E-10  3.216197E-07  1.116856E-04  1.203863E-08  3.661446E-11  1.000000E-30  1.000000E-30  1.000000E-30
    319  1.408634912375E-01  5.630060E-10  2.870217E-07  1.133604E-04  1.233483E-08  3.969296E-11  1.000000E-30  1.000000E-30  1.000000E-30
    320  1.414089642241E-01  4.609640E-10  2.583728E-07  1.148985E-04  1.261259E-08  4.276357E-11  1.000000E-30  1.000000E-30  1.000000E-30
    321  1.419220762512E-01  3.817344E-10  2.339742E-07  1.163419E-04  1.287848E-08  4.587794E-11  1.000000E-30  1.000000E-30  1.000000E-30
    322  1.422771704232E-01  3.344778E-10  2.182170E-07  1.173387E-04  1.306513E-08  4.817229E-11  1.000000E-30  1.000000E-30  1.000000E-30
    323  1.426029315631E-01  2.960936E-10  2.046060E-07  1.182511E-04  1.323826E-08  5.038256E-11  1.000000E-30  1.000000E-30  1.000000E-30
    324  1.430135230101E-01  2.538238E-10  1.886087E-07  1.193981E-04  1.345904E-08  5.331931E-11  1.000000E-30  1.000000E-30  1.000000E-30
    325  1.434683796643E-01  2.139281E-10  1.723073E-07  1.206644E-04  1.370698E-08  5.678087E-11  1.000000E-30  1.000000E-30  1.000000E-30
    326  1.440315208021E-01  1.729305E-10  1.539616E-07  1.222249E-04  1.401886E-08  6.139287E-11  1.000000E-30  1.000000E-30  1.000000E-30
    327  1.445490332405E-01  1.418192E-10  1.385746E-07  1.236514E-04  1.431031E-08  6.597751E-11  1.000000E-30  1.000000E-30  1.000000E-30
    328  1.451370980342E-01  1.131147E-10  1.228877E-07  1.252626E-04  1.464713E-08  7.162076E-11  1.000000E-30  1.000000E-30  1.000000E-30
    329  1.457052374241E-01  9.086826E-11  1.093918E-07  1.268084E-04  1.497834E-08  7.754898E-11  1.000000E-30  1.000000E-30  1.000000E-30
    330  1.463107957421E-01  7.171707E-11  9.642546E-08  1.284439E-04  1.533781E-08  8.443750E-11  1.000000E-30  1.000000E-30  1.000000E-30
    331  1.468752132891E-01  5.742729E-11  8.564381E-08  1.299563E-04  1.567900E-08  9.143347E-11  1.000000E-30  1.000000E-30  1.000000E-30
    332  1.475510939381E-01  4.398347E-11  7.428177E-08  1.317517E-04  1.609561E-08  1.006124E-10  1.000000E-30  1.000000E-30  1.000000E-30
    333  1.481899111058E-01  3.407140E-11  6.479491E-08  1.334328E-04  1.649776E-08  1.101814E-10  1.000000E-30  1.000000E-30  1.000000E-30
    334  1.491767377555E-01  2.288003E-11  5.234266E-08  1.359993E-04  1.713565E-08  1.268816E-10  1.000000E-30  1.000000E-30  1.000000E-30
    335  1.497116139607E-01  1.842495E-11  4.660736E-08  1.373754E-04  1.749023E-08  1.370209E-10  1.000000E-30  1.000000E-30  1.000000E-30
    336  1.502421520731E-01  1.480869E-11  4.143939E-08  1.387306E-04  1.784836E-08  1.479321E-10  1.000000E-30  1.000000E-30  1.000000E-30
    337  1.509052103900E-01  1.126025E-11  3.576140E-08  1.404113E-04  1.830535E-08  1.628647E-10  1.000000E-30  1.000000E-30  1.000000E-30
    338  1.515352476696E-01  8.676729E-12  3.108639E-08  1.419961E-04  1.874978E-08  1.785256E-10  1.000000E-30  1.000000E-30  1.000000E-30
    339  1.521327102765E-01  6.747955E-12  2.714365E-08  1.434896E-04  1.918099E-08  1.948678E-10  1.000000E-30  1.000000E-30  1.000000E-30
    340  1.526678407657E-01  5.381918E-12  2.402503E-08  1.448207E-04  1.957573E-08  2.108505E-10  1.000000E-30  1.000000E-30  1.000000E-30
    341  1.532481602429E-01  4.210407E-12  2.104685E-08  1.462586E-04  2.001338E-08  2.297599E-10  1.000000E-30  1.000000E-30  1.000000E-30
    342  1.535863948111E-01  3.646776E-12  1.947767E-08  1.470947E-04  2.027328E-08  2.416058E-10  1.000000E-30  1.000000E-30  1.000000E-30
    343  1.538995751697E-01  3.186280E-12  1.810576E-08  1.478678E-04  2.051721E-08  2.531654E-10  1.000000E-30  1.000000E-30  1.000000E-30
    344  1.546020187628E-01  2.352106E-12  1.536467E-08  1.496001E-04  2.107625E-08  2.812812E-10  1.000000E-30  1.000000E-30  1.000000E-30
    345  1.552062305672E-01  1.811439E-12  1.334316E-08  1.510901E-04  2.157094E-08  3.081171E-10  1.000000E-30  1.000000E-30  1.000000E-30
    346  1.557875935888E-01  1.404788E-12  1.162859E-08  1.525256E-04  2.205967E-08  3.365445E-10  1.000000E-30  1.000000E-30  1.000000E-30
    347  1.566447447202E-01  9.622592E-13  9.474231E-09  1.546496E-04  2.280440E-08  3.836871E-10  1.000000E-30  1.000000E-30  1.000000E-30
    348  1.574294426159E-01  6.802358E-13  7.854621E-09  1.566057E-04  2.351296E-08  4.330349E-10  1.000000E-30  1.000000E-30  1.000000E-30
    349  1.581710514975E-01  4.871862E-13  6.554140E-09  1.584680E-04  2.420768E-08  4.859992E-10  1.000000E-30  1.000000E-30  1.000000E-30
    350  1.588328903187E-01  3.616607E-13  5.578057E-09  1.601433E-04  2.484934E-08  5.391022E-10  1.000000E-30  1.000000E-30  1.000000E-30
    351  1.594606073659E-01  2.722915E-13  4.784330E-09  1.617452E-04  2.547770E-08  5.952260E-10  1.000000E-30  1.000000E-30  1.000000E-30
    352  1.600565792087E-01  2.071366E-13  4.125019E-09  1.632786E-04  2.609286E-08  6.543656E-10  1.000000E-30  1.000000E-30  1.000000E-30
    353  1.607059625219E-01  1.537952E-13  3.511295E-09  1.649641E-04  2.678451E-08  7.259780E-10  1.000000E-30  1.000000E-30  1.000000E-30
    354  1.613957576202E-01  1.119686E-13  2.957990E-09  1.667714E-04  2.754452E-08  8.112876E-10  1.000000E-30  1.000000E-30  1.000000E-30
    355  1.620398820205E-01  8.288499E-14  2.513506E-09  1.684749E-04  2.827865E-08  9.007183E-10  1.000000E-30  1.000000E-30  1.000000E-30
    356  1.627691861850E-01  5.901554E-14  2.092549E-09  1.704219E-04  2.913943E-08  1.014733E-09  1.000000E-30  1.000000E-30  1.000000E-30
    357  1.634667099868E-01  4.254270E-14  1.754056E-09  1.723012E-04  2.999327E-08  1.138286E-09  1.000000E-30  1.000000E-30  1.000000E-30
    358  1.645369737572E-01  2.564585E-14  1.335587E-09  1.752152E-04  3.136426E-08  1.360059E-09  1.000000E-30  1.000000E-30  1.000000E-30
    359  1.651200899964E-01  1.948403E-14  1.152747E-09  1.768168E-04  3.214357E-08  1.499778E-09  1.000000E-30  1.000000E-30  1.000000E-30
    360  1.656939516385E-01  1.480059E-14  9.946079E-10  1.784014E-04  3.293366E-08  1.652459E-09  1.000000E-30  1.000000E-30  1.000000E-30
    361  1.664404283242E-01  1.037135E-14  8.226471E-10  1.804736E-04  3.399671E-08  1.876045E-09  1.000000E-30  1.000000E-30  1.000000E-30
    362  1.671401020014E-01  7.439966E-15  6.897376E-10  1.824253E-04  3.503044E-08  2.114830E-09  1.000000E-30  1.000000E-30  1.000000E-30
    363  1.682228463170E-01  4.433521E-15  5.248001E-10  1.854592E-04  3.670406E-08  2.550267E-09  1.000000E-30  1.000000E-30  1.000000E-30
    364  1.688914277275E-01  3.237655E-15  4.455475E-10  1.873381E-04  3.778390E-08  2.865417E-09  1.000000E-30  1.000000E-30  1.000000E-30
    365  1.695862681704E-01  2.326713E-15  3.754459E-10  1.892933E-04  3.894516E-08  3.237502E-09  1.000000E-30  1.000000E-30  1.000000E-30
    366  1.708796298676E-01  1.277839E-15  2.772240E-10  1.929334E-04  4.121672E-08  4.071565E-09  1.000000E-30  1.000000E-30  1.000000E-30
    367  1.720689125062E-01  7.439187E-16  2.126498E-10  1.962733E-04  4.343831E-08  5.040592E-09  1.000000E-30  1.000000E-30  1.000000E-30
    368  1.730357271347E-01  4.878338E-16  1.746003E-10  1.989776E-04  4.534324E-08  6.005996E-09  1.000000E-30  1.000000E-30  1.000000E-30
    369  1.739185931198E-01  3.357365E-16  1.478703E-10  2.014347E-04  4.716410E-08  7.058868E-09  1.000000E-30  1.000000E-30  1.000000E-30
    370  1.748109107026E-01  2.346791E-16  1.275117E-10  2.039032E-04  4.908675E-08  8.320820E-09  1.000000E-30  1.000000E-30  1.000000E-30
    371  1.757092013639E-01  1.659120E-16  1.117600E-10  2.063699E-04  5.110951E-08  9.834481E-09  1.000000E-30  1.000000E-30  1.000000E-30
    372  1.765567714958E-01  1.222628E-16  1.008516E-10  2.086780E-04  5.310155E-08  1.152637E-08  1.000000E-30  1.000000E-30  1.000000E-30
    373  1.775373762473E-01  8.716982E-17  9.138891E-11  2.113220E-04  5.551215E-08  1.387546E-08  1.000000E-30  1.000000E-30  1.000000E-30
    374  1.784803688374E-01  6.452966E-17  8.521720E-11  2.138349E-04  5.794242E-08  1.660620E-08  1.000000E-30  1.000000E-30  1.000000E-30
    375  1.795112536071E-01  4.713021E-17  8.060539E-11  2.165456E-04  6.073253E-08  2.025243E-08  1.000000E-30  1.000000E-30  1.000000E-30
    376  1.804824008025E-01  3.575988E-17  7.805556E-11  2.190616E-04  6.349611E-08  2.445335E-08  1.000000E-30  1.000000E-30  1.000000E-30
    377  1.815169070317E-01  2.690437E-17  7.659587E-11  2.216991E-04  6.659389E-08  2.995677E-08  1.000000E-30  1.000000E-30  1.000000E-30
    378  1.825428215499E-01  2.057539E-17  7.623779E-11  2.242689E-04  6.983229E-08  3.670250E-08  1.000000E-30  1.000000E-30  1.000000E-30
    379  1.841355644659E-01  1.376171E-17  7.711390E-11  2.281649E-04  7.521249E-08  5.051285E-08  1.000000E-30  1.000000E-30  1.000000E-30
    380  1.856860183354E-01  9.421221E-18  7.915322E-11  2.318456E-04  8.089713E-08  6.927761E-08  1.000000E-30  1.000000E-30  1.000000E-30
    381  1.870847965371E-01  6.775736E-18  8.171434E-11  2.350724E-04  8.644119E-08  9.249254E-08  1.000000E-30  1.000000E-30  1.000000E-30
    382  1.883699545972E-01  5.072359E-18  8.452862E-11  2.379613E-04  9.191511E-08  1.210283E-07  1.000000E-30  1.000000E-30  1.000000E-30
    383  1.895671856375E-01  3.920986E-18  8.747555E-11  2.405904E-04  9.737138E-08  1.559871E-07  1.000000E-30  1.000000E-30  1.000000E-30
    384  1.907324824205E-01  3.106077E-18  9.061875E-11  2.430951E-04  1.030406E-07  2.002775E-07  1.000000E-30  1.000000E-30  1.000000E-30
    385  1.917913284253E-01  2.567893E-18  9.369707E-11  2.453270E-04  1.085229E-07  2.519156E-07  1.000000E-30  1.000000E-30  1.000000E-30
    386  1.928179034582E-01  2.176846E-18  9.687337E-11  2.474525E-04  1.141621E-07  3.155339E-07  1.000000E-30  1.000000E-30  1.000000E-30
    387  1.939781308337E-01  1.868410E-18  1.006920E-10  2.498102E-04  1.209474E-07  4.079212E-07  1.000000E-30  1.000000E-30  1.000000E-30
    388  1.950365569225E-01  1.673403E-18  1.043820E-10  2.519186E-04  1.275473E-07  5.172055E-07  1.000000E-30  1.000000E-30  1.000000E-30
    389  1.963061656501E-01  1.529569E-18  1.090677E-10  2.543903E-04  1.360190E-07  6.896622E-07  1.000000E-30  1.000000E-30  1.000000E-30
    390  1.975160386553E-01  1.460174E-18  1.137908E-10  2.566781E-04  1.446967E-07  9.102317E-07  1.000000E-30  1.000000E-30  1.000000E-30
    391  1.988970783448E-01  1.439375E-18  1.194803E-10  2.591877E-04  1.553768E-07  1.255043E-06  1.000000E-30  1.000000E-30  1.000000E-30
    392  2.001908516564E-01  1.464539E-18  1.250862E-10  2.614086E-04  1.661787E-07  1.701859E-06  1.000000E-30  1.000000E-30  1.000000E-30
    393  2.023233395230E-01  1.571630E-18  1.348626E-10  2.646594E-04  1.857590E-07  2.833449E-06  1.000000E-30  1.000000E-30  1.000000E-30
    394  2.035207364909E-01  1.658550E-18  1.406143E-10  2.661547E-04  1.977421E-07  3.785785E-06  1.000000E-30  1.000000E-30  1.000000E-30
    395  2.047171141817E-01  1.759218E-18  1.465246E-10  2.672980E-04  2.104000E-07  5.072061E-06  1.000000E-30  1.000000E-30  1.000000E-30
    396  2.061861175315E-01  1.898870E-18  1.539725E-10  2.680392E-04  2.267799E-07  7.280481E-06  1.000000E-30  1.000000E-30  1.000000E-30
    397  2.075162532616E-01  2.037672E-18  1.608632E-10  2.678321E-04  2.422106E-07  1.011151E-05  1.000000E-30  1.000000E-30  1.000000E-30
    398  2.088103947538E-01  2.181930E-18  1.676672E-10  2.665097E-04  2.574417E-07  1.392630E-05  1.000000E-30  1.000000E-30  1.000000E-30
    399  2.102374295066E-01  2.350115E-18  1.752445E-10  2.633026E-04  2.738846E-07  1.978765E-05  1.000000E-30  1.000000E-30  1.000000E-30
    400  2.116254943500E-01  2.521714E-18  1.826490E-10  2.578325E-04  2.886020E-07  2.771392E-05  1.000000E-30  1.000000E-30  1.000000E-30
    401  2.137594200207E-01  2.798863E-18  1.940044E-10  2.432488E-04  3.055696E-07  4.574448E-05  1.000000E-30  1.000000E-30  1.000000E-30
    402  2.149968302441E-01  2.966245E-18  2.005259E-10  2.305406E-04  3.100950E-07  6.021374E-05  1.000000E-30  1.000000E-30  1.000000E-30
    403  2.163578604848E-01  3.155524E-18  2.076075E-10  2.124119E-04  3.084110E-07  8.002655E-05  1.000000E-30  1.000000E-30  1.000000E-30
    404  2.188327022992E-01  3.512780E-18  2.201383E-10  1.693149E-04  2.834725E-07  1.253603E-04  1.000000E-30  1.000000E-30  1.000000E-30
    405  2.210861741802E-01  3.851989E-18  2.310382E-10  1.237239E-04  2.367600E-07  1.719120E-04  1.000000E-30  1.000000E-30  1.000000E-30
    406  2.231360986547E-01  4.171743E-18  2.404337E-10  8.457478E-05  1.833739E-07  2.110028E-04  1.000000E-30  1.000000E-30  1.000000E-30
    407  2.249661932162E-01  4.466270E-18  2.483464E-10  5.616855E-05  1.365229E-07  2.386606E-04  1.000000E-30  1.000000E-30  1.000000E-30
    408  2.266023391923E-01  4.737108E-18  2.550108E-10  3.725796E-05  1.005190E-07  2.564199E-04  1.000000E-30  1.000000E-30  1.000000E-30
    409  2.291569547831E-01  5.175342E-18  2.646037E-10  1.856874E-05  5.921139E-08  2.725650E-04  1.000000E-30  1.000000E-30  1.000000E-30
    410  2.305971902523E-01  5.431496E-18  2.695651E-10  1.237898E-05  4.346419E-08  2.769872E-04  1.000000E-30  1.000000E-30  1.000000E-30
    411  2.319348711247E-01  5.675938E-18  2.738834E-10  8.496307E-06  3.266807E-08  2.790438E-04  1.000000E-30  1.000000E-30  1.000000E-30
    412  2.335360820165E-01  5.977634E-18  2.786888E-10  5.481963E-06  2.353722E-08  2.796607E-04  1.000000E-30  1.000000E-30  1.000000E-30
    413  2.351317971316E-01  6.289248E-18  2.830914E-10  3.633096E-06  1.744095E-08  2.789087E-04  1.000000E-30  1.000000E-30  1.000000E-30
    414  2.376293164755E-01  6.802164E-18  2.892384E-10  2.059969E-06  1.181452E-08  2.760201E-04  1.000000E-30  1.000000E-30  1.000000E-30
    415  2.399259738388E-01  7.305674E-18  2.941403E-10  1.350791E-06  9.154418E-09  2.722365E-04  1.000000E-30  1.000000E-30  1.000000E-30
    416  2.420046682363E-01  7.792766E-18  2.980130E-10  9.967678E-07  7.883493E-09  2.682278E-04  1.000000E-30  1.000000E-30  1.000000E-30
    417  2.451201276448E-01  8.590968E-18  3.029446E-10  6.994666E-07  7.017427E-09  2.615098E-04  1.000000E-30  1.000000E-30  1.000000E-30
    418  2.467564269033E-01  9.049673E-18  3.051811E-10  5.984814E-07  6.824570E-09  2.577209E-04  1.000000E-30  1.000000E-30  1.000000E-30
    419  2.483354027874E-01  9.523067E-18  3.071524E-10  5.204532E-07  6.728169E-09  2.539267E-04  1.000000E-30  1.000000E-30  1.000000E-30
    420  2.499258654919E-01  1.003495E-17  3.089890E-10  4.549727E-07  6.685822E-09  2.499860E-04  1.000000E-30  1.000000E-30  1.000000E-30
    421  2.515152656983E-01  1.058676E-17  3.107138E-10  3.991233E-07  6.677264E-09  2.459446E-04  1.000000E-30  1.000000E-30  1.000000E-30
    422  2.542060864984E-01  1.162910E-17  3.134971E-10  3.207757E-07  6.705833E-09  2.389080E-04  1.000000E-30  1.000000E-30  1.000000E-30
    423  2.556901221114E-01  1.227170E-17  3.150222E-10  2.845335E-07  6.735244E-09  2.349430E-04  1.000000E-30  1.000000E-30  1.000000E-30
    424  2.570805114381E-01  1.292380E-17  3.164848E-10  2.543385E-07  6.768439E-09  2.311863E-04  1.000000E-30  1.000000E-30  1.000000E-30
    425  2.598984391343E-01  1.441429E-17  3.196685E-10  2.027389E-07  6.849092E-09  2.234841E-04  1.000000E-30  1.000000E-30  1.000000E-30
    426  2.622653138568E-01  1.586581E-17  3.227037E-10  1.678791E-07  6.929370E-09  2.169643E-04  1.000000E-30  1.000000E-30  1.000000E-30
    427  2.644885215151E-01  1.741900E-17  3.259661E-10  1.410237E-07  7.016191E-09  2.108342E-04  1.000000E-30  1.000000E-30  1.000000E-30
    428  2.667229470066E-01  1.918713E-17  3.297290E-10  1.188961E-07  7.115932E-09  2.046970E-04  1.000000E-30  1.000000E-30  1.000000E-30
    429  2.687894382327E-01  2.102654E-17  3.336948E-10  1.021104E-07  7.220378E-09  1.990648E-04  1.000000E-30  1.000000E-30  1.000000E-30
    430  2.709436570286E-01  2.317370E-17  3.383637E-10  8.779416E-08  7.342871E-09  1.932586E-04  1.000000E-30  1.000000E-30  1.000000E-30
    431  2.728595154549E-01  2.529856E-17  3.429923E-10  7.738182E-08  7.464375E-09  1.881650E-04  1.000000E-30  1.000000E-30  1.000000E-30
    432  2.763050324764E-01  2.968956E-17  3.524525E-10  6.314046E-08  7.714416E-09  1.792055E-04  1.000000E-30  1.000000E-30  1.000000E-30
    433  2.797281875476E-01  3.488019E-17  3.632341E-10  5.347024E-08  8.004361E-09  1.706005E-04  1.000000E-30  1.000000E-30  1.000000E-30
    434  2.831107064370E-01  4.096095E-17  3.750620E-10  4.720404E-08  8.334293E-09  1.624215E-04  1.000000E-30  1.000000E-30  1.000000E-30
    435  2.863632962154E-01  4.785860E-17  3.872244E-10  4.349601E-08  8.694333E-09  1.548809E-04  1.000000E-30  1.000000E-30  1.000000E-30
    436  2.894106333807E-01  5.541863E-17  3.988691E-10  4.158998E-08  9.072112E-09  1.481150E-04  1.000000E-30  1.000000E-30  1.000000E-30
    437  2.941185503109E-01  6.961349E-17  4.155991E-10  4.086378E-08  9.740821E-09  1.382409E-04  1.000000E-30  1.000000E-30  1.000000E-30
    438  2.983685787405E-01  8.564216E-17  4.258987E-10  4.193079E-08  1.044604E-08  1.299329E-04  1.000000E-30  1.000000E-30  1.000000E-30
    439  3.021949729112E-01  1.033005E-16  4.261775E-10  4.397307E-08  1.118031E-08  1.229411E-04  1.000000E-30  1.000000E-30  1.000000E-30
    440  3.059150641439E-01  1.240298E-16  4.118811E-10  4.680108E-08  1.200230E-08  1.165818E-04  1.000000E-30  1.000000E-30  1.000000E-30
    441  3.094680949786E-01  1.477603E-16  3.788259E-10  5.020932E-08  1.289974E-08  1.109048E-04  1.000000E-30  1.000000E-30  1.000000E-30
    442  3.127856926026E-01  1.740411E-16  3.285343E-10  5.394406E-08  1.383464E-08  1.059433E-04  1.000000E-30  1.000000E-30  1.000000E-30
    443  3.178598433803E-01  2.236117E-16  2.264883E-10  6.037649E-08  1.538592E-08  9.894196E-05  1.000000E-30  1.000000E-30  1.000000E-30
    444  3.224504526026E-01  2.805885E-16  1.370848E-10  6.649950E-08  1.681495E-08  9.313329E-05  1.000000E-30  1.000000E-30  1.000000E-30
    445  3.266870398371E-01  3.460843E-16  7.783733E-11  7.223881E-08  1.811994E-08  8.812910E-05  1.000000E-30  1.000000E-30  1.000000E-30
    446  3.305577136787E-01  4.194135E-16  4.525096E-11  7.770242E-08  1.933947E-08  8.380821E-05  1.000000E-30  1.000000E-30  1.000000E-30
    447  3.362681054783E-01  5.577279E-16  2.321824E-11  8.663768E-08  2.130639E-08  7.782979E-05  1.000000E-30  1.000000E-30  1.000000E-30
    448  3.414589872690E-01  7.244873E-16  1.759301E-11  9.614558E-08  2.337755E-08  7.279172E-05  1.000000E-30  1.000000E-30  1.000000E-30
    449  3.462773530350E-01  9.263667E-16  1.799061E-11  1.065030E-07  2.561403E-08  6.844958E-05  1.000000E-30  1.000000E-30  1.000000E-30
    450  3.508856189623E-01  1.175797E-15  2.100355E-11  1.180673E-07  2.808842E-08  6.459357E-05  1.000000E-30  1.000000E-30  1.000000E-30
    451  3.552628710565E-01  1.479699E-15  2.550598E-11  1.308224E-07  3.079109E-08  6.119307E-05  1.000000E-30  1.000000E-30  1.000000E-30
    452  3.595141079779E-01  1.856005E-15  3.130402E-11  1.451465E-07  3.379498E-08  5.812722E-05  1.000000E-30  1.000000E-30  1.000000E-30
    453  3.636744849418E-01  2.323893E-15  3.849854E-11  1.613214E-07  3.714988E-08  5.534435E-05  1.000000E-30  1.000000E-30  1.000000E-30
    454  3.676260234901E-01  2.884495E-15  4.699919E-11  1.789758E-07  4.076989E-08  5.289210E-05  1.000000E-30  1.000000E-30  1.000000E-30
    455  3.714655117309E-01  3.565872E-15  5.715151E-11  1.985895E-07  4.474416E-08  5.067951E-05  1.000000E-30  1.000000E-30  1.000000E-30
    456  3.752653942304E-01  4.405937E-15  6.943061E-11  2.207242E-07  4.917342E-08  4.864676E-05  1.000000E-30  1.000000E-30  1.000000E-30
    457  3.809506426681E-01  6.060483E-15  9.299103E-11  2.596993E-07  5.684081E-08  4.587863E-05  1.000000E-30  1.000000E-30  1.000000E-30
    458  3.865190953769E-01  8.298099E-15  1.238167E-10  3.058612E-07  6.572584E-08  4.345925E-05  1.000000E-30  1.000000E-30  1.000000E-30
    459  3.928522091207E-01  1.188161E-14  1.713195E-10  3.698792E-07  7.773706E-08  4.102124E-05  1.000000E-30  1.000000E-30  1.000000E-30
    460  3.991093841216E-01  1.696496E-14  2.357747E-10  4.476257E-07  9.190122E-08  3.889949E-05  1.000000E-30  1.000000E-30  1.000000E-30
    461  4.054183851758E-01  2.434099E-14  3.248387E-10  5.437689E-07  1.088669E-07  3.700790E-05  1.000000E-30  1.000000E-30  1.000000E-30
    462  4.147392755742E-01  4.171821E-14  5.204786E-10  7.272137E-07  1.398516E-07  3.458955E-05  1.000000E-30  1.000000E-30  1.000000E-30
    463  4.232199499949E-01  6.862555E-14  7.984365E-10  9.504652E-07  1.756117E-07  3.270300E-05  1.000000E-30  1.000000E-30  1.000000E-30
    464  4.316976825025E-01  1.137450E-13  1.223379E-09  1.245864E-06  2.203889E-07  3.105208E-05  1.000000E-30  1.000000E-30  1.000000E-30
    465  4.393401554526E-01  1.802682E-13  1.792675E-09  1.592813E-06  2.700747E-07  2.972237E-05  1.000000E-30  1.000000E-30  1.000000E-30
    466  4.465935084243E-01  2.794143E-13  2.563467E-09  2.010579E-06  3.265477E-07  2.856540E-05  1.000000E-30  1.000000E-30  1.000000E-30
    467  4.537106765818E-01  4.292724E-13  3.613269E-09  2.520251E-06  3.913348E-07  2.749731E-05  1.000000E-30  1.000000E-30  1.000000E-30
    468  4.602314649238E-01  6.355637E-13  4.903552E-09  3.085533E-06  4.586983E-07  2.654829E-05  1.000000E-30  1.000000E-30  1.000000E-30
    469  4.709552966107E-01  1.209401E-12  7.913306E-09  4.238139E-06  5.836739E-07  2.497700E-05  1.000000E-30  1.000000E-30  1.000000E-30
    470  4.769745726746E-01  1.731950E-12  1.020555E-08  5.009534E-06  6.592028E-07  2.405498E-05  1.000000E-30  1.000000E-30  1.000000E-30
    471  4.828178172001E-01  2.450179E-12  1.293226E-08  5.840924E-06  7.340640E-07  2.311449E-05  1.000000E-30  1.000000E-30  1.000000E-30
    472  4.927188450138E-01  4.388714E-12  1.888133E-08  7.416087E-06  8.587613E-07  2.139809E-05  1.000000E-30  1.000000E-30  1.000000E-30
    473  5.000000000000E-01  6.708999E-12  2.449916E-08  8.682485E-06  9.437243E-07  2.003539E-05  1.000000E-30  1.000000E-30  1.000000E-30
