 *                                      
 * expansion:  temp0=  1.000E+10 den0=  3.000E+06 temp_stop=  1.000E+07
 *          time                sb131         sb132         sb133         sb134         sb135         sb136         sb137         sb138
      1  0.000000000000E+00  1.000000E-30  1.000000E-30  1.000000E-30  1.000000E-30  1.000000E-30  1.000000E-30  1.000000E-30  1.000000E-30
      2  1.000000000000E-16  1.003450E-30  1.005010E-30  1.000000E-30  1.000311E-30  1.000981E-30  1.000000E-30  1.000000E-30  1.001049E-30
      3  6.264265632874E-16  1.022175E-30  1.030082E-30  1.000000E-30  1.002013E-30  1.006052E-30  1.000000E-30  1.000000E-30  1.006544E-30
      4  2.206990590178E-15  1.082180E-30  1.093673E-30  1.000000E-30  1.007724E-30  1.020355E-30  1.000000E-30  1.000000E-30  1.022782E-30
      5  6.425069294186E-15  1.243727E-30  1.201489E-30  1.000000E-30  1.026136E-30  1.052553E-30  1.000000E-30  1.000000E-30  1.064269E-30
      6  1.724777641531E-14  1.518809E-30  1.292617E-30  1.000000E-30  1.080051E-30  1.106269E-30  1.000000E-30  1.000000E-30  1.159382E-30
      7  4.527785414179E-14  1.662517E-30  1.312022E-30  1.000000E-30  1.178482E-30  1.155661E-30  1.000000E-30  1.000000E-30  1.344279E-30
      8  1.231582592127E-13  1.670023E-30  1.312268E-30  1.000096E-30  1.229533E-30  1.170313E-30  1.000000E-30  1.000000E-30  1.586982E-30
      9  4.001734798240E-13  1.663102E-30  1.298584E-30  1.000000E-30  1.232462E-30  1.171783E-30  1.000028E-30  1.000000E-30  1.693674E-30
     10  1.150918682670E-12  1.723165E-30  1.389613E-30  1.016790E-30  1.240798E-30  1.162083E-30  1.000000E-30  1.000000E-30  1.694949E-30
     11  2.802808442389E-12  1.650155E-30  1.317340E-30  1.110707E-30  1.225591E-30  1.151410E-30  1.000000E-30  1.000000E-30  1.692932E-30
     12  6.912921996243E-12  1.723325E-30  1.360488E-30  1.027088E-30  1.282720E-30  1.199367E-30  1.034391E-30  1.000000E-30  1.691406E-30
     13  1.659368270033E-11  1.000000E-30  1.000000E-30  1.000000E-30  1.000000E-30  1.000000E-30  1.000000E-30  1.000000E-30  1.245623E-30
     14  1.134012897413E-10  1.000000E-30  1.000000E-30  1.000000E-30  1.000000E-30  1.000000E-30  1.000000E-30  1.000000E-30  1.000000E-30
     15  1.081477360150E-09  1.000000E-30  1.000000E-30  1.000000E-30  1.000000E-30  1.000000E-30  1.000000E-30  1.000000E-30  1.000000E-30
     16  1.076223806424E-08  1.000000E-30  1.000000E-30  1.000000E-30  1.000000E-30  1.000000E-30  1.000000E-30  1.000000E-30  1.000000E-30
     17  6.834096797002E-08  1.000000E-30  1.000000E-30  1.000000E-30  1.000000E-30  1.000000E-30  1.000000E-30  1.000000E-30  1.000000E-30
     18  2.542122411654E-07  1.000000E-30  1.000000E-30  1.000000E-30  1.000000E-30  1.000000E-30  1.000000E-30  1.000000E-30  1.000000E-30
     19  7.007518887657E-07  1.000000E-30  1.000000E-30  1.000000E-30  1.000000E-30  1.000000E-30  1.000000E-30  1.000000E-30  1.000000E-30
     20  1.724661805125E-06  1.000000E-30  1.000000E-30  1.000000E-30  1.000000E-30  1.000000E-30  1.000000E-30  1.000000E-30  1.000000E-30
     21  4.267664185819E-06  1.000000E-30  1.000000E-30  1.000000E-30  1.000000E-30  1.000000E-30  1.000000E-30  1.000000E-30  1.000000E-30
     22  1.786211798807E-05  1.000000E-30  1.000000E-30  1.000000E-30  1.000000E-30  1.000000E-30  1.000000E-30  1.000000E-30  1.000000E-30
     23  6.929007850093E-05  1.000000E-30  1.000000E-30  1.000000E-30  1.000000E-30  1.000000E-30  1.000000E-30  1.000000E-30  1.000000E-30
     24  5.835696836295E-04  1.000000E-30  1.000000E-30  1.000000E-30  1.000000E-30  1.000000E-30  1.000000E-30  1.000000E-30  1.000000E-30
     25  1.496090518789E-03  1.000000E-30  1.000000E-30  1.000000E-30  1.000000E-30  1.000000E-30  1.000000E-30  1.000000E-30  1.000000E-30
     26  2.379765156362E-03  1.000000E-30  1.000000E-30  1.000000E-30  1.000000E-30  1.000000E-30  1.000000E-30  1.000000E-30  1.000000E-30
     27  3.772948503579E-03  1.000000E-30  1.000000E-30  1.000000E-30  1.000000E-30  1.000000E-30  1.000000E-30  1.000000E-30  1.000000E-30
     28  4.957278025650E-03  1.000000E-30  1.000000E-30  1.000000E-30  1.000000E-30  1.000000E-30  1.000000E-30  1.000000E-30  1.000000E-30
     29  5.758110286319E-03  1.000000E-30  1.000000E-30  1.000000E-30  1.000000E-30  1.000000E-30  1.000000E-30  1.000000E-30  1.000000E-30
     30  6.636115041812E-03  1.000000E-30  1.000000E-30  1.000000E-30  1.000000E-30  1.000000E-30  1.000000E-30  1.000000E-30  1.000000E-30
     31  7.490864585256E-03  1.000000E-30  1.000000E-30  1.000000E-30  1.000000E-30  1.000000E-30  1.000000E-30  1.000000E-30  1.000000E-30
     32  8.026631019591E-03  1.000000E-30  1.000000E-30  1.000000E-30  1.000000E-30  1.000000E-30  1.000000E-30  1.000000E-30  1.000000E-30
     33  8.451616658664E-03  1.000000E-30  1.000000E-30  1.000000E-30  1.000000E-30  1.000000E-30  1.000000E-30  1.000000E-30  1.000000E-30
     34  9.803471762980E-03  1.000000E-30  1.000000E-30  1.000000E-30  1.000000E-30  1.000000E-30  1.000000E-30  1.000000E-30  1.000000E-30
     35  1.116687552369E-02  1.000000E-30  1.000000E-30  1.000000E-30  1.000000E-30  1.000000E-30  1.000000E-30  1.000000E-30  1.000000E-30
     36  1.219012310682E-02  1.000000E-30  1.000000E-30  1.000000E-30  1.000000E-30  1.000000E-30  1.000000E-30  1.000000E-30  1.000000E-30
     37  1.314647137106E-02  1.000000E-30  1.000000E-30  1.000000E-30  1.000000E-30  1.000000E-30  1.000000E-30  1.000000E-30  1.000000E-30
     38  1.431720408173E-02  1.000000E-30  1.000000E-30  1.000000E-30  1.000000E-30  1.000000E-30  1.000000E-30  1.000000E-30  1.000000E-30
     39  1.545287753035E-02  1.000000E-30  1.000000E-30  1.000000E-30  1.000000E-30  1.000000E-30  1.000000E-30  1.000000E-30  1.000000E-30
     40  1.716820108076E-02  1.000000E-30  1.000000E-30  1.000000E-30  1.000000E-30  1.000000E-30  1.000000E-30  1.000000E-30  1.000000E-30
     41  1.871872199221E-02  1.000000E-30  1.000000E-30  1.000000E-30  1.000000E-30  1.000000E-30  1.000000E-30  1.000000E-30  1.000000E-30
     42  2.131412024987E-02  1.000000E-30  1.000000E-30  1.000000E-30  1.000000E-30  1.000000E-30  1.000000E-30  1.000000E-30  1.000000E-30
     43  2.288535686070E-02  1.000000E-30  1.000000E-30  1.000000E-30  1.000000E-30  1.000000E-30  1.000000E-30  1.000000E-30  1.000000E-30
     44  2.437102778700E-02  1.000000E-30  1.000000E-30  1.000000E-30  1.000000E-30  1.000000E-30  1.000000E-30  1.000000E-30  1.000000E-30
     45  2.666254430666E-02  1.000000E-30  1.000000E-30  1.000000E-30  1.000000E-30  1.000000E-30  1.000000E-30  1.000000E-30  1.000000E-30
     46  2.807329513827E-02  1.000000E-30  1.000000E-30  1.000000E-30  1.000000E-30  1.000000E-30  1.000000E-30  1.000000E-30  1.000000E-30
     47  2.946719119355E-02  1.000000E-30  1.000000E-30  1.000000E-30  1.000000E-30  1.000000E-30  1.000000E-30  1.000000E-30  1.000000E-30
     48  2.982466835475E-02  1.000000E-30  1.000000E-30  1.000000E-30  1.000000E-30  1.000000E-30  1.000000E-30  1.000000E-30  1.000000E-30
     49  3.017238950627E-02  1.000000E-30  1.000000E-30  1.000000E-30  1.000000E-30  1.000000E-30  1.000000E-30  1.000000E-30  1.000000E-30
     50  3.052509122072E-02  1.000000E-30  1.000000E-30  1.000000E-30  1.000000E-30  1.000000E-30  1.000000E-30  1.000000E-30  1.000000E-30
     51  3.066477686677E-02  1.000000E-30  1.000000E-30  1.000000E-30  1.000000E-30  1.000000E-30  1.000000E-30  1.000000E-30  1.000000E-30
     52  3.080037159611E-02  1.000000E-30  1.000000E-30  1.000000E-30  1.000000E-30  1.000000E-30  1.000000E-30  1.000000E-30  1.000000E-30
     53  3.111325257314E-02  1.000000E-30  1.000000E-30  1.000000E-30  1.000000E-30  1.000000E-30  1.000000E-30  1.000000E-30  1.000000E-30
     54  3.147800645819E-02  1.000000E-30  1.000000E-30  1.000000E-30  1.000000E-30  1.000000E-30  1.000000E-30  1.000000E-30  1.000000E-30
     55  3.181357346897E-02  1.000000E-30  1.000000E-30  1.000000E-30  1.000000E-30  1.000000E-30  1.000000E-30  1.000000E-30  1.000000E-30
     56  3.217197145871E-02  1.000000E-30  1.000000E-30  1.000000E-30  1.000000E-30  1.000000E-30  1.000000E-30  1.000000E-30  1.000000E-30
     57  3.249951277145E-02  1.000000E-30  1.000000E-30  1.000000E-30  1.000000E-30  1.000000E-30  1.000000E-30  1.000000E-30  1.000000E-30
     58  3.262595809504E-02  1.000000E-30  1.000000E-30  1.000000E-30  1.000000E-30  1.000000E-30  1.000000E-30  1.000000E-30  1.000000E-30
     59  3.272641576722E-02  1.000000E-30  1.000000E-30  1.000000E-30  1.000000E-30  1.000000E-30  1.000000E-30  1.000000E-30  1.000000E-30
     60  3.304841700500E-02  1.000000E-30  1.000000E-30  1.000000E-30  1.000000E-30  1.000000E-30  1.000000E-30  1.000000E-30  1.000000E-30
     61  3.362823507679E-02  1.000000E-30  1.000000E-30  1.000000E-30  1.000000E-30  1.000000E-30  1.000000E-30  1.000000E-30  1.000000E-30
     62  3.417743618412E-02  1.000000E-30  1.000000E-30  1.000000E-30  1.000000E-30  1.000000E-30  1.000000E-30  1.000000E-30  1.000000E-30
     63  3.448472684867E-02  1.000000E-30  1.000000E-30  1.000000E-30  1.000000E-30  1.000000E-30  1.000000E-30  1.000000E-30  1.000000E-30
     64  3.459225947862E-02  1.000000E-30  1.000000E-30  1.000000E-30  1.000000E-30  1.000000E-30  1.000000E-30  1.000000E-30  1.000000E-30
     65  3.468161085917E-02  1.000000E-30  1.000000E-30  1.000000E-30  1.000000E-30  1.000000E-30  1.000000E-30  1.000000E-30  1.000000E-30
     66  3.501586344154E-02  1.000000E-30  1.000000E-30  1.000000E-30  1.000000E-30  1.000000E-30  1.000000E-30  1.000000E-30  1.000000E-30
     67  3.563385967804E-02  1.000000E-30  1.000000E-30  1.000000E-30  1.000000E-30  1.000000E-30  1.000000E-30  1.000000E-30  1.000000E-30
     68  3.619390900501E-02  1.000000E-30  1.000000E-30  1.000000E-30  1.000000E-30  1.000000E-30  1.000000E-30  1.000000E-30  1.000000E-30
     69  3.661379630041E-02  1.000000E-30  1.000000E-30  1.000000E-30  1.000000E-30  1.000000E-30  1.000000E-30  1.000000E-30  1.000000E-30
     70  3.704099468238E-02  1.000000E-30  1.000000E-30  1.000000E-30  1.000000E-30  1.000000E-30  1.000000E-30  1.000000E-30  1.000000E-30
     71  3.731378163516E-02  1.000000E-30  1.000000E-30  1.000000E-30  1.000000E-30  1.000000E-30  1.000000E-30  1.000000E-30  1.000000E-30
     72  3.757630769329E-02  1.000000E-30  1.000000E-30  1.000000E-30  1.000000E-30  1.000000E-30  1.000000E-30  1.000000E-30  1.000000E-30
     73  3.788075418501E-02  1.000000E-30  1.000000E-30  1.000000E-30  1.000000E-30  1.000000E-30  1.000000E-30  1.000000E-30  1.000000E-30
     74  3.819794660071E-02  1.000000E-30  1.000000E-30  1.000000E-30  1.000000E-30  1.000000E-30  1.000000E-30  1.000000E-30  1.000000E-30
     75  3.838080203158E-02  1.000000E-30  1.000000E-30  1.000000E-30  1.000000E-30  1.000000E-30  1.000000E-30  1.000000E-30  1.000000E-30
     76  3.859219912978E-02  1.000000E-30  1.000000E-30  1.000000E-30  1.000000E-30  1.000000E-30  1.000000E-30  1.000000E-30  1.000000E-30
     77  3.884096228080E-02  1.000000E-30  1.000000E-30  1.000000E-30  1.000000E-30  1.000000E-30  1.000000E-30  1.000000E-30  1.000000E-30
     78  3.907668434759E-02  1.000000E-30  1.000000E-30  1.000000E-30  1.000000E-30  1.000000E-30  1.000000E-30  1.000000E-30  1.000000E-30
     79  3.934936577490E-02  1.000000E-30  1.000000E-30  1.000000E-30  1.000000E-30  1.000000E-30  1.000000E-30  1.000000E-30  1.000000E-30
     80  3.961640452516E-02  1.000000E-30  1.000000E-30  1.000000E-30  1.000000E-30  1.000000E-30  1.000000E-30  1.000000E-30  1.000000E-30
     81  3.991996766101E-02  1.000000E-30  1.000000E-30  1.000000E-30  1.000000E-30  1.000000E-30  1.000000E-30  1.000000E-30  1.000000E-30
     82  4.019473378510E-02  1.000000E-30  1.000000E-30  1.000000E-30  1.000000E-30  1.000000E-30  1.000000E-30  1.000000E-30  1.000000E-30
     83  4.046928694587E-02  1.000000E-30  1.000000E-30  1.000000E-30  1.000000E-30  1.000000E-30  1.000000E-30  1.000000E-30  1.000000E-30
     84  4.074955599116E-02  1.000000E-30  1.000000E-30  1.000000E-30  1.000000E-30  1.000000E-30  1.000000E-30  1.000000E-30  1.000000E-30
     85  4.099011663524E-02  1.000000E-30  1.000000E-30  1.000000E-30  1.000000E-30  1.000000E-30  1.000000E-30  1.000000E-30  1.000000E-30
     86  4.118445936105E-02  1.000000E-30  1.000000E-30  1.000000E-30  1.000000E-30  1.000000E-30  1.000000E-30  1.000000E-30  1.000000E-30
     87  4.137235583218E-02  1.000000E-30  1.000000E-30  1.000000E-30  1.000000E-30  1.000000E-30  1.000000E-30  1.000000E-30  1.000000E-30
     88  4.152714488067E-02  1.000000E-30  1.000000E-30  1.000000E-30  1.000000E-30  1.000000E-30  1.000000E-30  1.000000E-30  1.000000E-30
     89  4.165981986900E-02  1.000000E-30  1.000000E-30  1.000000E-30  1.000000E-30  1.000000E-30  1.000000E-30  1.000000E-30  1.000000E-30
     90  4.188596337322E-02  1.000000E-30  1.000000E-30  1.000000E-30  1.000000E-30  1.000000E-30  1.000000E-30  1.000000E-30  1.000000E-30
     91  4.208159634323E-02  1.000000E-30  1.000000E-30  1.000000E-30  1.000000E-30  1.000000E-30  1.000000E-30  1.000000E-30  1.000000E-30
     92  4.230932596557E-02  1.000000E-30  1.000000E-30  1.000000E-30  1.000000E-30  1.000000E-30  1.000000E-30  1.000000E-30  1.000000E-30
     93  4.251598135750E-02  1.000000E-30  1.000000E-30  1.000000E-30  1.000000E-30  1.000000E-30  1.000000E-30  1.000000E-30  1.000000E-30
     94  4.274368410830E-02  1.000000E-30  1.000000E-30  1.000000E-30  1.000000E-30  1.000000E-30  1.000000E-30  1.000000E-30  1.000000E-30
     95  4.294191711445E-02  1.000000E-30  1.000000E-30  1.000000E-30  1.000000E-30  1.000000E-30  1.000000E-30  1.000000E-30  1.000000E-30
     96  4.316569238790E-02  1.000000E-30  1.000000E-30  1.000000E-30  1.000000E-30  1.000000E-30  1.000000E-30  1.000000E-30  1.000000E-30
     97  4.339365876136E-02  1.121970E-30  1.000000E-30  1.000000E-30  1.000000E-30  1.000000E-30  1.000000E-30  1.000000E-30  1.000000E-30
     98  4.362382833621E-02  1.365755E-30  1.000000E-30  1.000000E-30  1.000000E-30  1.000000E-30  1.000000E-30  1.000000E-30  1.000000E-30
     99  4.384703699487E-02  1.682328E-30  1.000000E-30  1.000000E-30  1.000000E-30  1.000000E-30  1.000000E-30  1.000000E-30  1.000000E-30
    100  4.408801045744E-02  2.282304E-30  1.000000E-30  1.000000E-30  1.000000E-30  1.000000E-30  1.000000E-30  1.000000E-30  1.000000E-30
    101  4.430336182063E-02  2.577880E-30  1.000000E-30  1.000000E-30  1.000000E-30  1.000000E-30  1.000000E-30  1.000000E-30  1.000000E-30
    102  4.453208602613E-02  3.494949E-30  1.000000E-30  1.000000E-30  1.000000E-30  1.000000E-30  1.000000E-30  1.000000E-30  1.000000E-30
    103  4.474836808964E-02  4.516640E-30  1.000000E-30  1.000000E-30  1.000000E-30  1.000000E-30  1.000000E-30  1.000000E-30  1.000000E-30
    104  4.497736119052E-02  6.107176E-30  1.000000E-30  1.000000E-30  1.000000E-30  1.000000E-30  1.000000E-30  1.000000E-30  1.000000E-30
    105  4.517199675598E-02  5.931244E-30  1.000000E-30  1.000000E-30  1.000000E-30  1.000000E-30  1.000000E-30  1.000000E-30  1.000000E-30
    106  4.536038532241E-02  7.045840E-30  1.096121E-30  1.000000E-30  1.000000E-30  1.000000E-30  1.000000E-30  1.000000E-30  1.000000E-30
    107  4.552484255766E-02  8.812889E-30  1.390305E-30  1.000000E-30  1.000000E-30  1.000000E-30  1.000000E-30  1.000000E-30  1.000000E-30
    108  4.581275722245E-02  1.692129E-29  2.835194E-30  1.000000E-30  1.000000E-30  1.000000E-30  1.000000E-30  1.000000E-30  1.000000E-30
    109  4.603616864208E-02  2.149874E-29  3.589774E-30  1.000000E-30  1.000000E-30  1.000000E-30  1.000000E-30  1.000000E-30  1.000000E-30
    110  4.624194314299E-02  2.415388E-29  4.136612E-30  1.000000E-30  1.000000E-30  1.000000E-30  1.000000E-30  1.000000E-30  1.000000E-30
    111  4.641297951594E-02  2.259239E-29  3.918902E-30  1.000000E-30  1.000000E-30  1.000000E-30  1.000000E-30  1.000000E-30  1.000000E-30
    112  4.656990459822E-02  2.394587E-29  4.212869E-30  1.000000E-30  1.000000E-30  1.000000E-30  1.000000E-30  1.000000E-30  1.000000E-30
    113  4.671253119976E-02  2.444914E-29  4.479723E-30  1.074717E-30  1.000000E-30  1.000000E-30  1.000000E-30  1.000000E-30  1.000000E-30
    114  4.684580987606E-02  2.546801E-29  4.671856E-30  1.140138E-30  1.000000E-30  1.000000E-30  1.000000E-30  1.000000E-30  1.000000E-30
    115  4.697520204195E-02  2.759163E-29  5.056992E-30  1.254491E-30  1.000000E-30  1.000000E-30  1.000000E-30  1.000000E-30  1.000000E-30
    116  4.709649788536E-02  2.906090E-29  5.477175E-30  1.375110E-30  1.000000E-30  1.000000E-30  1.000000E-30  1.000000E-30  1.000000E-30
    117  4.721637454993E-02  3.150612E-29  6.048803E-30  1.538138E-30  1.000000E-30  1.000000E-30  1.000000E-30  1.000000E-30  1.000000E-30
    118  4.732862910872E-02  3.317316E-29  6.391627E-30  1.649279E-30  1.000000E-30  1.000000E-30  1.000000E-30  1.000000E-30  1.000000E-30
    119  4.750539400184E-02  6.295769E-29  1.258059E-29  3.331177E-30  1.000000E-30  1.000000E-30  1.000000E-30  1.000000E-30  1.000000E-30
    120  4.767210524850E-02  6.452740E-29  1.241383E-29  3.145700E-30  1.000000E-30  1.000000E-30  1.000000E-30  1.000000E-30  1.000000E-30
    121  4.783406579930E-02  7.425980E-29  1.468899E-29  3.844847E-30  1.000000E-30  1.000000E-30  1.000000E-30  1.000000E-30  1.000000E-30
    122  4.799263518131E-02  8.462927E-29  1.692504E-29  4.638156E-30  1.000000E-30  1.000000E-30  1.000000E-30  1.000000E-30  1.000000E-30
    123  4.815339657435E-02  1.004633E-28  2.032278E-29  5.553563E-30  1.000000E-30  1.000000E-30  1.000000E-30  1.000000E-30  1.000000E-30
    124  4.832264594384E-02  1.239190E-28  2.545615E-29  7.246048E-30  1.000000E-30  1.000000E-30  1.000000E-30  1.000000E-30  1.000000E-30
    125  4.849826454798E-02  1.485463E-28  3.119449E-29  9.121141E-30  1.000000E-30  1.000000E-30  1.000000E-30  1.000000E-30  1.000000E-30
    126  4.867786870736E-02  1.772256E-28  3.811604E-29  1.121366E-29  1.000000E-30  1.000000E-30  1.000000E-30  1.000000E-30  1.000000E-30
    127  4.885872256535E-02  2.059679E-28  4.520473E-29  1.376733E-29  1.000000E-30  1.000000E-30  1.000000E-30  1.000000E-30  1.000000E-30
    128  4.903755607841E-02  2.358100E-28  5.290726E-29  1.632770E-29  1.000000E-30  1.000000E-30  1.000000E-30  1.000000E-30  1.000000E-30
    129  4.921259737621E-02  2.671080E-28  6.130839E-29  1.915126E-29  1.000000E-30  1.000000E-30  1.000000E-30  1.000000E-30  1.000000E-30
    130  4.938368810460E-02  3.016360E-28  7.086474E-29  2.254168E-29  1.000000E-30  1.000000E-30  1.000000E-30  1.000000E-30  1.000000E-30
    131  4.955132280349E-02  3.406482E-28  8.184092E-29  2.691867E-29  1.000000E-30  1.000000E-30  1.000000E-30  1.000000E-30  1.000000E-30
    132  4.971624312404E-02  3.848018E-28  9.446632E-29  3.212248E-29  1.000000E-30  1.000000E-30  1.000000E-30  1.000000E-30  1.000000E-30
    133  4.987811857735E-02  4.314160E-28  1.080435E-28  3.784736E-29  1.000000E-30  1.000000E-30  1.000000E-30  1.000000E-30  1.000000E-30
    134  5.003799836445E-02  4.858085E-28  1.241309E-28  4.474912E-29  1.000000E-30  1.000000E-30  1.000000E-30  1.000000E-30  1.000000E-30
    135  5.019682549602E-02  5.480261E-28  1.426204E-28  5.279536E-29  1.000000E-30  1.000000E-30  1.000000E-30  1.000000E-30  1.000000E-30
    136  5.035511419132E-02  6.182097E-28  1.637944E-28  6.220066E-29  1.000000E-30  1.000000E-30  1.000000E-30  1.000000E-30  1.000000E-30
    137  5.051299755300E-02  6.966097E-28  1.879127E-28  7.315403E-29  1.000000E-30  1.000000E-30  1.000000E-30  1.000000E-30  1.000000E-30
    138  5.067010535678E-02  7.822599E-28  2.148402E-28  8.568311E-29  1.000000E-30  1.000000E-30  1.000000E-30  1.000000E-30  1.000000E-30
    139  5.082726902819E-02  8.828807E-28  2.469075E-28  1.008329E-28  1.000000E-30  1.000000E-30  1.000000E-30  1.000000E-30  1.000000E-30
    140  5.098506829486E-02  9.982408E-28  2.841874E-28  1.186167E-28  1.000000E-30  1.000000E-30  1.000000E-30  1.000000E-30  1.000000E-30
    141  5.114361869269E-02  1.126155E-27  3.263124E-28  1.391851E-28  1.000000E-30  1.000000E-30  1.000000E-30  1.000000E-30  1.000000E-30
    142  5.130328078870E-02  1.273015E-27  3.757095E-28  1.639392E-28  1.000000E-30  1.000000E-30  1.000000E-30  1.000000E-30  1.000000E-30
    143  5.146205644840E-02  1.420225E-27  4.267853E-28  1.904256E-28  1.000000E-30  1.000000E-30  1.000000E-30  1.000000E-30  1.000000E-30
    144  5.162089365231E-02  1.595452E-27  4.882718E-28  2.228531E-28  1.000000E-30  1.000000E-30  1.000000E-30  1.000000E-30  1.000000E-30
    145  5.177902725711E-02  1.773904E-27  5.525446E-28  2.577864E-28  1.000000E-30  1.000000E-30  1.000000E-30  1.000000E-30  1.000000E-30
    146  5.193558292952E-02  1.864648E-27  5.865335E-28  2.780429E-28  1.000000E-30  1.000000E-30  1.000000E-30  1.000000E-30  1.000000E-30
    147  5.207655208218E-02  1.876942E-27  5.981233E-28  2.876381E-28  1.000000E-30  1.000000E-30  1.000000E-30  1.000000E-30  1.000000E-30
    148  5.220437120847E-02  1.867833E-27  6.021280E-28  2.934112E-28  1.000000E-30  1.000000E-30  1.000000E-30  1.000000E-30  1.000000E-30
    149  5.240275279905E-02  3.333565E-27  1.103594E-27  5.568060E-28  1.340053E-30  1.000000E-30  1.000000E-30  1.000000E-30  1.000000E-30
    150  5.258707116153E-02  3.574946E-27  1.220516E-27  6.374866E-28  1.536943E-30  1.000000E-30  1.000000E-30  1.000000E-30  1.000000E-30
    151  5.276353482958E-02  3.832069E-27  1.331973E-27  7.131600E-28  1.726861E-30  1.000000E-30  1.000000E-30  1.000000E-30  1.000000E-30
    152  5.293536770993E-02  4.152320E-27  1.464247E-27  7.979996E-28  1.943680E-30  1.000000E-30  1.000000E-30  1.000000E-30  1.000000E-30
    153  5.310288915571E-02  4.386603E-27  1.556796E-27  8.547311E-28  2.099920E-30  1.000000E-30  1.000000E-30  1.000000E-30  1.000000E-30
    154  5.325369291828E-02  4.396584E-27  1.583227E-27  8.826581E-28  2.222491E-30  1.000000E-30  1.000000E-30  1.000000E-30  1.000000E-30
    155  5.339308966526E-02  4.350259E-27  1.589078E-27  8.994701E-28  2.277968E-30  1.000000E-30  1.000000E-30  1.000000E-30  1.000000E-30
    156  5.362726198018E-02  8.883284E-27  3.323076E-27  1.938361E-27  4.897017E-30  1.000000E-30  1.000000E-30  1.000000E-30  1.000000E-30
    157  5.383816121000E-02  9.066607E-27  3.566566E-27  2.227472E-27  5.601665E-30  1.000000E-30  1.000000E-30  1.000000E-30  1.000000E-30
    158  5.403768730975E-02  9.287212E-27  3.690300E-27  2.353139E-27  6.083013E-30  1.000000E-30  1.000000E-30  1.000000E-30  1.000000E-30
    159  5.422986619970E-02  1.047781E-26  4.197417E-27  2.663314E-27  6.835098E-30  1.000000E-30  1.000000E-30  1.000000E-30  1.000000E-30
    160  5.440569294967E-02  1.073387E-26  4.383731E-27  2.850258E-27  7.337426E-30  1.000000E-30  1.000000E-30  1.000000E-30  1.000000E-30
    161  5.456994612052E-02  1.089034E-26  4.531019E-27  3.008794E-27  7.845769E-30  1.000000E-30  1.000000E-30  1.000000E-30  1.000000E-30
    162  5.485681963417E-02  2.281320E-26  9.584758E-27  6.433480E-27  1.668026E-29  1.000000E-30  1.000000E-30  1.000000E-30  1.000000E-30
    163  5.511708850657E-02  2.290599E-26  1.039785E-26  7.885461E-27  2.104721E-29  1.000000E-30  1.000000E-30  1.000000E-30  1.000000E-30
    164  5.536560227933E-02  2.696592E-26  1.209176E-26  8.771362E-27  2.313231E-29  1.000000E-30  1.000000E-30  1.000000E-30  1.000000E-30
    165  5.559867087093E-02  2.949311E-26  1.363335E-26  1.027641E-26  2.707610E-29  1.000000E-30  1.000000E-30  1.000000E-30  1.000000E-30
    166  5.582344501454E-02  3.206953E-26  1.534821E-26  1.211899E-26  3.239676E-29  1.000000E-30  1.000000E-30  1.000000E-30  1.000000E-30
    167  5.608267729631E-02  4.381330E-26  2.170763E-26  1.789625E-26  4.815841E-29  1.000000E-30  1.000000E-30  1.000000E-30  1.000000E-30
    168  5.632179590432E-02  4.749513E-26  2.430793E-26  2.086458E-26  5.666014E-29  1.000000E-30  1.000000E-30  1.000000E-30  1.000000E-30
    169  5.658568452696E-02  6.307745E-26  3.324000E-26  2.953787E-26  8.083831E-29  1.000000E-30  1.000000E-30  1.000000E-30  1.000000E-30
    170  5.682194908758E-02  6.727447E-26  3.641292E-26  3.346246E-26  9.226822E-29  1.000000E-30  1.000000E-30  1.000000E-30  1.000000E-30
    171  5.707748662895E-02  8.691462E-26  4.869300E-26  4.682083E-26  1.305689E-28  1.000000E-30  1.000000E-30  1.000000E-30  1.000000E-30
    172  5.730159219632E-02  9.247422E-26  5.313415E-26  5.287849E-26  1.485516E-28  1.000000E-30  1.000000E-30  1.000000E-30  1.000000E-30
    173  5.769211250520E-02  2.174166E-25  1.295840E-25  1.321504E-25  3.724654E-28  1.761039E-30  1.000000E-30  1.000000E-30  1.000000E-30
    174  5.804755660481E-02  2.924841E-25  1.852316E-25  2.110507E-25  6.100169E-28  2.997536E-30  1.000000E-30  1.000000E-30  1.000000E-30
    175  5.837706807704E-02  4.697855E-25  3.032826E-25  3.493503E-25  1.011716E-27  5.090829E-30  1.000000E-30  1.000000E-30  1.000000E-30
    176  5.868213309337E-02  8.001181E-25  5.338848E-25  6.402698E-25  1.869734E-27  9.584713E-30  1.000000E-30  1.000000E-30  1.000000E-30
    177  5.897372529375E-02  1.474723E-24  1.016330E-24  1.268194E-24  3.733996E-27  1.949642E-29  1.000000E-30  1.000000E-30  1.000000E-30
    178  5.927019313219E-02  2.941599E-24  2.096769E-24  2.728328E-24  8.103315E-27  4.314452E-29  1.000000E-30  1.000000E-30  1.000000E-30
    179  5.955970264735E-02  5.910050E-24  4.355021E-24  5.907382E-24  1.769756E-26  9.607991E-29  1.000000E-30  1.000000E-30  1.000000E-30
    180  5.987296131417E-02  1.283352E-23  9.808758E-24  1.393137E-23  4.213662E-26  2.337485E-28  1.000000E-30  1.000000E-30  1.000000E-30
    181  6.018239261751E-02  2.749938E-23  2.179359E-23  3.240656E-23  9.895562E-26  5.609458E-28  1.000000E-30  1.000000E-30  1.000000E-30
    182  6.051941164510E-02  6.277047E-23  5.174083E-23  8.084436E-23  2.494139E-25  1.447171E-27  1.000000E-30  1.000000E-30  1.000000E-30
    183  6.081686890997E-02  1.283509E-22  1.095416E-22  1.788289E-22  5.567486E-25  3.297832E-27  2.269588E-30  1.000000E-30  1.000000E-30
    184  6.107970107709E-02  2.390848E-22  2.104465E-22  3.572119E-22  1.121139E-24  6.764172E-27  4.695023E-30  1.000000E-30  1.000000E-30
    185  6.149099227918E-02  6.185961E-22  5.715428E-22  1.031422E-21  3.278613E-24  2.036158E-26  1.432174E-29  1.000000E-30  1.000000E-30
    186  6.184187848266E-02  1.354478E-21  1.304507E-21  2.481168E-21  7.973322E-24  5.076172E-26  3.611264E-29  1.000000E-30  1.000000E-30
    187  6.212841772032E-02  2.521152E-21  2.512102E-21  4.988203E-21  1.617349E-23  1.050850E-25  7.545961E-29  1.000000E-30  1.000000E-30
    188  6.241083345826E-02  4.573156E-21  4.712378E-21  9.764000E-21  3.193900E-23  2.117424E-25  1.534582E-28  1.000000E-30  1.000000E-30
    189  6.286334795077E-02  1.146215E-20  1.246615E-20  2.765904E-20  9.177031E-23  6.284679E-25  4.622975E-28  1.078616E-30  1.000000E-30
    190  6.324448148531E-02  2.403837E-20  2.736419E-20  6.432998E-20  2.160250E-22  1.520638E-24  1.132748E-27  2.713754E-30  1.000000E-30
    191  6.354755735680E-02  4.241033E-20  5.006843E-20  1.232768E-19  4.179722E-22  3.007532E-24  2.263014E-27  5.525611E-30  1.000000E-30
    192  6.382753282149E-02  7.052389E-20  8.611478E-20  2.213180E-19  7.571037E-22  5.559916E-24  4.222777E-27  1.049456E-29  1.000000E-30
    193  6.429792763326E-02  1.605488E-19  2.075102E-19  5.732953E-19  1.990939E-21  1.513280E-23  1.167603E-26  2.989718E-29  1.000000E-30
    194  6.470641913937E-02  3.185122E-19  4.325923E-19  1.272902E-18  4.479101E-21  3.508443E-23  2.744561E-26  7.213522E-29  1.000000E-30
    195  6.514351188605E-02  6.455984E-19  9.247483E-19  2.911687E-18  1.039193E-20  8.407751E-23  6.675426E-26  1.804543E-28  1.000000E-30
    196  6.551961572666E-02  1.162842E-18  1.744040E-18  5.822811E-18  2.103851E-20  1.750513E-22  1.407793E-25  3.899435E-28  1.000000E-30
    197  6.614173306661E-02  2.979124E-18  4.822969E-18  1.775103E-17  6.546255E-20  5.706993E-22  4.688865E-25  1.352560E-27  1.000000E-30
    198  6.666431851744E-02  6.412065E-18  1.107230E-17  4.424703E-17  1.660306E-19  1.505772E-21  1.259755E-24  3.761065E-27  2.218941E-30
    199  6.714973898932E-02  1.290426E-17  2.366495E-17  1.021151E-16  3.894502E-19  3.664971E-21  3.118593E-24  9.615340E-27  5.686526E-30
    200  6.763365269933E-02  2.572580E-17  5.011179E-17  2.335674E-16  9.054606E-19  8.842830E-21  7.653676E-24  2.437331E-26  1.451362E-29
    201  6.810748363549E-02  5.045467E-17  1.042874E-16  5.243684E-16  2.065855E-18  2.092629E-20  1.841871E-23  6.055496E-26  3.630225E-29
    202  6.886988901479E-02  1.491710E-16  3.393731E-16  1.929018E-15  7.801827E-18  8.385699E-20  7.584764E-23  2.626152E-25  1.591626E-28
    203  6.932442343830E-02  2.830791E-16  6.821682E-16  4.173721E-15  1.714959E-17  1.910182E-19  1.756298E-22  6.273416E-25  3.827110E-28
    204  6.977291475786E-02  5.248403E-16  1.339008E-15  8.813313E-15  3.678794E-17  4.245120E-19  3.967219E-22  1.461602E-24  8.974691E-28
    205  7.051837306122E-02  1.376011E-15  3.861562E-15  2.871457E-14  1.230717E-16  1.506896E-18  1.447247E-21  5.615897E-24  3.486096E-27
    206  7.120724846930E-02  3.025850E-15  9.278623E-15  7.728826E-14  3.395729E-16  4.394101E-18  4.329234E-21  1.763319E-23  1.105766E-26
    207  7.185571854523E-02  5.717677E-15  1.907012E-14  1.769188E-13  7.958986E-16  1.085418E-17  1.095658E-20  4.673003E-23  2.958823E-26
    208  7.250556240022E-02  9.825476E-15  3.566653E-14  3.688065E-13  1.699413E-15  2.443888E-17  2.528269E-20  1.129740E-22  7.223351E-26
    209  7.308358088908E-02  1.482896E-14  5.806509E-14  6.616094E-13  3.115156E-15  4.698083E-17  4.968625E-20  2.314981E-22  1.493167E-25
    210  7.365083251161E-02  2.103651E-14  8.877052E-14  1.113378E-12  5.355864E-15  8.466312E-17  9.151381E-20  4.443874E-22  2.891232E-25
    211  7.420607479025E-02  2.840411E-14  1.290120E-13  1.778180E-12  8.737280E-15  1.446687E-16  1.597799E-19  8.082045E-22  5.303377E-25
    212  7.477269193766E-02  3.727172E-14  1.825527E-13  2.771418E-12  1.391908E-14  2.417128E-16  2.729451E-19  1.439811E-21  9.531323E-25
    213  7.532671922740E-02  4.722212E-14  2.491163E-13  4.160054E-12  2.135057E-14  3.885735E-16  4.484787E-19  2.465681E-21  1.646439E-24
    214  7.590819975934E-02  5.899678E-14  3.365904E-13  6.214982E-12  3.263850E-14  6.242067E-16  7.373018E-19  4.234911E-21  2.853856E-24
    215  7.648106882397E-02  7.186876E-14  4.430823E-13  9.035984E-12  4.855242E-14  9.753793E-16  1.178893E-18  7.072032E-21  4.809321E-24
    216  7.706864365518E-02  8.615641E-14  5.754078E-13  1.300233E-11  7.154418E-14  1.512183E-15  1.871682E-18  1.174381E-20  8.061820E-24
    217  7.765097184480E-02  1.009915E-13  7.304887E-13  1.828570E-11  1.030404E-13  2.291190E-15  2.904080E-18  1.905761E-20  1.320601E-23
    218  7.824188421090E-02  1.162731E-13  9.122672E-13  2.534481E-11  1.463520E-13  3.427295E-15  4.450998E-18  3.058013E-20  2.139495E-23
    219  7.883216312169E-02  1.310882E-13  1.116015E-12  3.442551E-11  2.037564E-13  5.026794E-15  6.690046E-18  4.813517E-20  3.400380E-23
    220  7.934760137230E-02  1.429306E-13  1.307358E-12  4.421832E-11  2.674803E-13  6.908041E-15  9.393880E-18  7.038971E-20  5.014844E-23
    221  7.991019390762E-02  1.541275E-13  1.525128E-12  5.705741E-11  3.535317E-13  9.601121E-15  1.336880E-17  1.047441E-19  7.532190E-23
    222  8.044081450283E-02  1.625510E-13  1.732855E-12  7.131702E-11  4.521079E-13  1.287795E-14  1.833929E-17  1.499043E-19  1.087529E-22
    223  8.103419684334E-02  1.689187E-13  1.958193E-12  8.973801E-11  5.837774E-13  1.754519E-14  2.562673E-17  2.197035E-19  1.609819E-22
    224  8.158988408622E-02  1.717410E-13  2.154383E-12  1.092439E-10  7.282628E-13  2.302293E-14  3.444081E-17  3.088512E-19  2.284302E-22
    225  8.219791245697E-02  1.714379E-13  2.345410E-12  1.329013E-10  9.102619E-13  3.042424E-14  4.672789E-17  4.403286E-19  3.290472E-22
    226  8.273529679330E-02  1.683681E-13  2.487978E-12  1.556092E-10  1.091859E-12  3.834669E-14  6.029448E-17  5.937963E-19  4.478206E-22
    227  8.327310875316E-02  1.629084E-13  2.601616E-12  1.797477E-10  1.292430E-12  4.771187E-14  7.681662E-17  7.908989E-19  6.020133E-22
    228  8.381967664174E-02  1.554208E-13  2.686694E-12  2.054512E-10  1.514794E-12  5.884610E-14  9.706799E-17  1.045919E-18  8.037134E-22
    229  8.442137901789E-02  1.454574E-13  2.744714E-12  2.347700E-10  1.780030E-12  7.316933E-14  1.239881E-16  1.405122E-18  1.091172E-21
    230  8.496109010092E-02  1.352933E-13  2.763405E-12  2.616328E-10  2.034668E-12  8.801543E-14  1.528232E-16  1.812702E-18  1.421187E-21
    231  8.556251684447E-02  1.232456E-13  2.750863E-12  2.917734E-10  2.334896E-12  1.069532E-13  1.908617E-16  2.382815E-18  1.888350E-21
    232  8.609514523980E-02  1.123331E-13  2.713203E-12  3.183226E-10  2.613469E-12  1.259808E-13  2.303865E-16  3.010688E-18  2.408988E-21
    233  8.668730402486E-02  1.002193E-13  2.644142E-12  3.473235E-10  2.934938E-12  1.497924E-13  2.815543E-16  3.872492E-18  3.132212E-21
    234  8.725638446658E-02  8.889571E-14  2.554613E-12  3.743337E-10  3.253069E-12  1.754624E-13  3.386999E-16  4.895083E-18  4.001082E-21
    235  8.784892152766E-02  7.774034E-14  2.442905E-12  4.012592E-10  3.591522E-12  2.052684E-13  4.074703E-16  6.203150E-18  5.126536E-21
    236  8.837914431516E-02  6.842733E-14  2.330286E-12  4.241158E-10  3.898856E-12  2.347639E-13  4.779298E-16  7.624704E-18  6.364547E-21
    237  8.927467123273E-02  5.427577E-14  2.119726E-12  4.596428E-10  4.423231E-12  2.910777E-13  6.186567E-16  1.069011E-17  9.076840E-21
    238  9.009385267910E-02  4.328926E-14  1.917968E-12  4.884681E-10  4.904899E-12  3.503598E-13  7.749738E-16  1.441705E-17  1.243669E-20
    239  9.088007009323E-02  3.439649E-14  1.722181E-12  5.127476E-10  5.366645E-12  4.150343E-13  9.543067E-16  1.907028E-17  1.670604E-20
    240  9.160938796651E-02  2.754240E-14  1.545816E-12  5.323645E-10  5.793633E-12  4.826070E-13  1.150760E-15  2.458969E-17  2.185509E-20
    241  9.231864750676E-02  2.202600E-14  1.382412E-12  5.489281E-10  6.208100E-12  5.561889E-13  1.374450E-15  3.136517E-17  2.827695E-20
    242  9.335415502949E-02  1.569375E-14  1.161502E-12  5.690820E-10  6.814059E-12  6.796558E-13  1.770683E-15  4.452410E-17  4.099641E-20
    243  9.429165011748E-02  1.143478E-14  9.837826E-13  5.837633E-10  7.367639E-12  8.107204E-13  2.217188E-15  6.093576E-17  5.720945E-20
    244  9.514750284226E-02  8.494273E-15  8.397061E-13  5.946919E-10  7.881493E-12  9.494935E-13  2.715986E-15  8.103049E-17  7.746030E-20
    245  9.592869681963E-02  6.447512E-15  7.240828E-13  6.029486E-10  8.361199E-12  1.094899E-12  3.264624E-15  1.050562E-16  1.021206E-19
    246  9.638259128200E-02  5.476277E-15  6.628003E-13  6.071017E-10  8.645986E-12  1.188840E-12  3.632062E-15  1.221778E-16  1.199367E-19
    247  9.686466198075E-02  4.597872E-15  6.027160E-13  6.110544E-10  8.954147E-12  1.297081E-12  4.067293E-15  1.434528E-16  1.423125E-19
    248  9.745016881397E-02  3.712352E-15  5.363729E-13  6.152897E-10  9.337394E-12  1.441509E-12  4.666640E-15  1.744015E-16  1.752665E-19
    249  9.798964068785E-02  3.042702E-15  4.810982E-13  6.187056E-10  9.700332E-12  1.588597E-12  5.297519E-15  2.089047E-16  2.124852E-19
    250  9.892639389759E-02  2.141901E-15  3.966868E-13  6.236775E-10  1.035602E-11  1.880728E-12  6.606894E-15  2.862691E-16  2.974243E-19
    251  9.977784733458E-02  1.552150E-15  3.322144E-13  6.272975E-10  1.098366E-11  2.193264E-12  8.083585E-15  3.819193E-16  4.046774E-19
    252  1.005622893962E-01  1.147611E-15  2.811128E-13  6.299930E-10  1.159217E-11  2.528421E-12  9.745619E-15  4.990915E-16  5.386545E-19
    253  1.013070552067E-01  8.598487E-16  2.395873E-13  6.320600E-10  1.219940E-11  2.895482E-12  1.165095E-14  6.445778E-16  7.081245E-19
    254  1.019791947326E-01  6.610107E-16  2.070738E-13  6.335618E-10  1.277437E-11  3.274181E-12  1.370204E-14  8.132760E-16  9.080744E-19
    255  1.025982572428E-01  5.173378E-16  1.807063E-13  6.346679E-10  1.332830E-11  3.668706E-12  1.592378E-14  1.008922E-15  1.143708E-18
    256  1.032644197032E-01  3.969449E-16  1.559653E-13  6.355854E-10  1.395217E-11  4.148906E-12  1.873651E-14  1.274238E-15  1.468488E-18
    257  1.039121745974E-01  3.061056E-16  1.349644E-13  6.362246E-10  1.458834E-11  4.679117E-12  2.197006E-14  1.601542E-15  1.875902E-18
    258  1.045193471709E-01  2.392822E-16  1.176498E-13  6.366087E-10  1.521273E-11  5.240748E-12  2.553066E-14  1.987227E-15  2.363785E-18
    259  1.051181778144E-01  1.875133E-16  1.027007E-13  6.367915E-10  1.585653E-11  5.863862E-12  2.963292E-14  2.461759E-15  2.973566E-18
    260  1.056826419982E-01  1.488116E-16  9.028014E-14  6.367898E-10  1.649020E-11  6.522338E-12  3.412952E-14  3.016122E-15  3.696891E-18
    261  1.062431336111E-01  1.179496E-16  7.928167E-14  6.366218E-10  1.714650E-11  7.253410E-12  3.930263E-14  3.694792E-15  4.595703E-18
    262  1.068146627648E-01  9.298026E-17  6.941266E-14  6.362798E-10  1.784451E-11  8.087271E-12  4.542097E-14  4.549660E-15  5.745203E-18
    263  1.073656177930E-01  7.388365E-17  6.104732E-14  6.357847E-10  1.854605E-11  8.985823E-12  5.225697E-14  5.566665E-15  7.133628E-18
    264  1.079139362418E-01  5.859680E-17  5.361558E-14  6.351253E-10  1.927350E-11  9.984496E-12  6.012960E-14  6.812788E-15  8.860467E-18
    265  1.084202130578E-01  4.724669E-17  4.752209E-14  6.343640E-10  1.997186E-11  1.100926E-11  6.849103E-14  8.217694E-15  1.083571E-17
    266  1.089957947327E-01  3.696452E-17  4.141775E-14  6.333127E-10  2.079792E-11  1.230788E-11  7.947377E-14  1.018109E-14  1.363820E-17
    267  1.095139929398E-01  2.959815E-17  3.656717E-14  6.321877E-10  2.157191E-11  1.361318E-11  9.092093E-14  1.235985E-14  1.679597E-17
    268  1.100036617482E-01  2.392628E-17  3.244686E-14  6.309581E-10  2.233068E-11  1.497977E-11  1.033157E-13  1.486051E-14  2.047213E-17
    269  1.105581599754E-01  1.878761E-17  2.832436E-14  6.293588E-10  2.322262E-11  1.669996E-11  1.194814E-13  1.832726E-14  2.564578E-17
    270  1.111738162549E-01  1.435334E-17  2.434822E-14  6.273054E-10  2.425473E-11  1.885075E-11  1.405228E-13  2.316131E-14  3.298412E-17
    271  1.117276452796E-01  1.122784E-17  2.120149E-14  6.251840E-10  2.522199E-11  2.103174E-11  1.627346E-13  2.862855E-14  4.142655E-17
    272  1.122547306619E-01  8.871376E-18  1.856353E-14  6.229037E-10  2.617688E-11  2.334940E-11  1.872461E-13  3.506305E-14  5.152344E-17
    273  1.128196390807E-01  6.886456E-18  1.609144E-14  6.201528E-10  2.723745E-11  2.612520E-11  2.177617E-13  4.361807E-14  6.517117E-17
    274  1.134172103791E-01  5.256485E-18  1.381393E-14  6.168634E-10  2.840105E-11  2.943078E-11  2.556427E-13  5.501472E-14  8.367726E-17
    275  1.139661173569E-01  4.086780E-18  1.197693E-14  6.134631E-10  2.950714E-11  3.284357E-11  2.963971E-13  6.816428E-14  1.054076E-16
    276  1.145721141816E-01  3.091379E-18  1.022257E-14  6.092507E-10  3.076781E-11  3.707664E-11  3.491359E-13  8.644144E-14  1.361625E-16
    277  1.151138636995E-01  2.406558E-18  8.867678E-15  6.050391E-10  3.192818E-11  4.132125E-11  4.043110E-13  1.069727E-13  1.713382E-16
    278  1.160623872824E-01  1.537601E-18  6.866622E-15  5.965167E-10  3.402939E-11  4.996032E-11  5.231585E-13  1.556530E-13  2.568011E-16
    279  1.166131253687E-01  1.183197E-18  5.910853E-15  5.908304E-10  3.528363E-11  5.576711E-11  6.076851E-13  1.936659E-13  3.251358E-16
    280  1.171578902390E-01  9.113770E-19  5.089146E-15  5.846131E-10  3.654371E-11  6.215601E-11  7.047282E-13  2.404941E-13  4.108459E-16
    281  1.179966344325E-01  6.045810E-19  4.016555E-15  5.737642E-10  3.850884E-11  7.340188E-11  8.852222E-13  3.359579E-13  5.897236E-16
    282  1.184626561866E-01  4.805165E-19  3.516828E-15  5.670177E-10  3.960536E-11  8.045645E-11  1.004468E-12  4.045718E-13  7.210869E-16
    283  1.189221956404E-01  3.827383E-19  3.082307E-15  5.598245E-10  4.068349E-11  8.802769E-11  1.137397E-12  4.859206E-13  8.793204E-16
    284  1.197605220964E-01  2.501547E-19  2.404566E-15  5.451967E-10  4.262333E-11  1.035713E-10  1.425602E-12  6.788089E-13  1.263244E-15
    285  1.205341475296E-01  1.681289E-19  1.904232E-15  5.298809E-10  4.435109E-11  1.200487E-10  1.752855E-12  9.232999E-13  1.763851E-15
    286  1.212540834288E-01  1.153486E-19  1.523942E-15  5.139519E-10  4.587117E-11  1.373896E-10  2.120506E-12  1.228011E-12  2.404615E-15
    287  1.219299358624E-01  8.037016E-20  1.228790E-15  4.974684E-10  4.718942E-11  1.555415E-10  2.530285E-12  1.602881E-12  3.213144E-15
    288  1.225766858039E-01  5.666722E-20  9.966085E-16  4.803051E-10  4.832343E-11  1.746589E-10  2.989228E-12  2.064596E-12  4.233672E-15
    289  1.231854533608E-01  4.048793E-20  8.134774E-16  4.628947E-10  4.925070E-11  1.942666E-10  3.488945E-12  2.615685E-12  5.480709E-15
    290  1.237219182154E-01  2.993379E-20  6.769263E-16  4.465756E-10  4.993574E-11  2.128388E-10  3.989601E-12  3.216740E-12  6.870664E-15
    291  1.242404039059E-01  2.228833E-20  5.651715E-16  4.299920E-10  5.046527E-11  2.319036E-10  4.531780E-12  3.921528E-12  8.534115E-15
    292  1.248086455930E-01  1.606633E-20  4.620271E-16  4.109649E-10  5.087992E-11  2.540130E-10  5.197285E-12  4.861890E-12  1.080154E-14
    293  1.253177247642E-01  1.188325E-20  3.831510E-16  3.932088E-10  5.108979E-11  2.748677E-10  5.862151E-12  5.883398E-12  1.331740E-14
    294  1.258810647447E-01  8.474873E-21  3.102160E-16  3.729258E-10  5.113411E-11  2.989619E-10  6.677619E-12  7.247354E-12  1.675037E-14
    295  1.264205598797E-01  6.108670E-21  2.525159E-16  3.530051E-10  5.098328E-11  3.229122E-10  7.541395E-12  8.825451E-12  2.081280E-14
    296  1.270317883483E-01  4.177135E-21  1.984782E-16  3.299862E-10  5.057382E-11  3.509380E-10  8.623968E-12  1.099886E-11  2.654284E-14
    297  1.275757308169E-01  2.956440E-21  1.591714E-16  3.092802E-10  4.999468E-11  3.764777E-10  9.683816E-12  1.334014E-11  3.286629E-14
    298  1.286048671531E-01  1.519416E-21  1.036689E-16  2.701872E-10  4.836182E-11  4.255765E-10  1.194537E-11  1.906149E-11  4.886347E-14
    299  1.290949488661E-01  1.094048E-21  8.372627E-17  2.518196E-10  4.734338E-11  4.490269E-10  1.314441E-11  2.251228E-11  5.882507E-14
    300  1.295345101683E-01  8.120881E-22  6.890141E-17  2.356386E-10  4.630974E-11  4.698886E-10  1.428670E-11  2.607933E-11  6.933551E-14
    301  1.303954523490E-01  4.495515E-22  4.668758E-17  2.050537E-10  4.398914E-11  5.097945E-10  1.670570E-11  3.457863E-11  9.513711E-14
    302  1.308549873199E-01  3.248233E-22  3.763777E-17  1.894293E-10  4.260325E-11  5.303565E-10  1.809509E-11  4.007711E-11  1.123232E-13
    303  1.312776310019E-01  2.398678E-22  3.075369E-17  1.755768E-10  4.125263E-11  5.486450E-10  1.943103E-11  4.581447E-11  1.306216E-13
    304  1.320787884157E-01  1.340849E-22  2.083036E-17  1.508499E-10  3.853175E-11  5.812593E-10  2.210787E-11  5.873099E-11  1.730301E-13
    305  1.327308179063E-01  8.261982E-23  1.502673E-17  1.322857E-10  3.619330E-11  6.054258E-10  2.441679E-11  7.153851E-11  2.165306E-13
    306  1.333821207310E-01  5.033347E-23  1.073580E-17  1.152059E-10  3.378156E-11  6.270210E-10  2.682574E-11  8.674193E-11  2.697996E-13
    307  1.339749669338E-01  3.190392E-23  7.866699E-18  1.009793E-10  3.155345E-11  6.441304E-10  2.909156E-11  1.029572E-10  3.283558E-13
    308  1.345530840576E-01  2.029284E-23  5.769421E-18  8.829262E-11  2.936863E-11  6.582088E-10  3.135246E-11  1.212448E-10  3.963269E-13
    309  1.351098094661E-01  1.298495E-23  4.242097E-18  7.715234E-11  2.726900E-11  6.690929E-10  3.356002E-11  1.414395E-10  4.735409E-13
    310  1.359304916944E-01  6.669949E-24  2.674444E-18  6.263103E-11  2.422751E-11  6.798855E-10  3.682275E-11  1.763155E-10  6.117381E-13
    311  1.363572082699E-01  4.692197E-24  2.093880E-18  5.592647E-11  2.268241E-11  6.828399E-10  3.850122E-11  1.970881E-10  6.967306E-13
    312  1.367788244083E-01  3.286676E-24  1.632875E-18  4.982898E-11  2.118346E-11  6.838558E-10  4.013167E-11  2.195488E-10  7.907145E-13
    313  1.375777712339E-01  1.660156E-24  1.011073E-18  3.967096E-11  1.845121E-11  6.804075E-10  4.309716E-11  2.676036E-10  9.987139E-13
    314  1.380438267916E-01  1.110288E-24  7.613102E-19  3.453256E-11  1.693286E-11  6.750572E-10  4.472095E-11  2.991008E-10  1.139911E-12
    315  1.384690951451E-01  7.623625E-25  5.834491E-19  3.029964E-11  1.559648E-11  6.679586E-10  4.611195E-11  3.301900E-10  1.282862E-12
    316  1.391087445178E-01  4.287120E-25  3.875071E-19  2.470686E-11  1.368840E-11  6.533390E-10  4.800625E-11  3.811630E-10  1.524775E-12
    317  1.397002518981E-01  2.503163E-25  2.638541E-19  2.029853E-11  1.204379E-11  6.357319E-10  4.950806E-11  4.327142E-10  1.778804E-12
    318  1.402705851668E-01  1.477180E-25  1.807399E-19  1.666713E-11  1.057016E-11  6.151841E-10  5.069031E-11  4.863298E-10  2.052885E-12
    319  1.408634912375E-01  8.410592E-26  1.204470E-19  1.346438E-11  9.156526E-12  5.903316E-10  5.160599E-11  5.459298E-10  2.369388E-12
    320  1.414089642241E-01  4.983228E-26  8.247798E-20  1.098433E-11  7.969079E-12  5.647267E-10  5.214747E-11  6.038138E-10  2.689029E-12
    321  1.419220762512E-01  3.036095E-26  5.755560E-20  9.012104E-12  6.951044E-12  5.385861E-10  5.238058E-11  6.605570E-10  3.014485E-12
    322  1.422771704232E-01  2.136602E-26  4.457144E-20  7.826076E-12  6.299391E-12  5.194389E-10  5.237552E-11  7.009882E-10  3.253888E-12
    323  1.426029315631E-01  1.542535E-26  3.514426E-20  6.856516E-12  5.740292E-12  5.012608E-10  5.225190E-11  7.387400E-10  3.483338E-12
    324  1.430135230101E-01  1.020811E-26  2.599250E-20  5.782438E-12  5.088146E-12  4.776995E-10  5.193717E-11  7.869936E-10  3.785351E-12
    325  1.434683796643E-01  6.452065E-27  1.857561E-20  4.765259E-12  4.432036E-12  4.509836E-10  5.138572E-11  8.410120E-10  4.135777E-12
    326  1.440315208021E-01  3.643770E-27  1.221279E-20  3.723702E-12  3.710873E-12  4.173671E-10  5.041483E-11  9.081699E-10  4.591109E-12
    327  1.445490332405E-01  2.129777E-27  8.233730E-21  2.945965E-12  3.129812E-12  3.862475E-10  4.924691E-11  9.695943E-10  5.028598E-12
    328  1.451370980342E-01  1.157528E-27  5.259375E-21  2.239671E-12  2.560064E-12  3.512234E-10  4.763641E-11  1.038064E-09  5.543687E-12
    329  1.457052374241E-01  6.450773E-28  3.421474E-21  1.705050E-12  2.092682E-12  3.181508E-10  4.582400E-11  1.101926E-09  6.054980E-12
    330  1.463107957421E-01  3.442983E-28  2.157723E-21  1.262486E-12  1.672677E-12  2.839828E-10  4.363061E-11  1.166423E-09  6.608881E-12
    331  1.468752132891E-01  1.927793E-28  1.411239E-21  9.457991E-13  1.346444E-12  2.535284E-10  4.138565E-11  1.221969E-09  7.125943E-12
    332  1.475510939381E-01  9.810102E-29  8.619732E-22  6.620616E-13  1.027804E-12  2.191808E-10  3.849227E-11  1.280869E-09  7.733969E-12
    333  1.481899111058E-01  5.255780E-29  5.478764E-22  4.666219E-13  7.868243E-13  1.889359E-10  3.557562E-11  1.326818E-09  8.281961E-12
    334  1.491767377555E-01  2.095563E-29  2.832802E-22  2.650540E-13  5.084737E-13  1.468815E-10  3.083392E-11  1.373615E-09  9.030952E-12
    335  1.497116139607E-01  1.331053E-29  2.031815E-22  1.924306E-13  3.961338E-13  1.265535E-10  2.819423E-11  1.383856E-09  9.360816E-12
    336  1.502421520731E-01  8.549365E-30  1.478016E-22  1.383675E-13  3.056735E-13  1.080212E-10  2.553914E-11  1.381370E-09  9.613540E-12
    337  1.509052103900E-01  5.045679E-30  1.014771E-22  9.012365E-14  2.175889E-13  8.727459E-11  2.223653E-11  1.358754E-09  9.801261E-12
    338  1.515352476696E-01  3.180673E-30  7.230971E-23  5.885712E-14  1.547081E-13  7.002142E-11  1.916482E-11  1.315681E-09  9.822529E-12
    339  1.521327102765E-01  2.095551E-30  5.282285E-23  3.848137E-14  1.097255E-13  5.575751E-11  1.634244E-11  1.254419E-09  9.678419E-12
    340  1.526678407657E-01  1.477354E-30  4.009268E-23  2.584632E-14  7.931286E-14  4.473024E-11  1.394561E-11  1.183630E-09  9.407647E-12
    341  1.532481602429E-01  1.006091E-30  2.981920E-23  1.646450E-14  5.473649E-14  3.457569E-11  1.153134E-11  1.091913E-09  8.965227E-12
    342  1.535863948111E-01  1.000000E-30  2.508422E-23  1.253126E-14  4.366350E-14  2.947400E-11  1.022606E-11  1.032420E-09  8.639894E-12
    343  1.538995751697E-01  1.000000E-30  2.133057E-23  9.657114E-15  3.515334E-14  2.524569E-11  9.087058E-12  9.739866E-10  8.296723E-12
    344  1.546020187628E-01  1.000000E-30  1.476674E-23  5.255271E-15  2.111367E-14  1.743162E-11  6.817170E-12  8.361050E-10  7.413391E-12
    345  1.552062305672E-01  1.000000E-30  1.069413E-23  3.031965E-15  1.326858E-14  1.235564E-11  5.192176E-12  7.154342E-10  6.567999E-12
    346  1.557875935888E-01  1.000000E-30  7.767596E-24  1.741273E-15  8.279576E-15  8.664748E-12  3.904098E-12  6.023188E-10  5.719395E-12
    347  1.566447447202E-01  1.000000E-30  4.764072E-24  7.362744E-16  3.960153E-15  4.927923E-12  2.462906E-12  4.495096E-10  4.488473E-12
    348  1.574294426159E-01  1.000000E-30  2.991592E-24  3.207111E-16  1.933539E-15  2.821631E-12  1.552043E-12  3.306723E-10  3.459136E-12
    349  1.581710514975E-01  1.000000E-30  1.888075E-24  1.404060E-16  9.438983E-16  1.603085E-12  9.662047E-13  2.387198E-10  2.610752E-12
    350  1.588328903187E-01  1.000000E-30  1.235003E-24  6.518802E-17  4.833297E-16  9.398335E-13  6.150245E-13  1.735301E-10  1.975351E-12
    351  1.594606073659E-01  1.000000E-30  8.150010E-25  3.063010E-17  2.493952E-16  5.511724E-13  3.901867E-13  1.249623E-10  1.478047E-12
    352  1.600565792087E-01  1.000000E-30  5.417416E-25  1.454926E-17  1.295598E-16  3.231504E-13  2.466338E-13  8.918706E-11  1.094303E-12
    353  1.607059625219E-01  1.000000E-30  3.431363E-25  6.290504E-18  6.179327E-17  1.753430E-13  1.453343E-13  6.001396E-11  7.666260E-13
    354  1.613957576202E-01  1.000000E-30  2.082984E-25  2.499958E-18  2.727583E-17  8.823273E-14  7.988598E-14  3.800517E-11  5.068993E-13
    355  1.620398820205E-01  1.000000E-30  1.287545E-25  1.026007E-18  1.235327E-17  4.468485E-14  4.396392E-14  2.389265E-11  3.318912E-13
    356  1.627691861850E-01  1.000000E-30  7.380764E-26  3.673346E-19  4.946420E-18  1.978903E-14  2.140506E-14  1.351587E-11  1.966689E-13
    357  1.634667099868E-01  1.000000E-30  4.280096E-26  1.378236E-19  2.064615E-18  8.669762E-15  1.027303E-14  7.477302E-12  1.137835E-13
    358  1.645369737572E-01  1.000000E-30  1.822332E-26  3.335813E-20  5.916765E-19  2.256959E-15  3.078549E-15  2.758394E-12  4.498872E-14
    359  1.651200899964E-01  1.000000E-30  1.141488E-26  1.711530E-20  3.301420E-19  1.052609E-15  1.551886E-15  1.537798E-12  2.605909E-14
    360  1.656939516385E-01  1.000000E-30  7.188872E-27  9.517632E-21  2.007637E-19  4.933774E-16  7.849925E-16  8.416172E-13  1.480855E-14
    361  1.664404283242E-01  1.000000E-30  3.981092E-27  4.901661E-21  1.162965E-19  1.893421E-16  3.325415E-16  3.731454E-13  6.895203E-15
    362  1.671401020014E-01  1.000000E-30  2.329666E-27  2.802689E-21  7.432578E-20  8.363719E-17  1.610809E-16  1.708159E-13  3.303489E-15
    363  1.682228463170E-01  1.000000E-30  1.071088E-27  1.229040E-21  3.877832E-20  3.055336E-17  6.823721E-17  5.169528E-14  1.070696E-15
    364  1.688914277275E-01  1.000000E-30  6.936462E-28  7.442022E-22  2.609296E-20  1.944763E-17  4.747825E-17  2.640330E-14  5.687795E-16
    365  1.695862681704E-01  1.000000E-30  4.573133E-28  4.380363E-22  1.710741E-20  1.311281E-17  3.531032E-17  1.466761E-14  3.290819E-16
    366  1.708796298676E-01  1.000000E-30  2.309097E-28  1.615028E-22  7.611331E-21  6.873339E-18  2.232269E-17  7.299869E-15  1.779948E-16
    367  1.720689125062E-01  1.000000E-30  1.312918E-28  6.411509E-23  3.491562E-21  3.826634E-18  1.478803E-17  5.269899E-15  1.399992E-16
    368  1.730357271347E-01  1.000000E-30  8.449125E-29  3.084926E-23  1.822322E-21  2.332002E-18  1.039390E-17  4.349421E-15  1.244664E-16
    369  1.739185931198E-01  1.000000E-30  5.633101E-29  1.632270E-23  9.974924E-22  1.452258E-18  7.385132E-18  3.679180E-15  1.128015E-16
    370  1.748109107026E-01  1.000000E-30  3.704649E-29  9.029987E-24  5.459550E-22  8.833202E-19  5.136709E-18  3.086528E-15  1.014964E-16
    371  1.757092013639E-01  1.000000E-30  2.386655E-29  5.263459E-24  3.027469E-22  5.240423E-19  3.492156E-18  2.553859E-15  9.014124E-17
    372  1.765567714958E-01  1.000000E-30  1.550695E-29  3.333070E-24  1.802883E-22  3.155212E-19  2.392325E-18  2.111784E-15  7.970394E-17
    373  1.775373762473E-01  1.000000E-30  9.156733E-30  2.049547E-24  1.048568E-22  1.715926E-19  1.512216E-18  1.668551E-15  6.807904E-17
    374  1.784803688374E-01  1.000000E-30  5.388610E-30  1.319060E-24  6.695526E-23  9.421054E-20  9.597034E-19  1.313487E-15  5.778503E-17
    375  1.795112536071E-01  1.000000E-30  2.907503E-30  8.192358E-25  4.386863E-23  4.798891E-20  5.728680E-19  9.954743E-16  4.758230E-17
    376  1.804824008025E-01  1.000000E-30  1.581450E-30  5.208458E-25  3.090176E-23  2.522021E-20  3.491822E-19  7.580417E-16  3.920119E-17
    377  1.815169070317E-01  1.000000E-30  1.000000E-30  3.164528E-25  2.180513E-23  1.258808E-20  2.037287E-19  5.594403E-16  3.148746E-17
    378  1.825428215499E-01  1.000000E-30  1.000000E-30  1.899670E-25  1.557693E-23  6.349327E-21  1.194672E-19  4.097081E-16  2.509940E-17
    379  1.841355644659E-01  1.000000E-30  1.000000E-30  8.290934E-26  9.177568E-24  2.260484E-21  5.308521E-20  2.474228E-16  1.731964E-17
    380  1.856860183354E-01  1.000000E-30  1.000000E-30  3.560215E-26  5.371232E-24  9.015955E-22  2.580307E-20  1.481339E-16  1.183177E-17
    381  1.870847965371E-01  1.000000E-30  1.000000E-30  1.614500E-26  3.250315E-24  4.400473E-22  1.504776E-20  9.179248E-17  8.273453E-18
    382  1.883699545972E-01  1.000000E-30  1.000000E-30  7.676772E-27  2.018822E-24  2.536882E-22  1.035699E-20  5.846963E-17  5.896823E-18
    383  1.895671856375E-01  1.000000E-30  1.000000E-30  3.793004E-27  1.279694E-24  1.640799E-22  8.073049E-21  3.801094E-17  4.261932E-18
    384  1.907324824205E-01  1.000000E-30  1.000000E-30  1.899938E-27  8.130017E-25  1.129646E-22  6.797737E-21  2.479121E-17  3.084590E-18
    385  1.917913284253E-01  1.000000E-30  1.000000E-30  1.019375E-27  5.346439E-25  8.273621E-23  6.050777E-21  1.672992E-17  2.289188E-18
    386  1.928179034582E-01  1.000000E-30  1.000000E-30  5.638361E-28  3.533976E-25  6.199050E-23  5.520509E-21  1.134789E-17  1.703108E-18
    387  1.939781308337E-01  1.000000E-30  1.000000E-30  3.012053E-28  2.199764E-25  4.516468E-23  5.049164E-21  7.298782E-18  1.215839E-18
    388  1.950365569225E-01  1.000000E-30  1.000000E-30  1.806644E-28  1.417036E-25  3.392612E-23  4.684972E-21  4.858585E-18  8.889914E-19
    389  1.963061656501E-01  1.000000E-30  1.000000E-30  1.108153E-28  8.303658E-26  2.410011E-23  4.298451E-21  2.984717E-18  6.093544E-19
    390  1.975160386553E-01  1.000000E-30  1.000000E-30  7.973990E-29  4.953117E-26  1.737931E-23  3.964248E-21  1.884278E-18  4.245564E-19
    391  1.988970783448E-01  1.000000E-30  1.000000E-30  6.390470E-29  2.719587E-26  1.192163E-23  3.612747E-21  1.127592E-18  2.807018E-19
    392  2.001908516564E-01  1.000000E-30  1.000000E-30  5.686591E-29  1.539659E-26  8.348512E-24  3.308313E-21  7.152951E-19  1.917128E-19
    393  2.023233395230E-01  1.000000E-30  1.000000E-30  5.180010E-29  5.944643E-27  4.599167E-24  2.852478E-21  3.709033E-19  1.048379E-19
    394  2.035207364909E-01  1.000000E-30  1.000000E-30  4.927237E-29  3.466707E-27  3.275915E-24  2.619904E-21  2.760024E-19  7.662258E-20
    395  2.047171141817E-01  1.000000E-30  1.000000E-30  4.699145E-29  2.020018E-27  2.323038E-24  2.402782E-21  2.185727E-19  5.737192E-20
    396  2.061861175315E-01  1.000000E-30  1.000000E-30  4.558790E-29  1.051277E-27  1.516517E-24  2.156506E-21  1.789067E-19  4.212969E-20
    397  2.075162532616E-01  1.000000E-30  1.000000E-30  4.502283E-29  5.961674E-28  1.026697E-24  1.951790E-21  1.601306E-19  3.348547E-20
    398  2.088103947538E-01  1.000000E-30  1.000000E-30  4.210046E-29  3.596082E-28  6.997042E-25  1.768047E-21  1.510634E-19  2.804711E-20
    399  2.102374295066E-01  1.000000E-30  1.000000E-30  4.153958E-29  2.260865E-28  4.572685E-25  1.582140E-21  1.476211E-19  2.426150E-20
    400  2.116254943500E-01  1.000000E-30  1.000000E-30  3.845775E-29  1.643978E-28  3.025829E-25  1.417205E-21  1.486410E-19  2.201092E-20
    401  2.137594200207E-01  1.000000E-30  1.000000E-30  3.753632E-29  1.322154E-28  1.623628E-25  1.191579E-21  1.559888E-19  2.018057E-20
    402  2.149968302441E-01  1.000000E-30  1.000000E-30  3.397962E-29  1.307639E-28  1.154157E-25  1.075204E-21  1.628323E-19  1.968818E-20
    403  2.163578604848E-01  1.000000E-30  1.000000E-30  3.166789E-29  1.368807E-28  8.171357E-26  9.581886E-22  1.723215E-19  1.945400E-20
    404  2.188327022992E-01  1.000000E-30  1.000000E-30  3.208571E-29  1.614772E-28  5.066470E-26  7.730179E-22  1.948496E-19  1.962987E-20
    405  2.210861741802E-01  1.000000E-30  1.000000E-30  2.939593E-29  1.952082E-28  4.141590E-26  6.316144E-22  2.216552E-19  2.029979E-20
    406  2.231360986547E-01  1.000000E-30  1.000000E-30  2.528743E-29  2.355352E-28  4.160425E-26  5.227357E-22  2.519022E-19  2.127746E-20
    407  2.249661932162E-01  1.000000E-30  1.000000E-30  2.304000E-29  2.806668E-28  4.620903E-26  4.394998E-22  2.842817E-19  2.244243E-20
    408  2.266023391923E-01  1.000000E-30  1.000000E-30  2.112299E-29  3.296063E-28  5.306737E-26  3.749909E-22  3.181158E-19  2.372669E-20
    409  2.291569547831E-01  1.000000E-30  1.000000E-30  2.231228E-29  4.260087E-28  6.849935E-26  2.904476E-22  3.816634E-19  2.622508E-20
    410  2.305971902523E-01  1.000000E-30  1.000000E-30  1.723291E-29  4.929558E-28  7.985453E-26  2.505279E-22  4.241545E-19  2.792280E-20
    411  2.319348711247E-01  1.000000E-30  1.000000E-30  1.498119E-29  5.651791E-28  9.233264E-26  2.177838E-22  4.685676E-19  2.970342E-20
    412  2.335360820165E-01  1.000000E-30  1.000000E-30  1.538612E-29  6.663736E-28  1.100528E-25  1.835049E-22  5.287755E-19  3.211378E-20
    413  2.351317971316E-01  1.000000E-30  1.000000E-30  1.434292E-29  7.856139E-28  1.312087E-25  1.541375E-22  5.974120E-19  3.484495E-20
    414  2.376293164755E-01  1.000000E-30  1.000000E-30  1.698318E-29  1.017392E-27  1.728609E-25  1.164380E-22  7.250590E-19  3.985527E-20
    415  2.399259738388E-01  1.000000E-30  1.000000E-30  1.551211E-29  1.290586E-27  2.226826E-25  8.923118E-23  8.683933E-19  4.536157E-20
    416  2.420046682363E-01  1.000000E-30  1.000000E-30  1.254998E-29  1.600484E-27  2.798961E-25  6.964899E-23  1.023991E-18  5.119816E-20
    417  2.451201276448E-01  1.000000E-30  1.000000E-30  1.644548E-29  2.209455E-27  3.937981E-25  4.753702E-23  1.313777E-18  6.171869E-20
    418  2.467564269033E-01  1.000000E-30  1.000000E-30  1.059475E-29  2.616012E-27  4.707863E-25  3.873803E-23  1.498739E-18  6.822675E-20
    419  2.483354027874E-01  1.000000E-30  1.000000E-30  1.032107E-29  3.078808E-27  5.590326E-25  3.176124E-23  1.702609E-18  7.523950E-20
    420  2.499258654919E-01  1.000000E-30  1.000000E-30  1.017446E-29  3.626918E-27  6.642941E-25  2.601522E-23  1.936698E-18  8.310900E-20
    421  2.515152656983E-01  1.000000E-30  1.000000E-30  8.520795E-30  4.271004E-27  7.888483E-25  2.137150E-23  2.203428E-18  9.186752E-20
    422  2.542060864984E-01  1.000000E-30  1.000000E-30  1.449447E-29  5.629918E-27  1.053886E-24  1.555897E-23  2.742745E-18  1.090082E-19
    423  2.556901221114E-01  1.000000E-30  1.000000E-30  1.012932E-29  6.553875E-27  1.235576E-24  1.328117E-23  3.095345E-18  1.198695E-19
    424  2.570805114381E-01  1.000000E-30  1.000000E-30  7.245765E-30  7.555268E-27  1.433481E-24  1.164546E-23  3.466981E-18  1.310681E-19
    425  2.598984391343E-01  1.000000E-30  1.000000E-30  1.367465E-29  1.007326E-26  1.934579E-24  9.561235E-24  4.363108E-18  1.571968E-19
    426  2.622653138568E-01  1.000000E-30  1.000000E-30  1.330711E-29  1.281773E-26  2.485088E-24  8.901454E-24  5.292270E-18  1.832359E-19
    427  2.644885215151E-01  1.000000E-30  1.000000E-30  1.413963E-29  1.606523E-26  3.140550E-24  9.058137E-24  6.343586E-18  2.116813E-19
    428  2.667229470066E-01  1.000000E-30  1.000000E-30  1.553247E-29  2.014899E-26  3.969263E-24  9.915062E-24  7.608887E-18  2.447725E-19
    429  2.687894382327E-01  1.000000E-30  1.000000E-30  1.453318E-29  2.483406E-26  4.924403E-24  1.132197E-23  9.000083E-18  2.799931E-19
    430  2.709436570286E-01  1.000000E-30  1.000000E-30  1.660706E-29  3.086918E-26  6.159616E-24  1.345068E-23  1.071794E-17  3.221266E-19
    431  2.728595154549E-01  1.000000E-30  1.000000E-30  1.785977E-29  3.744583E-26  7.510069E-24  1.596800E-23  1.251487E-17  3.648898E-19
    432  2.763050324764E-01  1.000000E-30  1.000000E-30  3.408296E-29  5.295792E-26  1.070652E-23  2.224399E-23  1.652205E-17  4.565090E-19
    433  2.797281875476E-01  1.000000E-30  1.000000E-30  4.433484E-29  7.466015E-26  1.519268E-23  3.131495E-23  2.174249E-17  5.701048E-19
    434  2.831107064370E-01  1.000000E-30  1.000000E-30  5.759419E-29  1.047428E-25  2.142148E-23  4.406792E-23  2.847573E-17  7.097599E-19
    435  2.863632962154E-01  1.000000E-30  1.000000E-30  7.560054E-29  1.449465E-25  2.974784E-23  6.122607E-23  3.685246E-17  8.757605E-19
    436  2.894106333807E-01  1.000000E-30  1.000000E-30  9.270652E-29  1.963995E-25  4.039316E-23  8.326075E-23  4.685513E-17  1.065796E-18
    437  2.941185503109E-01  1.000000E-30  1.000000E-30  1.658045E-28  3.137029E-25  6.458755E-23  1.336048E-22  6.770244E-17  1.442027E-18
    438  2.983685787405E-01  1.000000E-30  1.000000E-30  2.602992E-28  4.783243E-25  9.835186E-23  2.043064E-22  9.408858E-17  1.892346E-18
    439  3.021949729112E-01  1.000000E-30  1.000000E-30  3.953766E-28  6.988288E-25  1.432599E-22  2.989434E-22  1.262055E-16  2.414640E-18
    440  3.059150641439E-01  1.000000E-30  1.000000E-30  6.017248E-28  1.009740E-24  2.060544E-22  4.321540E-22  1.675044E-16  3.057756E-18
    441  3.094680949786E-01  1.000000E-30  1.000000E-30  9.039916E-28  1.434446E-24  2.910166E-22  6.136524E-22  2.190212E-16  3.828553E-18
    442  3.127856926026E-01  1.000000E-30  1.000000E-30  1.314126E-27  1.990297E-24  4.010669E-22  8.504220E-22  2.807903E-16  4.719995E-18
    443  3.178598433803E-01  1.000000E-30  1.000000E-30  2.387526E-27  3.282542E-24  6.531175E-22  1.397997E-21  4.090979E-16  6.494548E-18
    444  3.224504526026E-01  1.000000E-30  1.000000E-30  4.066212E-27  5.159743E-24  1.012403E-21  2.187687E-21  5.729202E-16  8.660924E-18
    445  3.266870398371E-01  1.000000E-30  1.000000E-30  6.638043E-27  7.830058E-24  1.513663E-21  3.302170E-21  7.793829E-16  1.128951E-17
    446  3.305577136787E-01  1.000000E-30  1.000000E-30  1.035972E-26  1.145975E-23  2.181812E-21  4.804465E-21  1.029856E-15  1.437721E-17
    447  3.362681054783E-01  1.000000E-30  1.000000E-30  1.998682E-26  2.009332E-23  3.730043E-21  8.336993E-21  1.546925E-15  2.052982E-17
    448  3.414589872690E-01  1.000000E-30  1.000000E-30  3.617833E-26  3.347296E-23  6.055363E-21  1.373337E-20  2.229775E-15  2.837531E-17
    449  3.462773530350E-01  1.000000E-30  1.000000E-30  6.256929E-26  5.374952E-23  9.471159E-21  2.179294E-20  3.119985E-15  3.832189E-17
    450  3.508856189623E-01  1.000000E-30  1.000000E-30  1.053740E-25  8.453971E-23  1.449732E-20  3.384856E-20  4.289277E-15  5.109613E-17
    451  3.552628710565E-01  1.000000E-30  1.000000E-30  1.724628E-25  1.299792E-22  2.168297E-20  5.136737E-20  5.788414E-15  6.718269E-17
    452  3.595141079779E-01  1.000000E-30  1.000000E-30  2.776504E-25  1.973792E-22  3.200468E-20  7.694508E-20  7.726467E-15  8.769053E-17
    453  3.636744849418E-01  1.000000E-30  1.000000E-30  4.414937E-25  2.970618E-22  4.677878E-20  1.141618E-19  1.022827E-14  1.138872E-16
    454  3.676260234901E-01  1.000000E-30  1.039114E-30  6.844796E-25  4.380022E-22  6.699456E-20  1.659217E-19  1.332610E-14  1.460926E-16
    455  3.714655117309E-01  1.000000E-30  1.159485E-30  1.046088E-24  6.387299E-22  9.486164E-20  2.384275E-19  1.720384E-14  1.862388E-16
    456  3.752653942304E-01  1.000000E-30  1.000000E-30  1.588736E-24  9.278082E-22  1.336895E-19  3.410944E-19  2.211745E-14  2.370357E-16
    457  3.809506426681E-01  1.000000E-30  1.189834E-30  2.958677E-24  1.621836E-21  2.229208E-19  5.820996E-19  3.212173E-14  3.406769E-16
    458  3.865190953769E-01  1.000000E-30  1.466980E-30  5.417482E-24  2.802355E-21  3.669959E-19  9.810776E-19  4.615811E-14  4.871895E-16
    459  3.928522091207E-01  1.034054E-30  1.892545E-30  1.072489E-23  5.218513E-21  6.452813E-19  1.773254E-18  6.948298E-14  7.342072E-16
    460  3.991093841216E-01  1.164977E-30  3.537961E-30  2.094564E-23  9.641840E-21  1.123907E-18  3.176490E-18  1.037513E-13  1.105244E-15
    461  4.054183851758E-01  1.000000E-30  5.908498E-30  4.090512E-23  1.789479E-20  1.961319E-18  5.706819E-18  1.549765E-13  1.676435E-15
    462  4.147392755742E-01  1.184099E-30  1.854244E-29  1.088581E-22  4.457671E-20  4.444339E-18  1.351398E-17  2.790390E-13  3.128270E-15
    463  4.232199499949E-01  1.457977E-30  6.159339E-29  2.622680E-22  1.020501E-19  9.308331E-18  2.949418E-17  4.743441E-13  5.569918E-15
    464  4.316976825025E-01  1.000000E-30  2.017634E-28  6.249497E-22  2.330186E-19  1.940235E-17  6.411083E-17  8.032721E-13  1.000892E-14
    465  4.393401554526E-01  2.236968E-30  5.949303E-28  1.354490E-21  4.895629E-19  3.748153E-17  1.286436E-16  1.288199E-12  1.712042E-14
    466  4.465935084243E-01  1.534688E-30  1.658634E-27  2.799138E-21  9.878163E-19  6.977993E-17  2.483642E-16  2.012743E-12  2.871065E-14
    467  4.537106765818E-01  2.092266E-30  4.536833E-27  5.661945E-21  1.962232E-18  1.280101E-16  4.721108E-16  3.113749E-12  4.802799E-14
    468  4.602314649238E-01  3.963003E-30  1.139669E-26  1.072381E-20  3.670762E-18  2.225962E-16  8.479620E-16  4.638828E-12  7.743610E-14
    469  4.709552966107E-01  1.367290E-29  5.170965E-26  3.024033E-20  1.022256E-17  5.499317E-16  2.207561E-15  8.919058E-12  1.720626E-13
    470  4.769745726746E-01  2.863472E-29  1.206900E-25  5.372834E-20  1.809838E-17  9.109028E-16  3.763344E-15  1.286313E-11  2.710956E-13
    471  4.828178172001E-01  6.500059E-29  2.745112E-25  9.343070E-20  3.142978E-17  1.483889E-15  6.299951E-15  1.834663E-11  4.233527E-13
    472  4.927188450138E-01  2.792454E-28  1.102207E-24  2.362875E-19  7.956672E-17  3.377951E-15  1.499128E-14  3.346539E-11  9.091089E-13
    473  5.000000000000E-01  8.502020E-28  3.057355E-24  4.642838E-19  1.566485E-16  6.165088E-15  2.821475E-14  5.205217E-11  1.604197E-12
