 *                                      
 * expansion:  temp0=  1.000E+10 den0=  3.000E+06 temp_stop=  1.000E+07
 *          time                y87           y88           y89           y90           y91           y92           y93           y94  
      1  0.000000000000E+00  1.000000E-30  1.000000E-30  1.000000E-30  1.000000E-30  1.000000E-30  1.000000E-30  1.000000E-30  1.000000E-30
      2  1.000000000000E-16  1.088634E-30  1.059528E-30  1.012313E-30  1.009897E-30  1.002131E-30  1.000621E-30  1.001610E-30  1.000000E-30
      3  6.264265632874E-16  1.828379E-30  1.525196E-30  1.115393E-30  1.064912E-30  1.013381E-30  1.004080E-30  1.009823E-30  1.000000E-30
      4  2.206990590178E-15  6.306235E-30  4.806540E-30  2.120158E-30  1.296679E-30  1.050543E-30  1.016113E-30  1.032027E-30  1.000000E-30
      5  6.425069294186E-15  1.835885E-29  1.948625E-29  1.071790E-29  2.994568E-30  1.263417E-30  1.059082E-30  1.076885E-30  1.000000E-30
      6  1.724777641531E-14  3.419553E-29  5.790939E-29  5.232855E-29  1.783430E-29  3.545465E-30  1.290019E-30  1.143981E-30  1.000000E-30
      7  4.527785414179E-14  6.499467E-29  1.633707E-28  1.974665E-28  1.216024E-28  2.027511E-29  3.066569E-30  1.350805E-30  1.000000E-30
      8  1.231582592127E-13  1.802304E-28  5.143078E-28  6.709285E-28  5.716707E-28  8.374025E-29  1.082132E-29  2.240567E-30  1.000071E-30
      9  4.001734798240E-13  4.634613E-28  1.402128E-27  1.896089E-27  1.805084E-27  2.533480E-28  3.276310E-29  5.231255E-30  1.419179E-30
     10  1.150918682670E-12  4.574635E-28  1.392507E-27  1.889776E-27  1.835471E-27  2.533428E-28  3.273835E-29  5.220426E-30  1.416013E-30
     11  2.802808442389E-12  3.427602E-28  1.048706E-27  1.426006E-27  1.397551E-27  1.930958E-28  2.542549E-29  4.351474E-30  1.387360E-30
     12  6.912921996243E-12  1.915164E-28  5.882917E-28  8.019898E-28  7.948934E-28  1.098918E-28  1.503812E-29  3.041465E-30  1.271075E-30
     13  1.659368270033E-11  1.101749E-29  3.445528E-29  4.779330E-29  4.984469E-29  7.617837E-30  1.768053E-30  1.000000E-30  1.000000E-30
     14  1.134012897413E-10  2.518932E-30  7.914942E-30  1.099446E-29  1.154488E-29  1.791815E-30  1.000000E-30  1.000000E-30  1.000000E-30
     15  1.081477360150E-09  1.053284E-30  3.312595E-30  4.601683E-30  4.822557E-30  1.000000E-30  1.000000E-30  1.000000E-30  1.000000E-30
     16  1.076223806424E-08  1.000000E-30  1.000000E-30  1.000000E-30  1.000000E-30  1.000000E-30  1.000000E-30  1.000000E-30  1.000000E-30
     17  6.834096797002E-08  1.000000E-30  1.000000E-30  1.000000E-30  1.000000E-30  1.000000E-30  1.000000E-30  1.000000E-30  1.000000E-30
     18  2.542122411654E-07  1.000000E-30  1.000000E-30  1.000000E-30  1.000000E-30  1.000000E-30  1.000000E-30  1.000000E-30  1.000000E-30
     19  7.007518887657E-07  1.000000E-30  1.000000E-30  1.000000E-30  1.000000E-30  1.000000E-30  1.000000E-30  1.000000E-30  1.000000E-30
     20  1.724661805125E-06  1.000000E-30  1.000000E-30  1.000000E-30  1.000000E-30  1.000000E-30  1.000000E-30  1.000000E-30  1.000000E-30
     21  4.267664185819E-06  1.000000E-30  1.000000E-30  1.000000E-30  1.000000E-30  1.000000E-30  1.000000E-30  1.000000E-30  1.000000E-30
     22  1.786211798807E-05  1.000000E-30  1.000000E-30  1.000000E-30  1.000000E-30  1.000000E-30  1.000000E-30  1.000000E-30  1.000000E-30
     23  6.929007850093E-05  1.000000E-30  1.000000E-30  1.000000E-30  1.000000E-30  1.000000E-30  1.000000E-30  1.000000E-30  1.000000E-30
     24  5.835696836295E-04  1.000000E-30  1.000000E-30  1.000000E-30  1.000000E-30  1.000000E-30  1.000000E-30  1.000000E-30  1.000000E-30
     25  1.496090518789E-03  1.000000E-30  1.000000E-30  1.000000E-30  1.000000E-30  1.000000E-30  1.000000E-30  1.000000E-30  1.000000E-30
     26  2.379765156362E-03  1.000000E-30  1.000000E-30  1.000000E-30  1.000000E-30  1.000000E-30  1.000000E-30  1.000000E-30  1.000000E-30
     27  3.772948503579E-03  1.000000E-30  1.000000E-30  1.000000E-30  1.000000E-30  1.000000E-30  1.000000E-30  1.000000E-30  1.000000E-30
     28  4.957278025650E-03  1.000000E-30  1.000000E-30  1.000000E-30  1.000000E-30  1.000000E-30  1.000000E-30  1.000000E-30  1.000000E-30
     29  5.758110286319E-03  1.000000E-30  1.000000E-30  1.000000E-30  1.000000E-30  1.000000E-30  1.000000E-30  1.000000E-30  1.000000E-30
     30  6.636115041812E-03  1.000000E-30  1.000000E-30  1.000000E-30  1.000000E-30  1.000000E-30  1.000000E-30  1.000000E-30  1.000000E-30
     31  7.490864585256E-03  1.000000E-30  1.000000E-30  1.000000E-30  1.000000E-30  1.000000E-30  1.000000E-30  1.000000E-30  1.000000E-30
     32  8.026631019591E-03  1.000000E-30  1.000000E-30  1.000000E-30  1.000000E-30  1.000000E-30  1.000000E-30  1.000000E-30  1.000000E-30
     33  8.451616658664E-03  1.000000E-30  1.000000E-30  1.000000E-30  1.000000E-30  1.000000E-30  1.000000E-30  1.000000E-30  1.000000E-30
     34  9.803471762980E-03  1.000000E-30  1.000000E-30  1.093332E-30  1.000000E-30  1.000000E-30  1.000000E-30  1.000000E-30  1.000000E-30
     35  1.116687552369E-02  1.000000E-30  1.000000E-30  1.236881E-30  1.000000E-30  1.000000E-30  1.000000E-30  1.000000E-30  1.000000E-30
     36  1.219012310682E-02  1.000000E-30  1.000000E-30  1.064377E-30  1.000000E-30  1.000000E-30  1.000000E-30  1.000000E-30  1.000000E-30
     37  1.314647137106E-02  1.000000E-30  1.000000E-30  1.099512E-30  1.000000E-30  1.000000E-30  1.000000E-30  1.000000E-30  1.000000E-30
     38  1.431720408173E-02  1.000000E-30  1.000000E-30  1.469002E-30  1.053328E-30  1.000000E-30  1.000000E-30  1.000000E-30  1.000000E-30
     39  1.545287753035E-02  1.000000E-30  1.000000E-30  1.608718E-30  1.140315E-30  1.000000E-30  1.000000E-30  1.000000E-30  1.000000E-30
     40  1.716820108076E-02  1.000000E-30  1.137347E-30  3.011143E-30  1.984732E-30  1.000000E-30  1.000000E-30  1.000000E-30  1.000000E-30
     41  1.871872199221E-02  1.000000E-30  1.095798E-30  3.391182E-30  2.611376E-30  1.000000E-30  1.000000E-30  1.000000E-30  1.000000E-30
     42  2.131412024987E-02  1.000000E-30  1.779672E-30  6.906565E-30  4.028356E-30  1.000000E-30  1.000000E-30  1.000000E-30  1.000000E-30
     43  2.288535686070E-02  1.000000E-30  1.219591E-30  4.981335E-30  4.238994E-30  1.000000E-30  1.000000E-30  1.000000E-30  1.000000E-30
     44  2.437102778700E-02  1.000000E-30  1.135419E-30  6.973972E-30  5.793636E-30  1.194403E-30  1.000000E-30  1.000000E-30  1.000000E-30
     45  2.666254430666E-02  1.000000E-30  1.637765E-30  1.214928E-29  1.195123E-29  3.881637E-30  1.000000E-30  1.000000E-30  1.000000E-30
     46  2.807329513827E-02  1.000000E-30  1.000000E-30  8.869536E-30  8.897188E-30  2.889241E-30  1.000000E-30  1.000000E-30  1.000000E-30
     47  2.946719119355E-02  1.000000E-30  1.000000E-30  1.029889E-29  1.105526E-29  3.222320E-30  1.000000E-30  1.000000E-30  1.000000E-30
     48  2.982466835475E-02  1.000000E-30  1.000000E-30  2.437226E-30  2.931443E-30  1.000000E-30  1.000000E-30  1.000000E-30  1.000000E-30
     49  3.017238950627E-02  1.000000E-30  1.000000E-30  2.698525E-30  3.048508E-30  1.034575E-30  1.000000E-30  1.000000E-30  1.000000E-30
     50  3.052509122072E-02  1.000000E-30  1.000000E-30  2.732905E-30  3.237926E-30  1.131699E-30  1.000000E-30  1.000000E-30  1.000000E-30
     51  3.066477686677E-02  1.000000E-30  1.000000E-30  1.121206E-30  1.371787E-30  1.000000E-30  1.000000E-30  1.000000E-30  1.000000E-30
     52  3.080037159611E-02  1.000000E-30  1.000000E-30  1.103375E-30  1.363881E-30  1.000000E-30  1.000000E-30  1.000000E-30  1.000000E-30
     53  3.111325257314E-02  1.000000E-30  1.000000E-30  2.547401E-30  3.153593E-30  1.162440E-30  1.000000E-30  1.000000E-30  1.000000E-30
     54  3.147800645819E-02  1.000000E-30  1.000000E-30  3.291210E-30  4.254642E-30  1.600904E-30  1.000000E-30  1.000000E-30  1.000000E-30
     55  3.181357346897E-02  1.000000E-30  1.000000E-30  3.054666E-30  3.958292E-30  1.541815E-30  1.000000E-30  1.000000E-30  1.000000E-30
     56  3.217197145871E-02  1.000000E-30  1.000000E-30  3.346047E-30  4.601890E-30  1.843661E-30  1.000000E-30  1.000000E-30  1.000000E-30
     57  3.249951277145E-02  1.000000E-30  1.000000E-30  2.817211E-30  4.211328E-30  1.748376E-30  1.000000E-30  1.000000E-30  1.000000E-30
     58  3.262595809504E-02  1.000000E-30  1.000000E-30  1.155062E-30  1.641758E-30  1.000000E-30  1.000000E-30  1.000000E-30  1.000000E-30
     59  3.272641576722E-02  1.000000E-30  1.000000E-30  1.000000E-30  1.330658E-30  1.000000E-30  1.000000E-30  1.000000E-30  1.000000E-30
     60  3.304841700500E-02  1.000000E-30  1.000000E-30  3.079220E-30  4.538533E-30  1.980567E-30  1.000000E-30  1.000000E-30  1.000000E-30
     61  3.362823507679E-02  1.000000E-30  1.000000E-30  6.051588E-30  9.116888E-30  4.288000E-30  1.000000E-30  1.000000E-30  1.000000E-30
     62  3.417743618412E-02  1.000000E-30  1.000000E-30  5.715609E-30  9.252327E-30  4.559338E-30  1.000000E-30  1.000000E-30  1.000000E-30
     63  3.448472684867E-02  1.000000E-30  1.000000E-30  3.049011E-30  5.323378E-30  2.837775E-30  1.000000E-30  1.000000E-30  1.000000E-30
     64  3.459225947862E-02  1.000000E-30  1.000000E-30  1.090386E-30  1.822032E-30  1.000000E-30  1.000000E-30  1.000000E-30  1.000000E-30
     65  3.468161085917E-02  1.000000E-30  1.000000E-30  1.000000E-30  1.528625E-30  1.000000E-30  1.000000E-30  1.000000E-30  1.000000E-30
     66  3.501586344154E-02  1.000000E-30  1.000000E-30  3.331850E-30  5.953951E-30  3.169482E-30  1.000000E-30  1.000000E-30  1.000000E-30
     67  3.563385967804E-02  1.000000E-30  1.000000E-30  6.210172E-30  1.168285E-29  6.837694E-30  1.003268E-30  1.000000E-30  1.000000E-30
     68  3.619390900501E-02  1.000000E-30  1.000000E-30  6.027188E-30  1.126223E-29  6.947849E-30  1.067862E-30  1.000000E-30  1.000000E-30
     69  3.661379630041E-02  1.000000E-30  1.000000E-30  4.653327E-30  9.126031E-30  5.301941E-30  1.000000E-30  1.000000E-30  1.000000E-30
     70  3.704099468238E-02  1.000000E-30  1.000000E-30  4.817158E-30  1.007787E-29  6.961496E-30  1.152995E-30  1.121535E-30  1.000000E-30
     71  3.731378163516E-02  1.000000E-30  1.000000E-30  2.959795E-30  6.340799E-30  4.427264E-30  1.000000E-30  1.000000E-30  1.000000E-30
     72  3.757630769329E-02  1.000000E-30  1.000000E-30  2.774733E-30  6.046117E-30  4.466771E-30  1.000000E-30  1.000000E-30  1.000000E-30
     73  3.788075418501E-02  1.000000E-30  1.000000E-30  3.243454E-30  7.000262E-30  5.170092E-30  1.000000E-30  1.000000E-30  1.000000E-30
     74  3.819794660071E-02  1.000000E-30  1.000000E-30  3.419527E-30  7.552056E-30  5.625272E-30  1.040048E-30  1.144383E-30  1.000000E-30
     75  3.838080203158E-02  1.000000E-30  1.000000E-30  1.964108E-30  4.751437E-30  3.493885E-30  1.000000E-30  1.000000E-30  1.000000E-30
     76  3.859219912978E-02  1.000000E-30  1.000000E-30  2.336888E-30  5.564321E-30  4.534313E-30  1.000000E-30  1.001771E-30  1.000000E-30
     77  3.884096228080E-02  1.000000E-30  1.000000E-30  2.675764E-30  6.415113E-30  5.276972E-30  1.037096E-30  1.216461E-30  1.000000E-30
     78  3.907668434759E-02  1.000000E-30  1.000000E-30  2.588387E-30  6.395153E-30  5.480924E-30  1.100154E-30  1.318886E-30  1.000000E-30
     79  3.934936577490E-02  1.000000E-30  1.000000E-30  2.828261E-30  7.068987E-30  5.934994E-30  1.218607E-30  1.500556E-30  1.000000E-30
     80  3.961640452516E-02  1.000000E-30  1.000000E-30  2.782920E-30  7.145608E-30  6.190699E-30  1.302212E-30  1.645544E-30  1.000000E-30
     81  3.991996766101E-02  1.000000E-30  1.000000E-30  3.174567E-30  8.366634E-30  7.284269E-30  1.568884E-30  2.086385E-30  1.000000E-30
     82  4.019473378510E-02  1.000000E-30  1.000000E-30  2.830782E-30  7.664795E-30  7.001908E-30  1.551229E-30  2.117323E-30  1.000000E-30
     83  4.046928694587E-02  1.000000E-30  1.000000E-30  2.955815E-30  8.277809E-30  7.975799E-30  1.810142E-30  2.640611E-30  1.000000E-30
     84  4.074955599116E-02  1.000000E-30  1.000000E-30  3.117390E-30  9.370053E-30  9.698473E-30  2.254690E-30  3.320587E-30  1.000000E-30
     85  4.099011663524E-02  1.000000E-30  1.000000E-30  2.698959E-30  8.096675E-30  8.283336E-30  1.976966E-30  2.957028E-30  1.000000E-30
     86  4.118445936105E-02  1.000000E-30  1.000000E-30  2.315535E-30  7.117985E-30  7.493109E-30  1.827707E-30  2.774854E-30  1.000000E-30
     87  4.137235583218E-02  1.000000E-30  1.000000E-30  2.513733E-30  7.905106E-30  8.536353E-30  2.138434E-30  3.221027E-30  1.000000E-30
     88  4.152714488067E-02  1.000000E-30  1.000000E-30  2.558379E-30  8.120746E-30  8.842143E-30  2.250107E-30  3.502086E-30  1.000000E-30
     89  4.165981986900E-02  1.000000E-30  1.000000E-30  2.960224E-30  9.445421E-30  1.037009E-29  2.681087E-30  4.199892E-30  1.077084E-30
     90  4.188596337322E-02  1.000000E-30  1.000000E-30  5.845464E-30  1.907462E-29  2.148640E-29  5.649896E-30  9.061776E-30  2.384958E-30
     91  4.208159634323E-02  1.000000E-30  1.000000E-30  9.075977E-30  3.021080E-29  3.476238E-29  9.280617E-30  1.512679E-29  4.055744E-30
     92  4.230932596557E-02  1.000000E-30  1.000000E-30  1.826215E-29  6.229646E-29  7.371667E-29  2.015782E-29  3.367976E-29  9.233662E-30
     93  4.251598135750E-02  1.000000E-30  1.000000E-30  3.552684E-29  1.238030E-28  1.501354E-28  4.192447E-29  7.158302E-29  2.004983E-29
     94  4.274368410830E-02  1.000000E-30  1.000000E-30  7.825810E-29  2.790432E-28  3.476477E-28  9.936481E-29  1.738695E-28  4.989251E-29
     95  4.294191711445E-02  1.000000E-30  1.620030E-30  1.582149E-28  5.753526E-28  7.337412E-28  2.140015E-28  3.825526E-28  1.121205E-28
     96  4.316569238790E-02  1.000000E-30  3.513694E-30  3.577020E-28  1.329848E-27  1.741137E-27  5.195195E-28  9.513456E-28  2.855359E-28
     97  4.339365876136E-02  1.000000E-30  7.883510E-30  8.363221E-28  3.180201E-27  4.277598E-27  1.306557E-27  2.452428E-27  7.542673E-28
     98  4.362382833621E-02  1.000000E-30  1.817492E-29  2.008982E-27  7.814912E-27  1.080199E-26  3.378403E-27  6.501798E-27  2.049809E-27
     99  4.384703699487E-02  1.000000E-30  4.176030E-29  4.802180E-27  1.909645E-26  2.710424E-26  8.674483E-27  1.710422E-26  5.523710E-27
    100  4.408801045744E-02  1.000000E-30  1.053505E-28  1.263809E-26  5.146488E-26  7.516840E-26  2.466369E-26  4.992221E-26  1.654671E-26
    101  4.430336182063E-02  1.551515E-30  2.476869E-28  3.085486E-26  1.283509E-25  1.923557E-25  6.454357E-26  1.337526E-25  4.538016E-26
    102  4.453208602613E-02  3.838796E-30  6.311404E-28  8.181124E-26  3.480925E-25  5.361487E-25  1.842354E-25  3.914353E-25  1.361441E-25
    103  4.474836808964E-02  9.274843E-30  1.565281E-27  2.106687E-25  9.158196E-25  1.447863E-24  5.089516E-25  1.107344E-24  3.943607E-25
    104  4.497736119052E-02  2.401813E-29  4.164568E-27  5.831308E-25  2.593227E-24  4.214445E-24  1.517477E-24  3.385485E-24  1.236181E-24
    105  4.517199675598E-02  5.425368E-29  9.625715E-27  1.393967E-24  6.320257E-24  1.051573E-23  3.864615E-24  8.807686E-24  3.285103E-24
    106  4.536038532241E-02  1.190344E-28  2.159874E-26  3.232092E-24  1.493309E-23  2.541997E-23  9.529786E-24  2.217316E-23  8.442722E-24
    107  4.552484255766E-02  2.340569E-28  4.332107E-26  6.671388E-24  3.133499E-23  5.441257E-23  2.075558E-23  4.916931E-23  1.906109E-23
    108  4.581275722245E-02  7.350510E-28  1.409915E-25  2.284313E-23  1.104492E-22  1.986204E-22  7.810889E-23  1.909800E-22  7.641226E-23
    109  4.603616864208E-02  1.712881E-27  3.381991E-25  5.704412E-23  2.821722E-22  5.214869E-22  2.100138E-22  5.262620E-22  2.157908E-22
    110  4.624194314299E-02  3.576915E-27  7.260401E-25  1.271926E-22  6.426950E-22  1.218401E-21  5.016788E-22  1.286250E-21  5.396462E-22
    111  4.641297951594E-02  6.383796E-27  1.326614E-24  2.399131E-22  1.233947E-21  2.389290E-21  1.002094E-21  2.618562E-21  1.119737E-21
    112  4.656990459822E-02  1.058006E-26  2.247517E-24  4.185750E-22  2.188231E-21  4.320040E-21  1.842735E-21  4.899695E-21  2.132006E-21
    113  4.671253119976E-02  1.639608E-26  3.554553E-24  6.800592E-22  3.608463E-21  7.250764E-21  3.140770E-21  8.484114E-21  3.750643E-21
    114  4.684580987606E-02  2.426477E-26  5.362833E-24  1.052349E-21  5.662254E-21  1.156723E-20  5.083164E-21  1.393554E-20  6.252589E-21
    115  4.697520204195E-02  3.496617E-26  7.875903E-24  1.584233E-21  8.640634E-21  1.793782E-20  7.993879E-21  2.223240E-20  1.012001E-20
    116  4.709649788536E-02  4.862234E-26  1.115042E-23  2.295857E-21  1.268277E-20  2.672980E-20  1.206968E-20  3.402331E-20  1.569798E-20
    117  4.721637454993E-02  6.659077E-26  1.554737E-23  3.276270E-21  1.832916E-20  3.921192E-20  1.793804E-20  5.124440E-20  2.396220E-20
    118  4.732862910872E-02  8.854276E-26  2.102559E-23  4.528349E-21  2.563644E-20  5.561895E-20  2.575638E-20  7.450422E-20  3.527842E-20
    119  4.750539400184E-02  1.363053E-25  3.325003E-23  7.412440E-21  4.275752E-20  9.483663E-20  4.477122E-20  1.320782E-19  6.378697E-20
    120  4.767210524850E-02  2.012138E-25  5.035974E-23  1.160072E-20  6.811580E-20  1.542799E-19  7.417548E-20  2.229358E-19  1.097010E-19
    121  4.783406579930E-02  2.895099E-25  7.430214E-23  1.767204E-20  1.055741E-19  2.440468E-19  1.194380E-19  3.655322E-19  1.831754E-19
    122  4.799263518131E-02  4.082837E-25  1.074149E-22  2.636385E-20  1.601946E-19  3.777895E-19  1.881443E-19  5.861106E-19  2.990029E-19
    123  4.815339657435E-02  5.719977E-25  1.543499E-22  3.912096E-20  2.418456E-19  5.820604E-19  2.950541E-19  9.358625E-19  4.861622E-19
    124  4.832264594384E-02  8.069006E-25  2.236630E-22  5.864815E-20  3.692224E-19  9.078932E-19  4.689093E-19  1.515816E-18  8.026413E-19
    125  4.849826454798E-02  1.140989E-24  3.252553E-22  8.835961E-20  5.669028E-19  1.425427E-18  7.506642E-19  2.474979E-18  1.336841E-18
    126  4.867786870736E-02  1.610054E-24  4.723806E-22  1.330741E-19  8.705107E-19  2.239455E-18  1.203102E-18  4.047630E-18  2.231273E-18
    127  4.885872256535E-02  2.256779E-24  6.817030E-22  1.992183E-19  1.328959E-18  3.498672E-18  1.917802E-18  6.584838E-18  3.705236E-18
    128  4.903755607841E-02  3.125981E-24  9.719837E-22  2.945736E-19  2.003549E-18  5.396652E-18  3.017783E-18  1.057261E-17  6.071338E-18
    129  4.921259737621E-02  4.269794E-24  1.365927E-21  4.290133E-19  2.973981E-18  8.192322E-18  4.671648E-18  1.669325E-17  9.779140E-18
    130  4.938368810460E-02  5.755298E-24  1.893217E-21  6.158030E-19  4.349108E-18  1.224659E-17  7.118795E-18  2.593411E-17  1.549199E-17
    131  4.955132280349E-02  7.668308E-24  2.592616E-21  8.727851E-19  6.277815E-18  1.806334E-17  1.069965E-17  3.972553E-17  2.418941E-17
    132  4.971624312404E-02  1.011865E-23  3.514880E-21  1.224053E-18  8.964585E-18  2.634894E-17  1.590018E-17  6.014711E-17  3.732238E-17
    133  4.987811857735E-02  1.322239E-23  4.716975E-21  1.698381E-18  1.266086E-17  3.800045E-17  2.335417E-17  8.998080E-17  5.688072E-17
    134  5.003799836445E-02  1.714347E-23  6.279689E-21  2.337301E-18  1.773222E-17  5.433658E-17  3.400355E-17  1.334124E-16  8.589871E-17
    135  5.019682549602E-02  2.209711E-23  8.310308E-21  3.196993E-18  2.468158E-17  7.720848E-17  4.919473E-17  1.965328E-16  1.288726E-16
    136  5.035511419132E-02  2.834178E-23  1.094315E-20  4.351102E-18  3.418227E-17  1.091553E-16  7.081272E-17  2.880421E-16  1.923548E-16
    137  5.051299755300E-02  3.618132E-23  1.434273E-20  5.894067E-18  4.711729E-17  1.535930E-16  1.014492E-16  4.201564E-16  2.857404E-16
    138  5.067010535678E-02  4.594720E-23  1.869863E-20  7.941046E-18  6.459245E-17  2.149287E-16  1.445310E-16  6.094142E-16  4.220464E-16
    139  5.082726902819E-02  5.811294E-23  2.428044E-20  1.065717E-17  8.820630E-17  2.996094E-16  2.051311E-16  8.806126E-16  6.210623E-16
    140  5.098506829486E-02  7.325358E-23  3.142802E-20  1.425949E-17  1.201042E-16  4.164970E-16  2.903664E-16  1.269238E-15  9.116765E-16
    141  5.114361869269E-02  9.202189E-23  4.054748E-20  1.902162E-17  1.630597E-16  5.773767E-16  4.099276E-16  1.824713E-15  1.335026E-15
    142  5.130328078870E-02  1.152234E-22  5.215604E-20  2.530535E-17  2.208120E-16  7.985026E-16  5.774453E-16  2.617909E-15  1.951266E-15
    143  5.146205644840E-02  1.433561E-22  6.665499E-20  3.344340E-17  2.970311E-16  1.096894E-15  8.079026E-16  3.730135E-15  2.832175E-15
    144  5.162089365231E-02  1.773967E-22  8.473135E-20  4.396667E-17  3.974763E-16  1.499013E-15  1.124554E-15  5.287875E-15  4.090031E-15
    145  5.177902725711E-02  2.180297E-22  1.069722E-19  5.740038E-17  5.281743E-16  2.034140E-15  1.554241E-15  7.442687E-15  5.864105E-15
    146  5.193558292952E-02  2.657552E-22  1.339105E-19  7.429325E-17  6.956864E-16  2.735541E-15  2.128466E-15  1.037785E-14  8.327683E-15
    147  5.207655208218E-02  3.157332E-22  1.629809E-19  9.319581E-17  8.866155E-16  3.552466E-15  2.809872E-15  1.392524E-14  1.136055E-14
    148  5.220437120847E-02  3.672839E-22  1.937935E-19  1.138978E-16  1.099242E-15  4.480234E-15  3.596951E-15  1.809137E-14  1.498255E-14
    149  5.240275279905E-02  4.597899E-22  2.509927E-19  1.539289E-16  1.519068E-15  6.357733E-15  5.224120E-15  2.688715E-14  2.279405E-14
    150  5.258707116153E-02  5.596290E-22  3.153637E-19  2.012517E-16  2.027814E-15  8.699398E-15  7.304318E-15  3.840493E-14  3.327202E-14
    151  5.276353482958E-02  6.675266E-22  3.878163E-19  2.571050E-16  2.642752E-15  1.160961E-14  9.952031E-15  5.340952E-14  4.724448E-14
    152  5.293536770993E-02  7.831412E-22  4.687339E-19  3.225244E-16  3.380275E-15  1.519721E-14  1.329370E-14  7.278330E-14  6.570267E-14
    153  5.310288915571E-02  9.042120E-22  5.571601E-19  3.975355E-16  4.246212E-15  1.952635E-14  1.742123E-14  9.725828E-14  8.955242E-14
    154  5.325369291828E-02  1.018135E-21  6.440567E-19  4.748496E-16  5.159653E-15  2.421593E-14  2.199422E-14  1.249675E-13  1.171425E-13
    155  5.339308966526E-02  1.125725E-21  7.296402E-19  5.545065E-16  6.121374E-15  2.927695E-14  2.703352E-14  1.561186E-13  1.487830E-13
    156  5.362726198018E-02  1.305741E-21  8.815869E-19  7.049982E-16  7.992805E-15  3.946313E-14  3.746929E-14  2.224161E-13  2.179854E-13
    157  5.383816121000E-02  1.459120E-21  1.022449E-18  8.564195E-16  9.946369E-15  5.053952E-14  4.920569E-14  2.993751E-13  3.008559E-13
    158  5.403768730975E-02  1.589956E-21  1.154118E-18  1.010214E-15  1.200353E-14  6.267738E-14  6.249484E-14  3.892364E-13  4.005887E-13
    159  5.422986619970E-02  1.698083E-21  1.275263E-18  1.164675E-15  1.414693E-14  7.583709E-14  7.737486E-14  4.929146E-13  5.190732E-13
    160  5.440569294967E-02  1.778614E-21  1.378093E-18  1.308590E-15  1.621937E-14  8.907055E-14  9.281549E-14  6.036514E-13  6.492237E-13
    161  5.456994612052E-02  1.836725E-21  1.465269E-18  1.442987E-15  1.822618E-14  1.023766E-13  1.088091E-13  7.215062E-13  7.914180E-13
    162  5.485681963417E-02  1.898011E-21  1.593262E-18  1.672143E-15  2.183043E-14  1.275743E-13  1.403774E-13  9.630542E-13  1.093651E-12
    163  5.511708850657E-02  1.911103E-21  1.680558E-18  1.869042E-15  2.514618E-14  1.523339E-13  1.729790E-13  1.223775E-12  1.433894E-12
    164  5.536560227933E-02  1.891007E-21  1.738206E-18  2.043154E-15  2.829094E-14  1.773931E-13  2.076031E-13  1.512660E-12  1.826361E-12
    165  5.559867087093E-02  1.847719E-21  1.770476E-18  2.192100E-15  3.118577E-14  2.019913E-13  2.432010E-13  1.821861E-12  2.262684E-12
    166  5.582344501454E-02  1.787174E-21  1.782665E-18  2.321364E-15  3.389987E-14  2.265697E-13  2.803902E-13  2.157495E-12  2.753651E-12
    167  5.608267729631E-02  1.699922E-21  1.776067E-18  2.451655E-15  3.690153E-14  2.557498E-13  3.267230E-13  2.593126E-12  3.415776E-12
    168  5.632179590432E-02  1.607212E-21  1.752585E-18  2.553167E-15  3.951918E-14  2.832502E-13  3.726572E-13  3.043650E-12  4.127927E-12
    169  5.658568452696E-02  1.495718E-21  1.709823E-18  2.643591E-15  4.220387E-14  3.139518E-13  4.267212E-13  3.597420E-12  5.039031E-12
    170  5.682194908758E-02  1.390884E-21  1.658647E-18  2.704978E-15  4.439925E-14  3.414988E-13  4.779398E-13  4.145429E-12  5.977298E-12
    171  5.707748662895E-02  1.275305E-21  1.592000E-18  2.750606E-15  4.652697E-14  3.710627E-13  5.360584E-13  4.795072E-12  7.134574E-12
    172  5.730159219632E-02  1.174117E-21  1.525748E-18  2.773241E-15  4.816697E-14  3.965762E-13  5.891342E-13  5.414565E-12  8.281763E-12
    173  5.769211250520E-02  1.002642E-21  1.397585E-18  2.775837E-15  5.049269E-14  4.395513E-13  6.856624E-13  6.607440E-12  1.060596E-11
    174  5.804755660481E-02  8.558013E-22  1.272067E-18  2.740990E-15  5.201164E-14  4.764589E-13  7.771759E-13  7.820371E-12  1.311826E-11
    175  5.837706807704E-02  7.311457E-22  1.153671E-18  2.681424E-15  5.292165E-14  5.083575E-13  8.644089E-13  9.055266E-12  1.582507E-11
    176  5.868213309337E-02  6.267811E-22  1.045366E-18  2.606531E-15  5.335660E-14  5.356459E-13  9.466986E-13  1.029489E-11  1.868920E-11
    177  5.897372529375E-02  5.373130E-22  9.450249E-19  2.520307E-15  5.342936E-14  5.595524E-13  1.026305E-12  1.156759E-11  2.177962E-11
    178  5.927019313219E-02  4.565487E-22  8.476292E-19  2.420864E-15  5.318593E-14  5.815665E-13  1.107811E-12  1.295072E-11  2.530748E-11
    179  5.955970264735E-02  3.870851E-22  7.578138E-19  2.314764E-15  5.266454E-14  6.007469E-13  1.187577E-12  1.438883E-11  2.916033E-11
    180  5.987296131417E-02  3.215773E-22  6.669881E-19  2.192431E-15  5.181223E-14  6.188322E-13  1.273613E-12  1.604235E-11  3.382175E-11
    181  6.018239261751E-02  2.662284E-22  5.846993E-19  2.066817E-15  5.071703E-14  6.340010E-13  1.358004E-12  1.777639E-11  3.897372E-11
    182  6.051941164510E-02  2.154317E-22  5.036418E-19  1.927273E-15  4.927813E-14  6.474869E-13  1.448801E-12  1.977935E-11  4.525963E-11
    183  6.081686890997E-02  1.778469E-22  4.394133E-19  1.803687E-15  4.782838E-14  6.567975E-13  1.527612E-12  2.164631E-11  5.144220E-11
    184  6.107970107709E-02  1.495991E-22  3.881690E-19  1.695382E-15  4.643046E-14  6.630407E-13  1.595950E-12  2.337307E-11  5.743967E-11
    185  6.149099227918E-02  1.133682E-22  3.176594E-19  1.529495E-15  4.406411E-14  6.691453E-13  1.699847E-12  2.621839E-11  6.791451E-11
    186  6.184187848266E-02  8.883846E-23  2.659431E-19  1.392853E-15  4.190936E-14  6.708939E-13  1.784901E-12  2.877970E-11  7.798585E-11
    187  6.212841772032E-02  7.251936E-23  2.291680E-19  1.285807E-15  4.009027E-14  6.701248E-13  1.851686E-12  3.096220E-11  8.705433E-11
    188  6.241083345826E-02  5.918154E-23  1.972915E-19  1.184823E-15  3.826433E-14  6.675348E-13  1.914940E-12  3.319187E-11  9.679008E-11
    189  6.286334795077E-02  4.246676E-23  1.542644E-19  1.033206E-15  3.530964E-14  6.598380E-13  2.010487E-12  3.692248E-11  1.141718E-10
    190  6.324448148531E-02  3.192399E-23  1.246988E-19  9.157418E-16  3.282919E-14  6.502416E-13  2.084955E-12  4.020928E-11  1.306534E-10
    191  6.354755735680E-02  2.532271E-23  1.048328E-19  8.289480E-16  3.087560E-14  6.406618E-13  2.139687E-12  4.290810E-11  1.450476E-10
    192  6.382753282149E-02  2.037894E-23  8.903787E-20  7.540987E-16  2.910070E-14  6.304441E-13  2.186641E-12  4.546582E-11  1.594296E-10
    193  6.429792763326E-02  1.406576E-23  6.729555E-20  6.398190E-16  2.621083E-14  6.106936E-13  2.257590E-12  4.989644E-11  1.861145E-10
    194  6.470641913937E-02  1.013546E-23  5.248492E-20  5.518377E-16  2.381614E-14  5.912727E-13  2.310872E-12  5.386838E-11  2.120458E-10
    195  6.514351188605E-02  7.098434E-24  4.001518E-20  4.686247E-16  2.138981E-14  5.685411E-13  2.359030E-12  5.823159E-11  2.428689E-10
    196  6.551961572666E-02  5.192873E-24  3.150947E-20  4.053005E-16  1.941795E-14  5.475398E-13  2.392566E-12  6.205724E-11  2.720856E-10
    197  6.614173306661E-02  3.065647E-24  2.102332E-20  3.161069E-16  1.641561E-14  5.106992E-13  2.432280E-12  6.850398E-11  3.263548E-10
    198  6.666431851744E-02  1.952345E-24  1.484555E-20  2.545905E-16  1.415277E-14  4.784500E-13  2.450756E-12  7.400132E-11  3.781445E-10
    199  6.714973898932E-02  1.275633E-24  1.067968E-20  2.069705E-16  1.226076E-14  4.479322E-13  2.455889E-12  7.913941E-11  4.317329E-10
    200  6.763365269933E-02  8.269109E-25  7.627213E-21  1.672900E-16  1.056317E-14  4.171952E-13  2.448886E-12  8.423387E-11  4.906436E-10
    201  6.810748363549E-02  5.375664E-25  5.453622E-21  1.350765E-16  9.081879E-15  3.872918E-13  2.431294E-12  8.917646E-11  5.540032E-10
    202  6.886988901479E-02  2.657112E-25  3.143277E-21  9.468989E-17  7.047741E-15  3.403059E-13  2.381895E-12  9.694670E-11  6.684368E-10
    203  6.932442343830E-02  1.730312E-25  2.245131E-21  7.609548E-17  6.020412E-15  3.132270E-13  2.340371E-12  1.014004E-10  7.442343E-10
    204  6.977291475786E-02  1.125696E-25  1.600963E-21  6.101777E-17  5.129076E-15  2.873780E-13  2.291044E-12  1.056149E-10  8.246928E-10
    205  7.051837306122E-02  5.451632E-26  9.031164E-22  4.183548E-17  3.891472E-15  2.468003E-13  2.192929E-12  1.121501E-10  9.711884E-10
    206  7.120724846930E-02  2.750172E-26  5.251777E-22  2.916728E-17  2.981601E-15  2.122323E-13  2.086179E-12  1.175275E-10  1.120558E-09
    207  7.185571854523E-02  1.422557E-26  3.110083E-22  2.053717E-17  2.296163E-15  1.823828E-13  1.973134E-12  1.218535E-10  1.272708E-09
    208  7.250556240022E-02  7.269634E-27  1.820417E-22  1.429983E-17  1.750073E-15  1.552685E-13  1.850390E-12  1.253797E-10  1.435539E-09
    209  7.308358088908E-02  3.959617E-27  1.119515E-22  1.026900E-17  1.362741E-15  1.334950E-13  1.734834E-12  1.277375E-10  1.587767E-09
    210  7.365083251161E-02  2.154748E-27  6.869171E-23  7.351445E-18  1.056876E-15  1.141945E-13  1.616655E-12  1.292337E-10  1.742045E-09
    211  7.420607479025E-02  1.177451E-27  4.222541E-23  5.255414E-18  8.174892E-16  9.727496E-14  1.498208E-12  1.298682E-10  1.895905E-09
    212  7.477269193766E-02  6.299981E-28  2.547729E-23  3.697795E-18  6.236330E-16  8.192682E-14  1.375784E-12  1.296010E-10  2.053168E-09
    213  7.532671922740E-02  3.370957E-28  1.534772E-23  2.595044E-18  4.739654E-16  6.864938E-14  1.255321E-12  1.283568E-10  2.203685E-09
    214  7.590819975934E-02  1.728232E-28  8.912389E-24  1.769443E-18  3.515491E-16  5.644621E-14  1.129297E-12  1.259217E-10  2.353166E-09
    215  7.648106882397E-02  8.844346E-29  5.155961E-24  1.198535E-18  2.588264E-16  4.602393E-14  1.006568E-12  1.223078E-10  2.485699E-09
    216  7.706864365518E-02  4.376729E-29  2.894124E-24  7.916837E-19  1.863382E-16  3.681893E-14  8.828260E-13  1.172345E-10  2.597941E-09
    217  7.765097184480E-02  2.136932E-29  1.601657E-24  5.155155E-19  1.322324E-16  2.902992E-14  7.629742E-13  1.107161E-10  2.674416E-09
    218  7.824188421090E-02  1.012983E-29  8.612577E-25  3.265840E-19  9.144931E-17  2.235265E-14  6.451355E-13  1.024947E-10  2.703244E-09
    219  7.883216312169E-02  4.688831E-30  4.516923E-25  2.016012E-19  6.165270E-17  1.678681E-14  5.322807E-13  9.263596E-11  2.668536E-09
    220  7.934760137230E-02  2.326098E-30  2.498445E-25  1.287394E-19  4.255107E-17  1.274192E-14  4.388814E-13  8.276190E-11  2.576071E-09
    221  7.991019390762E-02  1.052842E-30  1.269303E-25  7.629432E-20  2.745483E-17  9.123926E-15  3.440976E-13  7.086305E-11  2.401056E-09
    222  8.044081450283E-02  1.000000E-30  6.468131E-26  4.480008E-20  1.747540E-17  6.410134E-15  2.634503E-13  5.898513E-11  2.165819E-09
    223  8.103419684334E-02  1.000000E-30  2.895441E-26  2.342623E-20  1.000534E-17  4.101524E-15  1.856856E-13  4.567970E-11  1.835828E-09
    224  8.158988408622E-02  1.000000E-30  1.296648E-26  1.205444E-20  5.608557E-18  2.553542E-15  1.266468E-13  3.405241E-11  1.489982E-09
    225  8.219791245697E-02  1.000000E-30  5.103895E-27  5.451816E-21  2.786329E-18  1.423449E-15  7.803746E-14  2.313918E-11  1.111568E-09
    226  8.273529679330E-02  1.000000E-30  2.137471E-27  2.544719E-21  1.414044E-18  8.004620E-16  4.797748E-14  1.552188E-11  8.101561E-10
    227  8.327310875316E-02  1.000000E-30  8.624184E-28  1.123752E-21  6.792601E-19  4.264257E-16  2.796161E-14  9.877603E-12  5.604413E-10
    228  8.381967664174E-02  1.000000E-30  3.348371E-28  4.655522E-22  3.065368E-19  2.138368E-16  1.536825E-14  5.939577E-12  3.669672E-10
    229  8.442137901789E-02  1.000000E-30  1.163234E-28  1.674023E-22  1.211344E-19  9.494744E-17  7.552296E-15  3.224580E-12  2.188978E-10
    230  8.496109010092E-02  1.000000E-30  4.469425E-29  6.411526E-23  5.049753E-20  4.398097E-17  3.834494E-15  1.791757E-12  1.324285E-10
    231  8.556251684447E-02  1.000000E-30  1.542150E-29  2.118584E-23  1.833978E-20  1.797447E-17  1.736848E-15  8.980498E-13  7.300408E-11
    232  8.609514523980E-02  1.000000E-30  6.043379E-30  7.746549E-24  7.283168E-21  7.923098E-18  8.388120E-16  4.746414E-13  4.199277E-11
    233  8.668730402486E-02  1.000000E-30  2.130207E-30  2.465463E-24  2.540121E-21  3.105917E-18  3.642886E-16  2.280835E-13  2.218354E-11
    234  8.725638446658E-02  1.000000E-30  1.000000E-30  8.049846E-25  9.044582E-22  1.237505E-18  1.602380E-16  1.106485E-13  1.179239E-11
    235  8.784892152766E-02  1.000000E-30  1.000000E-30  2.472601E-25  3.034739E-22  4.666941E-19  6.702013E-17  5.128343E-14  6.014259E-12
    236  8.837914431516E-02  1.000000E-30  1.000000E-30  8.524983E-26  1.129186E-22  1.926340E-19  3.035510E-17  2.547629E-14  3.255964E-12
    237  8.927467123273E-02  1.000000E-30  1.000000E-30  1.416473E-26  2.084448E-23  4.207159E-20  7.765468E-18  7.638988E-15  1.131009E-12
    238  9.009385267910E-02  1.000000E-30  1.000000E-30  2.755826E-27  4.388298E-24  1.027130E-20  2.191728E-18  2.494769E-15  4.226595E-13
    239  9.088007009323E-02  1.000000E-30  1.000000E-30  5.479562E-28  9.625050E-25  2.613992E-21  6.411114E-19  8.392151E-16  1.618496E-13
    240  9.160938796651E-02  1.000000E-30  1.000000E-30  1.203387E-28  2.332037E-25  7.242918E-22  2.021623E-19  3.016756E-16  6.568798E-14
    241  9.231864750676E-02  1.000000E-30  1.000000E-30  2.761010E-29  5.771141E-26  2.036409E-22  6.481372E-20  1.102121E-16  2.704129E-14
    242  9.335415502949E-02  1.000000E-30  1.000000E-30  3.987569E-30  8.232002E-27  3.180098E-23  1.201563E-20  2.470620E-17  7.240835E-15
    243  9.429165011748E-02  1.000000E-30  1.000000E-30  1.000000E-30  1.504901E-27  5.849549E-24  2.575981E-21  6.285049E-18  2.162235E-15
    244  9.514750284226E-02  1.000000E-30  1.000000E-30  1.000000E-30  2.680231E-28  1.196137E-24  6.226651E-22  1.771788E-18  7.053234E-16
    245  9.592869681963E-02  1.000000E-30  1.000000E-30  1.000000E-30  6.071242E-29  2.894578E-25  1.703679E-22  5.507927E-19  2.504573E-16
    246  9.638259128200E-02  1.000000E-30  1.000000E-30  1.000000E-30  2.696026E-29  1.277391E-25  8.022119E-23  2.774087E-19  1.362392E-16
    247  9.686466198075E-02  1.000000E-30  1.000000E-30  1.000000E-30  1.184581E-29  5.401201E-26  3.597952E-23  1.328632E-19  7.091299E-17
    248  9.745016881397E-02  1.000000E-30  1.000000E-30  1.000000E-30  4.495634E-30  1.933032E-26  1.367570E-23  5.391546E-20  3.183509E-17
    249  9.798964068785E-02  1.000000E-30  1.000000E-30  1.000000E-30  1.882621E-30  7.677721E-27  5.672480E-24  2.330725E-20  1.509526E-17
    250  9.892639389759E-02  1.000000E-30  1.000000E-30  1.000000E-30  1.000000E-30  1.627337E-27  1.266018E-24  5.296642E-21  4.031184E-18
    251  9.977784733458E-02  1.000000E-30  1.000000E-30  1.000000E-30  1.000000E-30  4.176540E-28  3.405083E-25  1.357910E-21  1.190690E-18
    252  1.005622893962E-01  1.000000E-30  1.000000E-30  1.000000E-30  1.000000E-30  1.195452E-28  1.046245E-25  3.813136E-22  3.789162E-19
    253  1.013070552067E-01  1.000000E-30  1.000000E-30  1.000000E-30  1.000000E-30  3.664250E-29  3.484499E-26  1.130707E-22  1.257899E-19
    254  1.019791947326E-01  1.000000E-30  1.000000E-30  1.000000E-30  1.000000E-30  1.248049E-29  1.298566E-26  3.751859E-23  4.591777E-20
    255  1.025982572428E-01  1.000000E-30  1.000000E-30  1.000000E-30  1.000000E-30  4.538118E-30  5.197957E-27  1.350556E-23  1.795684E-20
    256  1.032644197032E-01  1.000000E-30  1.000000E-30  1.000000E-30  1.000000E-30  1.496129E-30  1.921717E-27  4.494441E-24  6.491085E-21
    257  1.039121745974E-01  1.000000E-30  1.000000E-30  1.000000E-30  1.000000E-30  1.000000E-30  7.188472E-28  1.542590E-24  2.398963E-21
    258  1.045193471709E-01  1.000000E-30  1.000000E-30  1.000000E-30  1.000000E-30  1.000000E-30  2.813143E-28  5.674366E-25  9.412107E-22
    259  1.051181778144E-01  1.000000E-30  1.000000E-30  1.000000E-30  1.000000E-30  1.000000E-30  1.098153E-28  2.123875E-25  3.742908E-22
    260  1.056826419982E-01  1.000000E-30  1.000000E-30  1.000000E-30  1.000000E-30  1.000000E-30  4.457689E-29  8.441588E-26  1.572794E-22
    261  1.062431336111E-01  1.000000E-30  1.000000E-30  1.000000E-30  1.000000E-30  1.000000E-30  1.791416E-29  3.380025E-26  6.662832E-23
    262  1.068146627648E-01  1.000000E-30  1.000000E-30  1.000000E-30  1.000000E-30  1.000000E-30  6.975072E-30  1.333568E-26  2.791277E-23
    263  1.073656177930E-01  1.000000E-30  1.000000E-30  1.000000E-30  1.000000E-30  1.000000E-30  2.775737E-30  5.456402E-27  1.214651E-23
    264  1.079139362418E-01  1.000000E-30  1.000000E-30  1.000000E-30  1.000000E-30  1.000000E-30  1.092236E-30  2.237477E-27  5.324927E-24
    265  1.084202130578E-01  1.000000E-30  1.000000E-30  1.000000E-30  1.000000E-30  1.000000E-30  1.000000E-30  9.819726E-28  2.498612E-24
    266  1.089957947327E-01  1.000000E-30  1.000000E-30  1.000000E-30  1.000000E-30  1.000000E-30  1.000000E-30  3.844376E-28  1.062089E-24
    267  1.095139929398E-01  1.000000E-30  1.000000E-30  1.000000E-30  1.000000E-30  1.000000E-30  1.000000E-30  1.647931E-28  4.929698E-25
    268  1.100036617482E-01  1.000000E-30  1.000000E-30  1.000000E-30  1.000000E-30  1.000000E-30  1.000000E-30  7.357917E-29  2.384813E-25
    269  1.105581599754E-01  1.000000E-30  1.000000E-30  1.000000E-30  1.000000E-30  1.000000E-30  1.000000E-30  2.937211E-29  1.047621E-25
    270  1.111738162549E-01  1.000000E-30  1.000000E-30  1.000000E-30  1.000000E-30  1.000000E-30  1.000000E-30  1.052128E-29  4.194826E-26
    271  1.117276452796E-01  1.000000E-30  1.000000E-30  1.000000E-30  1.000000E-30  1.000000E-30  1.000000E-30  4.133358E-30  1.829679E-26
    272  1.122547306619E-01  1.000000E-30  1.000000E-30  1.000000E-30  1.000000E-30  1.000000E-30  1.000000E-30  1.684198E-30  8.260979E-27
    273  1.128196390807E-01  1.000000E-30  1.000000E-30  1.000000E-30  1.000000E-30  1.000000E-30  1.000000E-30  1.000000E-30  3.500687E-27
    274  1.134172103791E-01  1.000000E-30  1.000000E-30  1.000000E-30  1.000000E-30  1.000000E-30  1.000000E-30  1.000000E-30  1.397955E-27
    275  1.139661173569E-01  1.000000E-30  1.000000E-30  1.000000E-30  1.000000E-30  1.000000E-30  1.000000E-30  1.000000E-30  5.951497E-28
    276  1.145721141816E-01  1.000000E-30  1.000000E-30  1.000000E-30  1.000000E-30  1.000000E-30  1.000000E-30  1.000000E-30  2.293817E-28
    277  1.151138636995E-01  1.000000E-30  1.000000E-30  1.000000E-30  1.000000E-30  1.000000E-30  1.000000E-30  1.000000E-30  9.691455E-29
    278  1.160623872824E-01  1.000000E-30  1.000000E-30  1.000000E-30  1.000000E-30  1.000000E-30  1.000000E-30  1.000000E-30  2.077674E-29
    279  1.166131253687E-01  1.000000E-30  1.000000E-30  1.000000E-30  1.000000E-30  1.000000E-30  1.000000E-30  1.000000E-30  8.371514E-30
    280  1.171578902390E-01  1.000000E-30  1.000000E-30  1.000000E-30  1.000000E-30  1.000000E-30  1.000000E-30  1.000000E-30  3.365965E-30
    281  1.179966344325E-01  1.000000E-30  1.000000E-30  1.000000E-30  1.000000E-30  1.000000E-30  1.000000E-30  1.000000E-30  1.000000E-30
    282  1.184626561866E-01  1.000000E-30  1.000000E-30  1.000000E-30  1.000000E-30  1.000000E-30  1.000000E-30  1.000000E-30  1.000000E-30
    283  1.189221956404E-01  1.000000E-30  1.000000E-30  1.000000E-30  1.000000E-30  1.000000E-30  1.000000E-30  1.000000E-30  1.000000E-30
    284  1.197605220964E-01  1.000000E-30  1.000000E-30  1.000000E-30  1.000000E-30  1.000000E-30  1.000000E-30  1.000000E-30  1.000000E-30
    285  1.205341475296E-01  1.000000E-30  1.000000E-30  1.000000E-30  1.000000E-30  1.000000E-30  1.000000E-30  1.000000E-30  1.000000E-30
    286  1.212540834288E-01  1.000000E-30  1.000000E-30  1.000000E-30  1.000000E-30  1.000000E-30  1.000000E-30  1.000000E-30  1.000000E-30
    287  1.219299358624E-01  1.000000E-30  1.000000E-30  1.000000E-30  1.000000E-30  1.000000E-30  1.000000E-30  1.000000E-30  1.000000E-30
    288  1.225766858039E-01  1.000000E-30  1.000000E-30  1.000000E-30  1.000000E-30  1.000000E-30  1.000000E-30  1.000000E-30  1.000000E-30
    289  1.231854533608E-01  1.000000E-30  1.000000E-30  1.000000E-30  1.000000E-30  1.000000E-30  1.000000E-30  1.000000E-30  1.000000E-30
    290  1.237219182154E-01  1.000000E-30  1.000000E-30  1.000000E-30  1.000000E-30  1.000000E-30  1.000000E-30  1.000000E-30  1.000000E-30
    291  1.242404039059E-01  1.000000E-30  1.000000E-30  1.000000E-30  1.000000E-30  1.000000E-30  1.000000E-30  1.000000E-30  1.000000E-30
    292  1.248086455930E-01  1.000000E-30  1.000000E-30  1.000000E-30  1.000000E-30  1.000000E-30  1.000000E-30  1.000000E-30  1.000000E-30
    293  1.253177247642E-01  1.000000E-30  1.000000E-30  1.000000E-30  1.000000E-30  1.000000E-30  1.000000E-30  1.000000E-30  1.000000E-30
    294  1.258810647447E-01  1.000000E-30  1.000000E-30  1.000000E-30  1.000000E-30  1.000000E-30  1.000000E-30  1.000000E-30  1.000000E-30
    295  1.264205598797E-01  1.000000E-30  1.000000E-30  1.000000E-30  1.000000E-30  1.000000E-30  1.000000E-30  1.000000E-30  1.000000E-30
    296  1.270317883483E-01  1.000000E-30  1.000000E-30  1.000000E-30  1.000000E-30  1.000000E-30  1.000000E-30  1.000000E-30  1.000000E-30
    297  1.275757308169E-01  1.000000E-30  1.000000E-30  1.000000E-30  1.000000E-30  1.000000E-30  1.000000E-30  1.000000E-30  1.000000E-30
    298  1.286048671531E-01  1.000000E-30  1.000000E-30  1.000000E-30  1.000000E-30  1.000000E-30  1.000000E-30  1.000000E-30  1.000000E-30
    299  1.290949488661E-01  1.000000E-30  1.000000E-30  1.000000E-30  1.000000E-30  1.000000E-30  1.000000E-30  1.000000E-30  1.000000E-30
    300  1.295345101683E-01  1.000000E-30  1.000000E-30  1.000000E-30  1.000000E-30  1.000000E-30  1.000000E-30  1.000000E-30  1.000000E-30
    301  1.303954523490E-01  1.000000E-30  1.000000E-30  1.000000E-30  1.000000E-30  1.000000E-30  1.000000E-30  1.000000E-30  1.000000E-30
    302  1.308549873199E-01  1.000000E-30  1.000000E-30  1.000000E-30  1.000000E-30  1.000000E-30  1.000000E-30  1.000000E-30  1.000000E-30
    303  1.312776310019E-01  1.000000E-30  1.000000E-30  1.000000E-30  1.000000E-30  1.000000E-30  1.000000E-30  1.000000E-30  1.000000E-30
    304  1.320787884157E-01  1.000000E-30  1.000000E-30  1.000000E-30  1.000000E-30  1.000000E-30  1.000000E-30  1.000000E-30  1.000000E-30
    305  1.327308179063E-01  1.000000E-30  1.000000E-30  1.000000E-30  1.000000E-30  1.000000E-30  1.000000E-30  1.000000E-30  1.000000E-30
    306  1.333821207310E-01  1.000000E-30  1.000000E-30  1.000000E-30  1.000000E-30  1.000000E-30  1.000000E-30  1.000000E-30  1.000000E-30
    307  1.339749669338E-01  1.000000E-30  1.000000E-30  1.000000E-30  1.000000E-30  1.000000E-30  1.000000E-30  1.000000E-30  1.000000E-30
    308  1.345530840576E-01  1.000000E-30  1.000000E-30  1.000000E-30  1.000000E-30  1.000000E-30  1.000000E-30  1.000000E-30  1.000000E-30
    309  1.351098094661E-01  1.000000E-30  1.000000E-30  1.000000E-30  1.000000E-30  1.000000E-30  1.000000E-30  1.000000E-30  1.000000E-30
    310  1.359304916944E-01  1.000000E-30  1.000000E-30  1.000000E-30  1.000000E-30  1.000000E-30  1.000000E-30  1.000000E-30  1.000000E-30
    311  1.363572082699E-01  1.000000E-30  1.000000E-30  1.000000E-30  1.000000E-30  1.000000E-30  1.000000E-30  1.000000E-30  1.000000E-30
    312  1.367788244083E-01  1.000000E-30  1.000000E-30  1.000000E-30  1.000000E-30  1.000000E-30  1.000000E-30  1.000000E-30  1.000000E-30
    313  1.375777712339E-01  1.000000E-30  1.000000E-30  1.000000E-30  1.000000E-30  1.000000E-30  1.000000E-30  1.000000E-30  1.000000E-30
    314  1.380438267916E-01  1.000000E-30  1.000000E-30  1.000000E-30  1.000000E-30  1.000000E-30  1.000000E-30  1.000000E-30  1.000000E-30
    315  1.384690951451E-01  1.000000E-30  1.000000E-30  1.000000E-30  1.000000E-30  1.000000E-30  1.000000E-30  1.000000E-30  1.000000E-30
    316  1.391087445178E-01  1.000000E-30  1.000000E-30  1.000000E-30  1.000000E-30  1.000000E-30  1.000000E-30  1.000000E-30  1.000000E-30
    317  1.397002518981E-01  1.000000E-30  1.000000E-30  1.000000E-30  1.000000E-30  1.000000E-30  1.000000E-30  1.000000E-30  1.000000E-30
    318  1.402705851668E-01  1.000000E-30  1.000000E-30  1.000000E-30  1.000000E-30  1.000000E-30  1.000000E-30  1.000000E-30  1.000000E-30
    319  1.408634912375E-01  1.000000E-30  1.000000E-30  1.000000E-30  1.000000E-30  1.000000E-30  1.000000E-30  1.000000E-30  1.000000E-30
    320  1.414089642241E-01  1.000000E-30  1.000000E-30  1.000000E-30  1.000000E-30  1.000000E-30  1.000000E-30  1.000000E-30  1.000000E-30
    321  1.419220762512E-01  1.000000E-30  1.000000E-30  1.000000E-30  1.000000E-30  1.000000E-30  1.000000E-30  1.000000E-30  1.000000E-30
    322  1.422771704232E-01  1.000000E-30  1.000000E-30  1.000000E-30  1.000000E-30  1.000000E-30  1.000000E-30  1.000000E-30  1.000000E-30
    323  1.426029315631E-01  1.000000E-30  1.000000E-30  1.000000E-30  1.000000E-30  1.000000E-30  1.000000E-30  1.000000E-30  1.000000E-30
    324  1.430135230101E-01  1.000000E-30  1.000000E-30  1.000000E-30  1.000000E-30  1.000000E-30  1.000000E-30  1.000000E-30  1.000000E-30
    325  1.434683796643E-01  1.000000E-30  1.000000E-30  1.000000E-30  1.000000E-30  1.000000E-30  1.000000E-30  1.000000E-30  1.000000E-30
    326  1.440315208021E-01  1.000000E-30  1.000000E-30  1.000000E-30  1.000000E-30  1.000000E-30  1.000000E-30  1.000000E-30  1.000000E-30
    327  1.445490332405E-01  1.000000E-30  1.000000E-30  1.000000E-30  1.000000E-30  1.000000E-30  1.000000E-30  1.000000E-30  1.000000E-30
    328  1.451370980342E-01  1.000000E-30  1.000000E-30  1.000000E-30  1.000000E-30  1.000000E-30  1.000000E-30  1.000000E-30  1.000000E-30
    329  1.457052374241E-01  1.000000E-30  1.000000E-30  1.000000E-30  1.000000E-30  1.000000E-30  1.000000E-30  1.000000E-30  1.000000E-30
    330  1.463107957421E-01  1.000000E-30  1.000000E-30  1.000000E-30  1.000000E-30  1.000000E-30  1.000000E-30  1.000000E-30  1.000000E-30
    331  1.468752132891E-01  1.000000E-30  1.000000E-30  1.000000E-30  1.000000E-30  1.000000E-30  1.000000E-30  1.000000E-30  1.000000E-30
    332  1.475510939381E-01  1.000000E-30  1.000000E-30  1.000000E-30  1.000000E-30  1.000000E-30  1.000000E-30  1.000000E-30  1.000000E-30
    333  1.481899111058E-01  1.000000E-30  1.000000E-30  1.000000E-30  1.000000E-30  1.000000E-30  1.000000E-30  1.000000E-30  1.000000E-30
    334  1.491767377555E-01  1.000000E-30  1.000000E-30  1.000000E-30  1.000000E-30  1.000000E-30  1.000000E-30  1.000000E-30  1.000000E-30
    335  1.497116139607E-01  1.000000E-30  1.000000E-30  1.000000E-30  1.000000E-30  1.000000E-30  1.000000E-30  1.000000E-30  1.000000E-30
    336  1.502421520731E-01  1.000000E-30  1.000000E-30  1.000000E-30  1.000000E-30  1.000000E-30  1.000000E-30  1.000000E-30  1.000000E-30
    337  1.509052103900E-01  1.000000E-30  1.000000E-30  1.000000E-30  1.000000E-30  1.000000E-30  1.000000E-30  1.000000E-30  1.000000E-30
    338  1.515352476696E-01  1.000000E-30  1.000000E-30  1.000000E-30  1.000000E-30  1.000000E-30  1.000000E-30  1.000000E-30  1.000000E-30
    339  1.521327102765E-01  1.000000E-30  1.000000E-30  1.000000E-30  1.000000E-30  1.000000E-30  1.000000E-30  1.000000E-30  1.000000E-30
    340  1.526678407657E-01  1.000000E-30  1.000000E-30  1.000000E-30  1.000000E-30  1.000000E-30  1.000000E-30  1.000000E-30  1.000000E-30
    341  1.532481602429E-01  1.000000E-30  1.000000E-30  1.000000E-30  1.000000E-30  1.000000E-30  1.000000E-30  1.000000E-30  1.000000E-30
    342  1.535863948111E-01  1.000000E-30  1.000000E-30  1.000000E-30  1.000000E-30  1.000000E-30  1.000000E-30  1.000000E-30  1.000000E-30
    343  1.538995751697E-01  1.000000E-30  1.000000E-30  1.000000E-30  1.000000E-30  1.000000E-30  1.000000E-30  1.000000E-30  1.000000E-30
    344  1.546020187628E-01  1.000000E-30  1.000000E-30  1.000000E-30  1.000000E-30  1.000000E-30  1.000000E-30  1.000000E-30  1.000000E-30
    345  1.552062305672E-01  1.000000E-30  1.000000E-30  1.000000E-30  1.000000E-30  1.000000E-30  1.000000E-30  1.000000E-30  1.000000E-30
    346  1.557875935888E-01  1.000000E-30  1.000000E-30  1.000000E-30  1.000000E-30  1.000000E-30  1.000000E-30  1.000000E-30  1.000000E-30
    347  1.566447447202E-01  1.000000E-30  1.000000E-30  1.000000E-30  1.000000E-30  1.000000E-30  1.000000E-30  1.000000E-30  1.000000E-30
    348  1.574294426159E-01  1.000000E-30  1.000000E-30  1.000000E-30  1.000000E-30  1.000000E-30  1.000000E-30  1.000000E-30  1.000000E-30
    349  1.581710514975E-01  1.000000E-30  1.000000E-30  1.000000E-30  1.000000E-30  1.000000E-30  1.000000E-30  1.000000E-30  1.000000E-30
    350  1.588328903187E-01  1.000000E-30  1.000000E-30  1.000000E-30  1.000000E-30  1.000000E-30  1.000000E-30  1.000000E-30  1.000000E-30
    351  1.594606073659E-01  1.000000E-30  1.000000E-30  1.000000E-30  1.000000E-30  1.000000E-30  1.000000E-30  1.000000E-30  1.000000E-30
    352  1.600565792087E-01  1.000000E-30  1.000000E-30  1.000000E-30  1.000000E-30  1.000000E-30  1.000000E-30  1.000000E-30  1.000000E-30
    353  1.607059625219E-01  1.000000E-30  1.000000E-30  1.000000E-30  1.000000E-30  1.000000E-30  1.000000E-30  1.000000E-30  1.000000E-30
    354  1.613957576202E-01  1.000000E-30  1.000000E-30  1.000000E-30  1.000000E-30  1.000000E-30  1.000000E-30  1.000000E-30  1.000000E-30
    355  1.620398820205E-01  1.000000E-30  1.000000E-30  1.000000E-30  1.000000E-30  1.000000E-30  1.000000E-30  1.000000E-30  1.000000E-30
    356  1.627691861850E-01  1.000000E-30  1.000000E-30  1.000000E-30  1.000000E-30  1.000000E-30  1.000000E-30  1.000000E-30  1.000000E-30
    357  1.634667099868E-01  1.000000E-30  1.000000E-30  1.000000E-30  1.000000E-30  1.000000E-30  1.000000E-30  1.000000E-30  1.000000E-30
    358  1.645369737572E-01  1.000000E-30  1.000000E-30  1.000000E-30  1.000000E-30  1.000000E-30  1.000000E-30  1.000000E-30  1.000000E-30
    359  1.651200899964E-01  1.000000E-30  1.000000E-30  1.000000E-30  1.000000E-30  1.000000E-30  1.000000E-30  1.000000E-30  1.000000E-30
    360  1.656939516385E-01  1.000000E-30  1.000000E-30  1.000000E-30  1.000000E-30  1.000000E-30  1.000000E-30  1.000000E-30  1.000000E-30
    361  1.664404283242E-01  1.000000E-30  1.000000E-30  1.000000E-30  1.000000E-30  1.000000E-30  1.000000E-30  1.000000E-30  1.000000E-30
    362  1.671401020014E-01  1.000000E-30  1.000000E-30  1.000000E-30  1.000000E-30  1.000000E-30  1.000000E-30  1.000000E-30  1.000000E-30
    363  1.682228463170E-01  1.000000E-30  1.000000E-30  1.000000E-30  1.000000E-30  1.000000E-30  1.000000E-30  1.000000E-30  1.000000E-30
    364  1.688914277275E-01  1.000000E-30  1.000000E-30  1.000000E-30  1.000000E-30  1.000000E-30  1.000000E-30  1.000000E-30  1.000000E-30
    365  1.695862681704E-01  1.000000E-30  1.000000E-30  1.000000E-30  1.000000E-30  1.000000E-30  1.000000E-30  1.000000E-30  1.000000E-30
    366  1.708796298676E-01  1.000000E-30  1.000000E-30  1.000000E-30  1.000000E-30  1.000000E-30  1.000000E-30  1.000000E-30  1.000000E-30
    367  1.720689125062E-01  1.000000E-30  1.000000E-30  1.000000E-30  1.000000E-30  1.000000E-30  1.000000E-30  1.000000E-30  1.000000E-30
    368  1.730357271347E-01  1.000000E-30  1.000000E-30  1.000000E-30  1.000000E-30  1.000000E-30  1.000000E-30  1.000000E-30  1.000000E-30
    369  1.739185931198E-01  1.000000E-30  1.000000E-30  1.000000E-30  1.000000E-30  1.000000E-30  1.000000E-30  1.000000E-30  1.000000E-30
    370  1.748109107026E-01  1.000000E-30  1.000000E-30  1.000000E-30  1.000000E-30  1.000000E-30  1.000000E-30  1.000000E-30  1.000000E-30
    371  1.757092013639E-01  1.000000E-30  1.000000E-30  1.000000E-30  1.000000E-30  1.000000E-30  1.000000E-30  1.000000E-30  1.000000E-30
    372  1.765567714958E-01  1.000000E-30  1.000000E-30  1.000000E-30  1.000000E-30  1.000000E-30  1.000000E-30  1.000000E-30  1.000000E-30
    373  1.775373762473E-01  1.000000E-30  1.000000E-30  1.000000E-30  1.000000E-30  1.000000E-30  1.000000E-30  1.000000E-30  1.000000E-30
    374  1.784803688374E-01  1.000000E-30  1.000000E-30  1.000000E-30  1.000000E-30  1.000000E-30  1.000000E-30  1.000000E-30  1.000000E-30
    375  1.795112536071E-01  1.000000E-30  1.000000E-30  1.000000E-30  1.000000E-30  1.000000E-30  1.000000E-30  1.000000E-30  1.000000E-30
    376  1.804824008025E-01  1.000000E-30  1.000000E-30  1.000000E-30  1.000000E-30  1.000000E-30  1.000000E-30  1.000000E-30  1.000000E-30
    377  1.815169070317E-01  1.000000E-30  1.000000E-30  1.000000E-30  1.000000E-30  1.000000E-30  1.000000E-30  1.000000E-30  1.000000E-30
    378  1.825428215499E-01  1.000000E-30  1.000000E-30  1.000000E-30  1.000000E-30  1.000000E-30  1.000000E-30  1.000000E-30  1.000000E-30
    379  1.841355644659E-01  1.000000E-30  1.000000E-30  1.000000E-30  1.000000E-30  1.000000E-30  1.000000E-30  1.000000E-30  1.000000E-30
    380  1.856860183354E-01  1.000000E-30  1.000000E-30  1.000000E-30  1.000000E-30  1.000000E-30  1.000000E-30  1.000000E-30  1.000000E-30
    381  1.870847965371E-01  1.000000E-30  1.000000E-30  1.000000E-30  1.000000E-30  1.000000E-30  1.000000E-30  1.000000E-30  1.000000E-30
    382  1.883699545972E-01  1.000000E-30  1.000000E-30  1.000000E-30  1.000000E-30  1.000000E-30  1.000000E-30  1.000000E-30  1.000000E-30
    383  1.895671856375E-01  1.000000E-30  1.000000E-30  1.000000E-30  1.000000E-30  1.000000E-30  1.000000E-30  1.000000E-30  1.000000E-30
    384  1.907324824205E-01  1.000000E-30  1.000000E-30  1.000000E-30  1.000000E-30  1.000000E-30  1.000000E-30  1.000000E-30  1.000000E-30
    385  1.917913284253E-01  1.000000E-30  1.000000E-30  1.000000E-30  1.000000E-30  1.000000E-30  1.000000E-30  1.000000E-30  1.000000E-30
    386  1.928179034582E-01  1.000000E-30  1.000000E-30  1.000000E-30  1.000000E-30  1.000000E-30  1.000000E-30  1.000000E-30  1.000000E-30
    387  1.939781308337E-01  1.000000E-30  1.000000E-30  1.000000E-30  1.000000E-30  1.000000E-30  1.000000E-30  1.000000E-30  1.000000E-30
    388  1.950365569225E-01  1.000000E-30  1.000000E-30  1.000000E-30  1.000000E-30  1.000000E-30  1.000000E-30  1.000000E-30  1.000000E-30
    389  1.963061656501E-01  1.000000E-30  1.000000E-30  1.000000E-30  1.000000E-30  1.000000E-30  1.000000E-30  1.000000E-30  1.000000E-30
    390  1.975160386553E-01  1.000000E-30  1.000000E-30  1.000000E-30  1.000000E-30  1.000000E-30  1.000000E-30  1.000000E-30  1.000000E-30
    391  1.988970783448E-01  1.000000E-30  1.000000E-30  1.000000E-30  1.000000E-30  1.000000E-30  1.000000E-30  1.000000E-30  1.000000E-30
    392  2.001908516564E-01  1.000000E-30  1.000000E-30  1.000000E-30  1.000000E-30  1.000000E-30  1.000000E-30  1.000000E-30  1.000000E-30
    393  2.023233395230E-01  1.000000E-30  1.000000E-30  1.000000E-30  1.000000E-30  1.000000E-30  1.000000E-30  1.000000E-30  1.000000E-30
    394  2.035207364909E-01  1.000000E-30  1.000000E-30  1.000000E-30  1.000000E-30  1.000000E-30  1.000000E-30  1.000000E-30  1.000000E-30
    395  2.047171141817E-01  1.000000E-30  1.000000E-30  1.000000E-30  1.000000E-30  1.000000E-30  1.000000E-30  1.000000E-30  1.000000E-30
    396  2.061861175315E-01  1.000000E-30  1.000000E-30  1.000000E-30  1.000000E-30  1.000000E-30  1.000000E-30  1.000000E-30  1.000000E-30
    397  2.075162532616E-01  1.000000E-30  1.000000E-30  1.000000E-30  1.000000E-30  1.000000E-30  1.000000E-30  1.000000E-30  1.000000E-30
    398  2.088103947538E-01  1.000000E-30  1.000000E-30  1.000000E-30  1.000000E-30  1.000000E-30  1.000000E-30  1.000000E-30  1.000000E-30
    399  2.102374295066E-01  1.000000E-30  1.000000E-30  1.000000E-30  1.000000E-30  1.000000E-30  1.000000E-30  1.000000E-30  1.000000E-30
    400  2.116254943500E-01  1.000000E-30  1.000000E-30  1.000000E-30  1.000000E-30  1.000000E-30  1.000000E-30  1.000000E-30  1.000000E-30
    401  2.137594200207E-01  1.000000E-30  1.000000E-30  1.000000E-30  1.000000E-30  1.000000E-30  1.000000E-30  1.000000E-30  1.000000E-30
    402  2.149968302441E-01  1.000000E-30  1.000000E-30  1.000000E-30  1.000000E-30  1.000000E-30  1.000000E-30  1.000000E-30  1.000000E-30
    403  2.163578604848E-01  1.000000E-30  1.000000E-30  1.000000E-30  1.000000E-30  1.000000E-30  1.000000E-30  1.000000E-30  1.000000E-30
    404  2.188327022992E-01  1.000000E-30  1.000000E-30  1.000000E-30  1.000000E-30  1.000000E-30  1.000000E-30  1.000000E-30  1.000000E-30
    405  2.210861741802E-01  1.000000E-30  1.000000E-30  1.000000E-30  1.000000E-30  1.000000E-30  1.000000E-30  1.000000E-30  1.000000E-30
    406  2.231360986547E-01  1.000000E-30  1.000000E-30  1.000000E-30  1.000000E-30  1.000000E-30  1.000000E-30  1.000000E-30  1.000000E-30
    407  2.249661932162E-01  1.000000E-30  1.000000E-30  1.000000E-30  1.000000E-30  1.000000E-30  1.000000E-30  1.000000E-30  1.000000E-30
    408  2.266023391923E-01  1.000000E-30  1.000000E-30  1.000000E-30  1.000000E-30  1.000000E-30  1.000000E-30  1.000000E-30  1.000000E-30
    409  2.291569547831E-01  1.000000E-30  1.000000E-30  1.000000E-30  1.000000E-30  1.000000E-30  1.000000E-30  1.000000E-30  1.000000E-30
    410  2.305971902523E-01  1.000000E-30  1.000000E-30  1.000000E-30  1.000000E-30  1.000000E-30  1.000000E-30  1.000000E-30  1.000000E-30
    411  2.319348711247E-01  1.000000E-30  1.000000E-30  1.000000E-30  1.000000E-30  1.000000E-30  1.000000E-30  1.000000E-30  1.000000E-30
    412  2.335360820165E-01  1.000000E-30  1.000000E-30  1.000000E-30  1.000000E-30  1.000000E-30  1.000000E-30  1.000000E-30  1.000000E-30
    413  2.351317971316E-01  1.000000E-30  1.000000E-30  1.000000E-30  1.000000E-30  1.000000E-30  1.000000E-30  1.000000E-30  1.000000E-30
    414  2.376293164755E-01  1.000000E-30  1.000000E-30  1.000000E-30  1.000000E-30  1.000000E-30  1.000000E-30  1.000000E-30  1.000000E-30
    415  2.399259738388E-01  1.000000E-30  1.000000E-30  1.000000E-30  1.000000E-30  1.000000E-30  1.000000E-30  1.000000E-30  1.000000E-30
    416  2.420046682363E-01  1.000000E-30  1.000000E-30  1.000000E-30  1.000000E-30  1.000000E-30  1.000000E-30  1.000000E-30  1.000000E-30
    417  2.451201276448E-01  1.000000E-30  1.000000E-30  1.000000E-30  1.000000E-30  1.000000E-30  1.000000E-30  1.000000E-30  1.000000E-30
    418  2.467564269033E-01  1.000000E-30  1.000000E-30  1.000000E-30  1.000000E-30  1.000000E-30  1.000000E-30  1.000000E-30  1.000000E-30
    419  2.483354027874E-01  1.000000E-30  1.000000E-30  1.000000E-30  1.000000E-30  1.000000E-30  1.000000E-30  1.000000E-30  1.000000E-30
    420  2.499258654919E-01  1.000000E-30  1.000000E-30  1.000000E-30  1.000000E-30  1.000000E-30  1.000000E-30  1.000000E-30  1.000000E-30
    421  2.515152656983E-01  1.000000E-30  1.000000E-30  1.000000E-30  1.000000E-30  1.000000E-30  1.000000E-30  1.000000E-30  1.000000E-30
    422  2.542060864984E-01  1.000000E-30  1.000000E-30  1.000000E-30  1.000000E-30  1.000000E-30  1.000000E-30  1.000000E-30  1.000000E-30
    423  2.556901221114E-01  1.000000E-30  1.000000E-30  1.000000E-30  1.000000E-30  1.000000E-30  1.000000E-30  1.000000E-30  1.000000E-30
    424  2.570805114381E-01  1.000000E-30  1.000000E-30  1.000000E-30  1.000000E-30  1.000000E-30  1.000000E-30  1.000000E-30  1.000000E-30
    425  2.598984391343E-01  1.000000E-30  1.000000E-30  1.000000E-30  1.000000E-30  1.000000E-30  1.000000E-30  1.000000E-30  1.000000E-30
    426  2.622653138568E-01  1.000000E-30  1.000000E-30  1.000000E-30  1.000000E-30  1.000000E-30  1.000000E-30  1.000000E-30  1.000000E-30
    427  2.644885215151E-01  1.000000E-30  1.000000E-30  1.000000E-30  1.000000E-30  1.000000E-30  1.000000E-30  1.000000E-30  1.000000E-30
    428  2.667229470066E-01  1.000000E-30  1.000000E-30  1.000000E-30  1.000000E-30  1.000000E-30  1.000000E-30  1.000000E-30  1.000000E-30
    429  2.687894382327E-01  1.000000E-30  1.000000E-30  1.000000E-30  1.000000E-30  1.000000E-30  1.000000E-30  1.000000E-30  1.000000E-30
    430  2.709436570286E-01  1.000000E-30  1.000000E-30  1.000000E-30  1.000000E-30  1.000000E-30  1.000000E-30  1.000000E-30  1.000000E-30
    431  2.728595154549E-01  1.000000E-30  1.000000E-30  1.000000E-30  1.000000E-30  1.000000E-30  1.000000E-30  1.000000E-30  1.000000E-30
    432  2.763050324764E-01  1.000000E-30  1.000000E-30  1.000000E-30  1.000000E-30  1.000000E-30  1.000000E-30  1.000000E-30  1.000000E-30
    433  2.797281875476E-01  1.000000E-30  1.000000E-30  1.000000E-30  1.000000E-30  1.000000E-30  1.000000E-30  1.000000E-30  1.000000E-30
    434  2.831107064370E-01  1.000000E-30  1.000000E-30  1.000000E-30  1.000000E-30  1.000000E-30  1.000000E-30  1.000000E-30  1.000000E-30
    435  2.863632962154E-01  1.000000E-30  1.000000E-30  1.000000E-30  1.000000E-30  1.000000E-30  1.000000E-30  1.000000E-30  1.000000E-30
    436  2.894106333807E-01  1.000000E-30  1.000000E-30  1.000000E-30  1.000000E-30  1.000000E-30  1.000000E-30  1.000000E-30  1.000000E-30
    437  2.941185503109E-01  1.000000E-30  1.000000E-30  1.000000E-30  1.000000E-30  1.000000E-30  1.000000E-30  1.000000E-30  1.000000E-30
    438  2.983685787405E-01  1.000000E-30  1.000000E-30  1.000000E-30  1.000000E-30  1.000000E-30  1.000000E-30  1.000000E-30  1.000000E-30
    439  3.021949729112E-01  1.000000E-30  1.000000E-30  1.000000E-30  1.000000E-30  1.000000E-30  1.000000E-30  1.000000E-30  1.000000E-30
    440  3.059150641439E-01  1.000000E-30  1.000000E-30  1.000000E-30  1.000000E-30  1.000000E-30  1.000000E-30  1.000000E-30  1.000000E-30
    441  3.094680949786E-01  1.000000E-30  1.000000E-30  1.000000E-30  1.000000E-30  1.000000E-30  1.000000E-30  1.000000E-30  1.000000E-30
    442  3.127856926026E-01  1.000000E-30  1.000000E-30  1.000000E-30  1.000000E-30  1.000000E-30  1.000000E-30  1.000000E-30  1.000000E-30
    443  3.178598433803E-01  1.000000E-30  1.000000E-30  1.000000E-30  1.000000E-30  1.000000E-30  1.000000E-30  1.000000E-30  1.000000E-30
    444  3.224504526026E-01  1.000000E-30  1.000000E-30  1.000000E-30  1.000000E-30  1.000000E-30  1.000000E-30  1.000000E-30  1.000000E-30
    445  3.266870398371E-01  1.000000E-30  1.000000E-30  1.000000E-30  1.000000E-30  1.000000E-30  1.000000E-30  1.000000E-30  1.000000E-30
    446  3.305577136787E-01  1.000000E-30  1.000000E-30  1.000000E-30  1.000000E-30  1.000000E-30  1.000000E-30  1.000000E-30  1.000000E-30
    447  3.362681054783E-01  1.000000E-30  1.000000E-30  1.000000E-30  1.000000E-30  1.000000E-30  1.000000E-30  1.000000E-30  1.000000E-30
    448  3.414589872690E-01  1.000000E-30  1.000000E-30  1.000000E-30  1.000000E-30  1.000000E-30  1.000000E-30  1.000000E-30  1.000000E-30
    449  3.462773530350E-01  1.000000E-30  1.000000E-30  1.000000E-30  1.000000E-30  1.000000E-30  1.000000E-30  1.000000E-30  1.000000E-30
    450  3.508856189623E-01  1.000000E-30  1.000000E-30  1.000000E-30  1.000000E-30  1.000000E-30  1.000000E-30  1.000000E-30  1.000000E-30
    451  3.552628710565E-01  1.000000E-30  1.000000E-30  1.000000E-30  1.000000E-30  1.000000E-30  1.000000E-30  1.000000E-30  1.000000E-30
    452  3.595141079779E-01  1.000000E-30  1.000000E-30  1.000000E-30  1.000000E-30  1.000000E-30  1.000000E-30  1.000000E-30  1.000000E-30
    453  3.636744849418E-01  1.000000E-30  1.000000E-30  1.000000E-30  1.000000E-30  1.000000E-30  1.000000E-30  1.000000E-30  1.000000E-30
    454  3.676260234901E-01  1.000000E-30  1.000000E-30  1.000000E-30  1.000000E-30  1.000000E-30  1.000000E-30  1.000000E-30  1.000000E-30
    455  3.714655117309E-01  1.000000E-30  1.000000E-30  1.000000E-30  1.000000E-30  1.000000E-30  1.000000E-30  1.000000E-30  1.000000E-30
    456  3.752653942304E-01  1.000000E-30  1.000000E-30  1.000000E-30  1.000000E-30  1.000000E-30  1.000000E-30  1.000000E-30  1.000000E-30
    457  3.809506426681E-01  1.000000E-30  1.000000E-30  1.000000E-30  1.000000E-30  1.000000E-30  1.000000E-30  1.000000E-30  1.000000E-30
    458  3.865190953769E-01  1.000000E-30  1.000000E-30  1.000000E-30  1.000000E-30  1.000000E-30  1.000000E-30  1.000000E-30  1.000000E-30
    459  3.928522091207E-01  1.000000E-30  1.000000E-30  1.000000E-30  1.000000E-30  1.000000E-30  1.000000E-30  1.000000E-30  1.000000E-30
    460  3.991093841216E-01  1.000000E-30  1.000000E-30  1.000000E-30  1.000000E-30  1.000000E-30  1.000000E-30  1.000000E-30  1.000000E-30
    461  4.054183851758E-01  1.000000E-30  1.000000E-30  1.000000E-30  1.000000E-30  1.000000E-30  1.000000E-30  1.000000E-30  1.000000E-30
    462  4.147392755742E-01  1.000000E-30  1.000000E-30  1.000000E-30  1.000000E-30  1.000000E-30  1.000000E-30  1.000000E-30  1.000000E-30
    463  4.232199499949E-01  1.000000E-30  1.000000E-30  1.000000E-30  1.000000E-30  1.000000E-30  1.000000E-30  1.000000E-30  1.000000E-30
    464  4.316976825025E-01  1.000000E-30  1.000000E-30  1.000000E-30  1.000000E-30  1.000000E-30  1.000000E-30  1.000000E-30  1.000000E-30
    465  4.393401554526E-01  1.000000E-30  1.000000E-30  1.000000E-30  1.000000E-30  1.000000E-30  1.000000E-30  1.000000E-30  1.000000E-30
    466  4.465935084243E-01  1.000000E-30  1.000000E-30  1.000000E-30  1.000000E-30  1.000000E-30  1.000000E-30  1.000000E-30  1.000000E-30
    467  4.537106765818E-01  1.000000E-30  1.000000E-30  1.000000E-30  1.000000E-30  1.000000E-30  1.000000E-30  1.000000E-30  1.000000E-30
    468  4.602314649238E-01  1.000000E-30  1.000000E-30  1.000000E-30  1.000000E-30  1.000000E-30  1.000000E-30  1.000000E-30  1.000000E-30
    469  4.709552966107E-01  1.000000E-30  1.000000E-30  1.000000E-30  1.000000E-30  1.000000E-30  1.000000E-30  1.000000E-30  1.000000E-30
    470  4.769745726746E-01  1.000000E-30  1.000000E-30  1.000000E-30  1.000000E-30  1.000000E-30  1.000000E-30  1.000000E-30  1.000000E-30
    471  4.828178172001E-01  1.000000E-30  1.000000E-30  1.066236E-30  1.000000E-30  1.000000E-30  1.000000E-30  1.000000E-30  1.000000E-30
    472  4.927188450138E-01  1.000000E-30  1.000000E-30  1.580097E-30  1.000000E-30  1.000000E-30  1.000000E-30  1.000000E-30  1.000000E-30
    473  5.000000000000E-01  1.000000E-30  1.000000E-30  1.335694E-30  1.000000E-30  1.000000E-30  1.000000E-30  1.000000E-30  1.000000E-30
