 *                                      
 * expansion:  temp0=  1.000E+10 den0=  3.000E+06 temp_stop=  1.000E+07
 *          time                ce154         ce155         ce156         ce157         ce158         ce159         ce160         ce161
      1  0.000000000000E+00  1.000000E-30  1.000000E-30  1.000000E-30  1.000000E-30  1.000000E-30  1.000000E-30  1.000000E-30  1.000000E-30
      2  1.000000000000E-16  1.000000E-30  1.000269E-30  1.000000E-30  1.000143E-30  1.000000E-30  1.000145E-30  1.000000E-30  1.000033E-30
      3  6.264265632874E-16  1.000000E-30  1.001684E-30  1.000000E-30  1.000895E-30  1.000000E-30  1.000908E-30  1.000000E-30  1.000204E-30
      4  2.206990590178E-15  1.000000E-30  1.005906E-30  1.000000E-30  1.003142E-30  1.000000E-30  1.003189E-30  1.000000E-30  1.000718E-30
      5  6.425069294186E-15  1.000000E-30  1.016993E-30  1.000000E-30  1.009065E-30  1.000000E-30  1.009221E-30  1.000000E-30  1.002080E-30
      6  1.724777641531E-14  1.000000E-30  1.044270E-30  1.000000E-30  1.023795E-30  1.000000E-30  1.024323E-30  1.000000E-30  1.005520E-30
      7  4.527785414179E-14  1.000000E-30  1.107687E-30  1.000000E-30  1.058988E-30  1.000000E-30  1.061052E-30  1.000000E-30  1.014080E-30
      8  1.231582592127E-13  1.000000E-30  1.239578E-30  1.000000E-30  1.137677E-30  1.000000E-30  1.147154E-30  1.000000E-30  1.035419E-30
      9  4.001734798240E-13  1.000000E-30  1.429687E-30  1.000000E-30  1.278044E-30  1.000000E-30  1.324516E-30  1.000000E-30  1.088687E-30
     10  1.150918682670E-12  1.000000E-30  1.480052E-30  1.000000E-30  1.339659E-30  1.000000E-30  1.435268E-30  1.000000E-30  1.143035E-30
     11  2.802808442389E-12  1.000000E-30  1.480293E-30  1.000000E-30  1.342302E-30  1.000000E-30  1.445774E-30  1.000000E-30  1.157167E-30
     12  6.912921996243E-12  1.000000E-30  1.479445E-30  1.000000E-30  1.342440E-30  1.000142E-30  1.445873E-30  1.000176E-30  1.157602E-30
     13  1.659368270033E-11  1.000000E-30  1.267263E-30  1.000000E-30  1.233577E-30  1.000000E-30  1.255122E-30  1.000000E-30  1.118828E-30
     14  1.134012897413E-10  1.000000E-30  1.000000E-30  1.000000E-30  1.000000E-30  1.000000E-30  1.000000E-30  1.000000E-30  1.000000E-30
     15  1.081477360150E-09  1.000000E-30  1.000000E-30  1.000000E-30  1.000000E-30  1.000000E-30  1.000000E-30  1.000000E-30  1.000000E-30
     16  1.076223806424E-08  1.000000E-30  1.000000E-30  1.000000E-30  1.000000E-30  1.000000E-30  1.000000E-30  1.000000E-30  1.000000E-30
     17  6.834096797002E-08  1.000000E-30  1.000000E-30  1.000000E-30  1.000000E-30  1.000000E-30  1.000000E-30  1.000000E-30  1.000000E-30
     18  2.542122411654E-07  1.000000E-30  1.000000E-30  1.000000E-30  1.000000E-30  1.000000E-30  1.000000E-30  1.000000E-30  1.000000E-30
     19  7.007518887657E-07  1.000000E-30  1.000000E-30  1.000000E-30  1.000000E-30  1.000000E-30  1.000000E-30  1.000000E-30  1.000000E-30
     20  1.724661805125E-06  1.000000E-30  1.000000E-30  1.000000E-30  1.000000E-30  1.000000E-30  1.000000E-30  1.000000E-30  1.000000E-30
     21  4.267664185819E-06  1.000000E-30  1.000000E-30  1.000000E-30  1.000000E-30  1.000000E-30  1.000000E-30  1.000000E-30  1.000000E-30
     22  1.786211798807E-05  1.000000E-30  1.000000E-30  1.000000E-30  1.000000E-30  1.000000E-30  1.000000E-30  1.000000E-30  1.000000E-30
     23  6.929007850093E-05  1.000000E-30  1.000000E-30  1.000000E-30  1.000000E-30  1.000000E-30  1.000000E-30  1.000000E-30  1.000000E-30
     24  5.835696836295E-04  1.000000E-30  1.000000E-30  1.000000E-30  1.000000E-30  1.000000E-30  1.000000E-30  1.000000E-30  1.000000E-30
     25  1.496090518789E-03  1.000000E-30  1.000000E-30  1.000000E-30  1.000000E-30  1.000000E-30  1.000000E-30  1.000000E-30  1.000000E-30
     26  2.379765156362E-03  1.000000E-30  1.000000E-30  1.000000E-30  1.000000E-30  1.000000E-30  1.000000E-30  1.000000E-30  1.000000E-30
     27  3.772948503579E-03  1.000000E-30  1.000000E-30  1.000000E-30  1.000000E-30  1.000000E-30  1.000000E-30  1.000000E-30  1.000000E-30
     28  4.957278025650E-03  1.000000E-30  1.000000E-30  1.000000E-30  1.000000E-30  1.000000E-30  1.000000E-30  1.000000E-30  1.000000E-30
     29  5.758110286319E-03  1.000000E-30  1.000000E-30  1.000000E-30  1.000000E-30  1.000000E-30  1.000000E-30  1.000000E-30  1.000000E-30
     30  6.636115041812E-03  1.000000E-30  1.000000E-30  1.000000E-30  1.000000E-30  1.000000E-30  1.000000E-30  1.000000E-30  1.000000E-30
     31  7.490864585256E-03  1.000000E-30  1.000000E-30  1.000000E-30  1.000000E-30  1.000000E-30  1.000000E-30  1.000000E-30  1.000000E-30
     32  8.026631019591E-03  1.000000E-30  1.000000E-30  1.000000E-30  1.000000E-30  1.000000E-30  1.000000E-30  1.000000E-30  1.000000E-30
     33  8.451616658664E-03  1.000000E-30  1.000000E-30  1.000000E-30  1.000000E-30  1.000000E-30  1.000000E-30  1.000000E-30  1.000000E-30
     34  9.803471762980E-03  1.000000E-30  1.000000E-30  1.000000E-30  1.000000E-30  1.000000E-30  1.000000E-30  1.000000E-30  1.000000E-30
     35  1.116687552369E-02  1.000000E-30  1.000000E-30  1.000000E-30  1.000000E-30  1.000000E-30  1.000000E-30  1.000000E-30  1.000000E-30
     36  1.219012310682E-02  1.000000E-30  1.000000E-30  1.000000E-30  1.000000E-30  1.000000E-30  1.000000E-30  1.000000E-30  1.000000E-30
     37  1.314647137106E-02  1.000000E-30  1.000000E-30  1.000000E-30  1.000000E-30  1.000000E-30  1.000000E-30  1.000000E-30  1.000000E-30
     38  1.431720408173E-02  1.000000E-30  1.000000E-30  1.000000E-30  1.000000E-30  1.000000E-30  1.000000E-30  1.000000E-30  1.000000E-30
     39  1.545287753035E-02  1.000000E-30  1.000000E-30  1.000000E-30  1.000000E-30  1.000000E-30  1.000000E-30  1.000000E-30  1.000000E-30
     40  1.716820108076E-02  1.000000E-30  1.000000E-30  1.000000E-30  1.000000E-30  1.000000E-30  1.000000E-30  1.000000E-30  1.000000E-30
     41  1.871872199221E-02  1.000000E-30  1.000000E-30  1.000000E-30  1.000000E-30  1.000000E-30  1.000000E-30  1.000000E-30  1.000000E-30
     42  2.131412024987E-02  1.000000E-30  1.000000E-30  1.000000E-30  1.000000E-30  1.000000E-30  1.000000E-30  1.000000E-30  1.000000E-30
     43  2.288535686070E-02  1.000000E-30  1.000000E-30  1.000000E-30  1.000000E-30  1.000000E-30  1.000000E-30  1.000000E-30  1.000000E-30
     44  2.437102778700E-02  1.000000E-30  1.000000E-30  1.000000E-30  1.000000E-30  1.000000E-30  1.000000E-30  1.000000E-30  1.000000E-30
     45  2.666254430666E-02  1.000000E-30  1.000000E-30  1.000000E-30  1.000000E-30  1.000000E-30  1.000000E-30  1.000000E-30  1.000000E-30
     46  2.807329513827E-02  1.000000E-30  1.000000E-30  1.000000E-30  1.000000E-30  1.000000E-30  1.000000E-30  1.000000E-30  1.000000E-30
     47  2.946719119355E-02  1.000000E-30  1.000000E-30  1.000000E-30  1.000000E-30  1.000000E-30  1.000000E-30  1.000000E-30  1.000000E-30
     48  2.982466835475E-02  1.000000E-30  1.000000E-30  1.000000E-30  1.000000E-30  1.000000E-30  1.000000E-30  1.000000E-30  1.000000E-30
     49  3.017238950627E-02  1.000000E-30  1.000000E-30  1.000000E-30  1.000000E-30  1.000000E-30  1.000000E-30  1.000000E-30  1.000000E-30
     50  3.052509122072E-02  1.000000E-30  1.000000E-30  1.000000E-30  1.000000E-30  1.000000E-30  1.000000E-30  1.000000E-30  1.000000E-30
     51  3.066477686677E-02  1.000000E-30  1.000000E-30  1.000000E-30  1.000000E-30  1.000000E-30  1.000000E-30  1.000000E-30  1.000000E-30
     52  3.080037159611E-02  1.000000E-30  1.000000E-30  1.000000E-30  1.000000E-30  1.000000E-30  1.000000E-30  1.000000E-30  1.000000E-30
     53  3.111325257314E-02  1.000000E-30  1.000000E-30  1.000000E-30  1.000000E-30  1.000000E-30  1.000000E-30  1.000000E-30  1.000000E-30
     54  3.147800645819E-02  1.000000E-30  1.000000E-30  1.000000E-30  1.000000E-30  1.000000E-30  1.000000E-30  1.000000E-30  1.000000E-30
     55  3.181357346897E-02  1.000000E-30  1.000000E-30  1.000000E-30  1.000000E-30  1.000000E-30  1.000000E-30  1.000000E-30  1.000000E-30
     56  3.217197145871E-02  1.000000E-30  1.000000E-30  1.000000E-30  1.000000E-30  1.000000E-30  1.000000E-30  1.000000E-30  1.000000E-30
     57  3.249951277145E-02  1.000000E-30  1.000000E-30  1.000000E-30  1.000000E-30  1.000000E-30  1.000000E-30  1.000000E-30  1.000000E-30
     58  3.262595809504E-02  1.000000E-30  1.000000E-30  1.000000E-30  1.000000E-30  1.000000E-30  1.000000E-30  1.000000E-30  1.000000E-30
     59  3.272641576722E-02  1.000000E-30  1.000000E-30  1.000000E-30  1.000000E-30  1.000000E-30  1.000000E-30  1.000000E-30  1.000000E-30
     60  3.304841700500E-02  1.000000E-30  1.000000E-30  1.000000E-30  1.000000E-30  1.000000E-30  1.000000E-30  1.000000E-30  1.000000E-30
     61  3.362823507679E-02  1.000000E-30  1.000000E-30  1.000000E-30  1.000000E-30  1.000000E-30  1.000000E-30  1.000000E-30  1.000000E-30
     62  3.417743618412E-02  1.000000E-30  1.000000E-30  1.000000E-30  1.000000E-30  1.000000E-30  1.000000E-30  1.000000E-30  1.000000E-30
     63  3.448472684867E-02  1.000000E-30  1.000000E-30  1.000000E-30  1.000000E-30  1.000000E-30  1.000000E-30  1.000000E-30  1.000000E-30
     64  3.459225947862E-02  1.000000E-30  1.000000E-30  1.000000E-30  1.000000E-30  1.000000E-30  1.000000E-30  1.000000E-30  1.000000E-30
     65  3.468161085917E-02  1.000000E-30  1.000000E-30  1.000000E-30  1.000000E-30  1.000000E-30  1.000000E-30  1.000000E-30  1.000000E-30
     66  3.501586344154E-02  1.000000E-30  1.000000E-30  1.000000E-30  1.000000E-30  1.000000E-30  1.000000E-30  1.000000E-30  1.000000E-30
     67  3.563385967804E-02  1.000000E-30  1.000000E-30  1.000000E-30  1.000000E-30  1.000000E-30  1.000000E-30  1.000000E-30  1.000000E-30
     68  3.619390900501E-02  1.000000E-30  1.000000E-30  1.000000E-30  1.000000E-30  1.000000E-30  1.000000E-30  1.000000E-30  1.000000E-30
     69  3.661379630041E-02  1.000000E-30  1.000000E-30  1.000000E-30  1.000000E-30  1.000000E-30  1.000000E-30  1.000000E-30  1.000000E-30
     70  3.704099468238E-02  1.000000E-30  1.000000E-30  1.000000E-30  1.000000E-30  1.000000E-30  1.000000E-30  1.000000E-30  1.000000E-30
     71  3.731378163516E-02  1.000000E-30  1.000000E-30  1.000000E-30  1.000000E-30  1.000000E-30  1.000000E-30  1.000000E-30  1.000000E-30
     72  3.757630769329E-02  1.000000E-30  1.000000E-30  1.000000E-30  1.000000E-30  1.000000E-30  1.000000E-30  1.000000E-30  1.000000E-30
     73  3.788075418501E-02  1.000000E-30  1.000000E-30  1.000000E-30  1.000000E-30  1.000000E-30  1.000000E-30  1.000000E-30  1.000000E-30
     74  3.819794660071E-02  1.000000E-30  1.000000E-30  1.000000E-30  1.000000E-30  1.000000E-30  1.000000E-30  1.000000E-30  1.000000E-30
     75  3.838080203158E-02  1.000000E-30  1.000000E-30  1.000000E-30  1.000000E-30  1.000000E-30  1.000000E-30  1.000000E-30  1.000000E-30
     76  3.859219912978E-02  1.000000E-30  1.000000E-30  1.000000E-30  1.000000E-30  1.000000E-30  1.000000E-30  1.000000E-30  1.000000E-30
     77  3.884096228080E-02  1.000000E-30  1.000000E-30  1.000000E-30  1.000000E-30  1.000000E-30  1.000000E-30  1.000000E-30  1.000000E-30
     78  3.907668434759E-02  1.000000E-30  1.000000E-30  1.000000E-30  1.000000E-30  1.000000E-30  1.000000E-30  1.000000E-30  1.000000E-30
     79  3.934936577490E-02  1.000000E-30  1.000000E-30  1.000000E-30  1.000000E-30  1.000000E-30  1.000000E-30  1.000000E-30  1.000000E-30
     80  3.961640452516E-02  1.000000E-30  1.000000E-30  1.000000E-30  1.000000E-30  1.000000E-30  1.000000E-30  1.000000E-30  1.000000E-30
     81  3.991996766101E-02  1.000000E-30  1.000000E-30  1.000000E-30  1.000000E-30  1.000000E-30  1.000000E-30  1.000000E-30  1.000000E-30
     82  4.019473378510E-02  1.000000E-30  1.000000E-30  1.000000E-30  1.000000E-30  1.000000E-30  1.000000E-30  1.000000E-30  1.000000E-30
     83  4.046928694587E-02  1.000000E-30  1.000000E-30  1.000000E-30  1.000000E-30  1.000000E-30  1.000000E-30  1.000000E-30  1.000000E-30
     84  4.074955599116E-02  1.000000E-30  1.000000E-30  1.000000E-30  1.000000E-30  1.000000E-30  1.000000E-30  1.000000E-30  1.000000E-30
     85  4.099011663524E-02  1.000000E-30  1.000000E-30  1.000000E-30  1.000000E-30  1.000000E-30  1.000000E-30  1.000000E-30  1.000000E-30
     86  4.118445936105E-02  1.000000E-30  1.000000E-30  1.000000E-30  1.000000E-30  1.000000E-30  1.000000E-30  1.000000E-30  1.000000E-30
     87  4.137235583218E-02  1.000000E-30  1.000000E-30  1.000000E-30  1.000000E-30  1.000000E-30  1.000000E-30  1.000000E-30  1.000000E-30
     88  4.152714488067E-02  1.000000E-30  1.000000E-30  1.000000E-30  1.000000E-30  1.000000E-30  1.000000E-30  1.000000E-30  1.000000E-30
     89  4.165981986900E-02  1.000000E-30  1.000000E-30  1.000000E-30  1.000000E-30  1.000000E-30  1.000000E-30  1.000000E-30  1.000000E-30
     90  4.188596337322E-02  1.000000E-30  1.000000E-30  1.000000E-30  1.000000E-30  1.000000E-30  1.000000E-30  1.000000E-30  1.000000E-30
     91  4.208159634323E-02  1.000000E-30  1.000000E-30  1.000000E-30  1.000000E-30  1.000000E-30  1.000000E-30  1.000000E-30  1.000000E-30
     92  4.230932596557E-02  1.000000E-30  1.000000E-30  1.000000E-30  1.000000E-30  1.000000E-30  1.000000E-30  1.000000E-30  1.000000E-30
     93  4.251598135750E-02  1.000000E-30  1.000000E-30  1.000000E-30  1.000000E-30  1.000000E-30  1.000000E-30  1.000000E-30  1.000000E-30
     94  4.274368410830E-02  1.000000E-30  1.000000E-30  1.000000E-30  1.000000E-30  1.000000E-30  1.000000E-30  1.000000E-30  1.000000E-30
     95  4.294191711445E-02  1.000000E-30  1.000000E-30  1.000000E-30  1.000000E-30  1.000000E-30  1.000000E-30  1.000000E-30  1.000000E-30
     96  4.316569238790E-02  1.000000E-30  1.000000E-30  1.000000E-30  1.000000E-30  1.000000E-30  1.000000E-30  1.000000E-30  1.000000E-30
     97  4.339365876136E-02  1.000000E-30  1.000000E-30  1.000000E-30  1.000000E-30  1.000000E-30  1.000000E-30  1.000000E-30  1.000000E-30
     98  4.362382833621E-02  1.000000E-30  1.000000E-30  1.000000E-30  1.000000E-30  1.000000E-30  1.000000E-30  1.000000E-30  1.000000E-30
     99  4.384703699487E-02  1.000000E-30  1.000000E-30  1.000000E-30  1.000000E-30  1.000000E-30  1.000000E-30  1.000000E-30  1.000000E-30
    100  4.408801045744E-02  1.000000E-30  1.000000E-30  1.000000E-30  1.000000E-30  1.000000E-30  1.000000E-30  1.000000E-30  1.000000E-30
    101  4.430336182063E-02  1.000000E-30  1.000000E-30  1.000000E-30  1.000000E-30  1.000000E-30  1.000000E-30  1.000000E-30  1.000000E-30
    102  4.453208602613E-02  1.000000E-30  1.000000E-30  1.000000E-30  1.000000E-30  1.000000E-30  1.000000E-30  1.000000E-30  1.000000E-30
    103  4.474836808964E-02  1.000000E-30  1.000000E-30  1.000000E-30  1.000000E-30  1.000000E-30  1.000000E-30  1.000000E-30  1.000000E-30
    104  4.497736119052E-02  1.000000E-30  1.000000E-30  1.000000E-30  1.000000E-30  1.000000E-30  1.000000E-30  1.000000E-30  1.000000E-30
    105  4.517199675598E-02  1.000000E-30  1.000000E-30  1.000000E-30  1.000000E-30  1.000000E-30  1.000000E-30  1.000000E-30  1.000000E-30
    106  4.536038532241E-02  1.000000E-30  1.000000E-30  1.000000E-30  1.000000E-30  1.000000E-30  1.000000E-30  1.000000E-30  1.000000E-30
    107  4.552484255766E-02  1.000000E-30  1.000000E-30  1.000000E-30  1.000000E-30  1.000000E-30  1.000000E-30  1.000000E-30  1.000000E-30
    108  4.581275722245E-02  1.000000E-30  1.000000E-30  1.000000E-30  1.000000E-30  1.000000E-30  1.000000E-30  1.000000E-30  1.000000E-30
    109  4.603616864208E-02  1.000000E-30  1.000000E-30  1.000000E-30  1.000000E-30  1.000000E-30  1.000000E-30  1.000000E-30  1.000000E-30
    110  4.624194314299E-02  1.000000E-30  1.000000E-30  1.000000E-30  1.000000E-30  1.000000E-30  1.000000E-30  1.000000E-30  1.000000E-30
    111  4.641297951594E-02  1.000000E-30  1.000000E-30  1.000000E-30  1.000000E-30  1.000000E-30  1.000000E-30  1.000000E-30  1.000000E-30
    112  4.656990459822E-02  1.000000E-30  1.000000E-30  1.000000E-30  1.000000E-30  1.000000E-30  1.000000E-30  1.000000E-30  1.000000E-30
    113  4.671253119976E-02  1.000000E-30  1.000000E-30  1.000000E-30  1.000000E-30  1.000000E-30  1.000000E-30  1.000000E-30  1.000000E-30
    114  4.684580987606E-02  1.000000E-30  1.000000E-30  1.000000E-30  1.000000E-30  1.000000E-30  1.000000E-30  1.000000E-30  1.000000E-30
    115  4.697520204195E-02  1.000000E-30  1.000000E-30  1.000000E-30  1.000000E-30  1.000000E-30  1.000000E-30  1.000000E-30  1.000000E-30
    116  4.709649788536E-02  1.000000E-30  1.000000E-30  1.000000E-30  1.000000E-30  1.000000E-30  1.000000E-30  1.000000E-30  1.000000E-30
    117  4.721637454993E-02  1.000000E-30  1.000000E-30  1.000000E-30  1.000000E-30  1.000000E-30  1.000000E-30  1.000000E-30  1.000000E-30
    118  4.732862910872E-02  1.000000E-30  1.000000E-30  1.000000E-30  1.000000E-30  1.000000E-30  1.000000E-30  1.000000E-30  1.000000E-30
    119  4.750539400184E-02  1.000000E-30  1.000000E-30  1.000000E-30  1.000000E-30  1.000000E-30  1.000000E-30  1.000000E-30  1.000000E-30
    120  4.767210524850E-02  1.000000E-30  1.000000E-30  1.000000E-30  1.000000E-30  1.000000E-30  1.000000E-30  1.000000E-30  1.000000E-30
    121  4.783406579930E-02  1.000000E-30  1.000000E-30  1.000000E-30  1.000000E-30  1.000000E-30  1.000000E-30  1.000000E-30  1.000000E-30
    122  4.799263518131E-02  1.000000E-30  1.000000E-30  1.000000E-30  1.000000E-30  1.000000E-30  1.000000E-30  1.000000E-30  1.000000E-30
    123  4.815339657435E-02  1.000000E-30  1.000000E-30  1.000000E-30  1.000000E-30  1.000000E-30  1.000000E-30  1.000000E-30  1.000000E-30
    124  4.832264594384E-02  1.000000E-30  1.000000E-30  1.000000E-30  1.000000E-30  1.000000E-30  1.000000E-30  1.000000E-30  1.000000E-30
    125  4.849826454798E-02  1.000000E-30  1.000000E-30  1.000000E-30  1.000000E-30  1.000000E-30  1.000000E-30  1.000000E-30  1.000000E-30
    126  4.867786870736E-02  1.000000E-30  1.000000E-30  1.000000E-30  1.000000E-30  1.000000E-30  1.000000E-30  1.000000E-30  1.000000E-30
    127  4.885872256535E-02  1.000000E-30  1.000000E-30  1.000000E-30  1.000000E-30  1.000000E-30  1.000000E-30  1.000000E-30  1.000000E-30
    128  4.903755607841E-02  1.000000E-30  1.000000E-30  1.000000E-30  1.000000E-30  1.000000E-30  1.000000E-30  1.000000E-30  1.000000E-30
    129  4.921259737621E-02  1.000000E-30  1.000000E-30  1.000000E-30  1.000000E-30  1.000000E-30  1.000000E-30  1.000000E-30  1.000000E-30
    130  4.938368810460E-02  1.000000E-30  1.000000E-30  1.000000E-30  1.000000E-30  1.000000E-30  1.000000E-30  1.000000E-30  1.000000E-30
    131  4.955132280349E-02  1.000000E-30  1.000000E-30  1.000000E-30  1.000000E-30  1.000000E-30  1.000000E-30  1.000000E-30  1.000000E-30
    132  4.971624312404E-02  1.000000E-30  1.000000E-30  1.000000E-30  1.000000E-30  1.000000E-30  1.000000E-30  1.000000E-30  1.000000E-30
    133  4.987811857735E-02  1.000000E-30  1.000000E-30  1.000000E-30  1.000000E-30  1.000000E-30  1.000000E-30  1.000000E-30  1.000000E-30
    134  5.003799836445E-02  1.000000E-30  1.000000E-30  1.000000E-30  1.000000E-30  1.000000E-30  1.000000E-30  1.000000E-30  1.000000E-30
    135  5.019682549602E-02  1.000000E-30  1.000000E-30  1.000000E-30  1.000000E-30  1.000000E-30  1.000000E-30  1.000000E-30  1.000000E-30
    136  5.035511419132E-02  1.000000E-30  1.000000E-30  1.000000E-30  1.000000E-30  1.000000E-30  1.000000E-30  1.000000E-30  1.000000E-30
    137  5.051299755300E-02  1.000000E-30  1.000000E-30  1.000000E-30  1.000000E-30  1.000000E-30  1.000000E-30  1.000000E-30  1.000000E-30
    138  5.067010535678E-02  1.000000E-30  1.000000E-30  1.000000E-30  1.000000E-30  1.000000E-30  1.000000E-30  1.000000E-30  1.000000E-30
    139  5.082726902819E-02  1.000000E-30  1.000000E-30  1.000000E-30  1.000000E-30  1.000000E-30  1.000000E-30  1.000000E-30  1.000000E-30
    140  5.098506829486E-02  1.000000E-30  1.000000E-30  1.000000E-30  1.000000E-30  1.000000E-30  1.000000E-30  1.000000E-30  1.000000E-30
    141  5.114361869269E-02  1.000000E-30  1.000000E-30  1.000000E-30  1.000000E-30  1.000000E-30  1.000000E-30  1.000000E-30  1.000000E-30
    142  5.130328078870E-02  1.000000E-30  1.000000E-30  1.000000E-30  1.000000E-30  1.000000E-30  1.000000E-30  1.000000E-30  1.000000E-30
    143  5.146205644840E-02  1.000000E-30  1.000000E-30  1.000000E-30  1.000000E-30  1.000000E-30  1.000000E-30  1.000000E-30  1.000000E-30
    144  5.162089365231E-02  1.000000E-30  1.000000E-30  1.000000E-30  1.000000E-30  1.000000E-30  1.000000E-30  1.000000E-30  1.000000E-30
    145  5.177902725711E-02  1.000000E-30  1.000000E-30  1.000000E-30  1.000000E-30  1.000000E-30  1.000000E-30  1.000000E-30  1.000000E-30
    146  5.193558292952E-02  1.000000E-30  1.000000E-30  1.000000E-30  1.000000E-30  1.000000E-30  1.000000E-30  1.000000E-30  1.000000E-30
    147  5.207655208218E-02  1.000000E-30  1.000000E-30  1.000000E-30  1.000000E-30  1.000000E-30  1.000000E-30  1.000000E-30  1.000000E-30
    148  5.220437120847E-02  1.000000E-30  1.000000E-30  1.000000E-30  1.000000E-30  1.000000E-30  1.000000E-30  1.000000E-30  1.000000E-30
    149  5.240275279905E-02  1.000000E-30  1.000000E-30  1.000000E-30  1.000000E-30  1.000000E-30  1.000000E-30  1.000000E-30  1.000000E-30
    150  5.258707116153E-02  1.000000E-30  1.000000E-30  1.000000E-30  1.000000E-30  1.000000E-30  1.000000E-30  1.000000E-30  1.000000E-30
    151  5.276353482958E-02  1.000000E-30  1.000000E-30  1.000000E-30  1.000000E-30  1.000000E-30  1.000000E-30  1.000000E-30  1.000000E-30
    152  5.293536770993E-02  1.000000E-30  1.000000E-30  1.000000E-30  1.000000E-30  1.000000E-30  1.000000E-30  1.000000E-30  1.000000E-30
    153  5.310288915571E-02  1.000000E-30  1.000000E-30  1.000000E-30  1.000000E-30  1.000000E-30  1.000000E-30  1.000000E-30  1.000000E-30
    154  5.325369291828E-02  1.000000E-30  1.000000E-30  1.000000E-30  1.000000E-30  1.000000E-30  1.000000E-30  1.000000E-30  1.000000E-30
    155  5.339308966526E-02  1.000000E-30  1.000000E-30  1.000000E-30  1.000000E-30  1.000000E-30  1.000000E-30  1.000000E-30  1.000000E-30
    156  5.362726198018E-02  1.000000E-30  1.000000E-30  1.000000E-30  1.000000E-30  1.000000E-30  1.000000E-30  1.000000E-30  1.000000E-30
    157  5.383816121000E-02  1.000000E-30  1.000000E-30  1.000000E-30  1.000000E-30  1.000000E-30  1.000000E-30  1.000000E-30  1.000000E-30
    158  5.403768730975E-02  1.000000E-30  1.000000E-30  1.000000E-30  1.000000E-30  1.000000E-30  1.000000E-30  1.000000E-30  1.000000E-30
    159  5.422986619970E-02  1.000000E-30  1.000000E-30  1.000000E-30  1.000000E-30  1.000000E-30  1.000000E-30  1.000000E-30  1.000000E-30
    160  5.440569294967E-02  1.000000E-30  1.000000E-30  1.000000E-30  1.000000E-30  1.000000E-30  1.000000E-30  1.000000E-30  1.000000E-30
    161  5.456994612052E-02  1.000000E-30  1.000000E-30  1.000000E-30  1.000000E-30  1.000000E-30  1.000000E-30  1.000000E-30  1.000000E-30
    162  5.485681963417E-02  1.000000E-30  1.000000E-30  1.000000E-30  1.000000E-30  1.000000E-30  1.000000E-30  1.000000E-30  1.000000E-30
    163  5.511708850657E-02  1.000000E-30  1.000000E-30  1.000000E-30  1.000000E-30  1.000000E-30  1.000000E-30  1.000000E-30  1.000000E-30
    164  5.536560227933E-02  1.000000E-30  1.000000E-30  1.000000E-30  1.000000E-30  1.000000E-30  1.000000E-30  1.000000E-30  1.000000E-30
    165  5.559867087093E-02  1.000000E-30  1.000000E-30  1.000000E-30  1.000000E-30  1.000000E-30  1.000000E-30  1.000000E-30  1.000000E-30
    166  5.582344501454E-02  1.000000E-30  1.000000E-30  1.000000E-30  1.000000E-30  1.000000E-30  1.000000E-30  1.000000E-30  1.000000E-30
    167  5.608267729631E-02  1.000000E-30  1.000000E-30  1.000000E-30  1.000000E-30  1.000000E-30  1.000000E-30  1.000000E-30  1.000000E-30
    168  5.632179590432E-02  1.000000E-30  1.000000E-30  1.000000E-30  1.000000E-30  1.000000E-30  1.000000E-30  1.000000E-30  1.000000E-30
    169  5.658568452696E-02  1.000000E-30  1.000000E-30  1.000000E-30  1.000000E-30  1.000000E-30  1.000000E-30  1.000000E-30  1.000000E-30
    170  5.682194908758E-02  1.000000E-30  1.000000E-30  1.000000E-30  1.000000E-30  1.000000E-30  1.000000E-30  1.000000E-30  1.000000E-30
    171  5.707748662895E-02  1.000000E-30  1.000000E-30  1.000000E-30  1.000000E-30  1.000000E-30  1.000000E-30  1.000000E-30  1.000000E-30
    172  5.730159219632E-02  1.000000E-30  1.000000E-30  1.000000E-30  1.000000E-30  1.000000E-30  1.000000E-30  1.000000E-30  1.000000E-30
    173  5.769211250520E-02  1.000000E-30  1.000000E-30  1.000000E-30  1.000000E-30  1.000000E-30  1.000000E-30  1.000000E-30  1.000000E-30
    174  5.804755660481E-02  1.000000E-30  1.000000E-30  1.000000E-30  1.000000E-30  1.000000E-30  1.000000E-30  1.000000E-30  1.000000E-30
    175  5.837706807704E-02  1.000000E-30  1.000000E-30  1.000000E-30  1.000000E-30  1.000000E-30  1.000000E-30  1.000000E-30  1.000000E-30
    176  5.868213309337E-02  1.000000E-30  1.000000E-30  1.000000E-30  1.000000E-30  1.000000E-30  1.000000E-30  1.000000E-30  1.000000E-30
    177  5.897372529375E-02  1.000000E-30  1.000000E-30  1.000000E-30  1.000000E-30  1.000000E-30  1.000000E-30  1.000000E-30  1.000000E-30
    178  5.927019313219E-02  1.000000E-30  1.000000E-30  1.000000E-30  1.000000E-30  1.000000E-30  1.000000E-30  1.000000E-30  1.000000E-30
    179  5.955970264735E-02  1.000000E-30  1.000000E-30  1.000000E-30  1.000000E-30  1.000000E-30  1.000000E-30  1.000000E-30  1.000000E-30
    180  5.987296131417E-02  1.000000E-30  1.000000E-30  1.000000E-30  1.000000E-30  1.000000E-30  1.000000E-30  1.000000E-30  1.000000E-30
    181  6.018239261751E-02  1.000000E-30  1.000000E-30  1.000000E-30  1.000000E-30  1.000000E-30  1.000000E-30  1.000000E-30  1.000000E-30
    182  6.051941164510E-02  1.000000E-30  1.000000E-30  1.000000E-30  1.000000E-30  1.000000E-30  1.000000E-30  1.000000E-30  1.000000E-30
    183  6.081686890997E-02  1.000000E-30  1.000000E-30  1.000000E-30  1.000000E-30  1.000000E-30  1.000000E-30  1.000000E-30  1.000000E-30
    184  6.107970107709E-02  1.000000E-30  1.000000E-30  1.000000E-30  1.000000E-30  1.000000E-30  1.000000E-30  1.000000E-30  1.000000E-30
    185  6.149099227918E-02  1.000000E-30  1.000000E-30  1.000000E-30  1.000000E-30  1.000000E-30  1.000000E-30  1.000000E-30  1.000000E-30
    186  6.184187848266E-02  1.000000E-30  1.000000E-30  1.000000E-30  1.000000E-30  1.000000E-30  1.000000E-30  1.000000E-30  1.000000E-30
    187  6.212841772032E-02  1.000000E-30  1.000000E-30  1.000000E-30  1.000000E-30  1.000000E-30  1.000000E-30  1.000000E-30  1.000000E-30
    188  6.241083345826E-02  1.000000E-30  1.000000E-30  1.000000E-30  1.000000E-30  1.000000E-30  1.000000E-30  1.000000E-30  1.000000E-30
    189  6.286334795077E-02  1.000000E-30  1.000000E-30  1.000000E-30  1.000000E-30  1.000000E-30  1.000000E-30  1.000000E-30  1.000000E-30
    190  6.324448148531E-02  1.000000E-30  1.000000E-30  1.000000E-30  1.000000E-30  1.000000E-30  1.000000E-30  1.000000E-30  1.000000E-30
    191  6.354755735680E-02  1.000000E-30  1.000000E-30  1.000000E-30  1.000000E-30  1.000000E-30  1.000000E-30  1.000000E-30  1.000000E-30
    192  6.382753282149E-02  1.000000E-30  1.000000E-30  1.000000E-30  1.000000E-30  1.000000E-30  1.000000E-30  1.000000E-30  1.000000E-30
    193  6.429792763326E-02  1.000000E-30  1.000000E-30  1.000000E-30  1.000000E-30  1.000000E-30  1.000000E-30  1.000000E-30  1.000000E-30
    194  6.470641913937E-02  1.000000E-30  1.000000E-30  1.000000E-30  1.000000E-30  1.000000E-30  1.000000E-30  1.000000E-30  1.000000E-30
    195  6.514351188605E-02  1.000000E-30  1.000000E-30  1.000000E-30  1.000000E-30  1.000000E-30  1.000000E-30  1.000000E-30  1.000000E-30
    196  6.551961572666E-02  1.000000E-30  1.000000E-30  1.000000E-30  1.000000E-30  1.000000E-30  1.000000E-30  1.000000E-30  1.000000E-30
    197  6.614173306661E-02  1.000000E-30  1.000000E-30  1.000000E-30  1.000000E-30  1.000000E-30  1.000000E-30  1.000000E-30  1.000000E-30
    198  6.666431851744E-02  1.000000E-30  1.000000E-30  1.000000E-30  1.000000E-30  1.000000E-30  1.000000E-30  1.000000E-30  1.000000E-30
    199  6.714973898932E-02  1.000000E-30  1.000000E-30  1.000000E-30  1.000000E-30  1.000000E-30  1.000000E-30  1.000000E-30  1.000000E-30
    200  6.763365269933E-02  1.000000E-30  1.000000E-30  1.000000E-30  1.000000E-30  1.000000E-30  1.000000E-30  1.000000E-30  1.000000E-30
    201  6.810748363549E-02  1.000000E-30  1.000000E-30  1.000000E-30  1.000000E-30  1.000000E-30  1.000000E-30  1.000000E-30  1.000000E-30
    202  6.886988901479E-02  1.000000E-30  1.000000E-30  1.000000E-30  1.000000E-30  1.000000E-30  1.000000E-30  1.000000E-30  1.000000E-30
    203  6.932442343830E-02  1.000000E-30  1.000000E-30  1.000000E-30  1.000000E-30  1.000000E-30  1.000000E-30  1.000000E-30  1.000000E-30
    204  6.977291475786E-02  1.000000E-30  1.000000E-30  1.000000E-30  1.000000E-30  1.000000E-30  1.000000E-30  1.000000E-30  1.000000E-30
    205  7.051837306122E-02  1.000000E-30  1.000000E-30  1.000000E-30  1.000000E-30  1.000000E-30  1.000000E-30  1.000000E-30  1.000000E-30
    206  7.120724846930E-02  1.000000E-30  1.000000E-30  1.000000E-30  1.000000E-30  1.000000E-30  1.000000E-30  1.000000E-30  1.000000E-30
    207  7.185571854523E-02  1.000000E-30  1.000000E-30  1.000000E-30  1.000000E-30  1.000000E-30  1.000000E-30  1.000000E-30  1.000000E-30
    208  7.250556240022E-02  2.084222E-30  1.000000E-30  1.000000E-30  1.000000E-30  1.000000E-30  1.000000E-30  1.000000E-30  1.000000E-30
    209  7.308358088908E-02  2.866210E-30  1.000000E-30  1.000000E-30  1.000000E-30  1.000000E-30  1.000000E-30  1.000000E-30  1.000000E-30
    210  7.365083251161E-02  4.376928E-30  1.000000E-30  1.000000E-30  1.000000E-30  1.000000E-30  1.000000E-30  1.000000E-30  1.000000E-30
    211  7.420607479025E-02  5.568686E-30  1.000000E-30  1.000000E-30  1.000000E-30  1.000000E-30  1.000000E-30  1.000000E-30  1.000000E-30
    212  7.477269193766E-02  8.228838E-30  1.000000E-30  1.000000E-30  1.000000E-30  1.000000E-30  1.000000E-30  1.000000E-30  1.000000E-30
    213  7.532671922740E-02  1.145632E-29  1.000000E-30  1.000000E-30  1.000000E-30  1.000000E-30  1.000000E-30  1.000000E-30  1.000000E-30
    214  7.590819975934E-02  6.034909E-30  1.000000E-30  1.000000E-30  1.000000E-30  1.000000E-30  1.000000E-30  1.000000E-30  1.000000E-30
    215  7.648106882397E-02  1.000000E-30  1.000000E-30  1.000000E-30  1.000000E-30  1.000000E-30  1.000000E-30  1.000000E-30  1.000000E-30
    216  7.706864365518E-02  1.000000E-30  1.000000E-30  1.000000E-30  1.000000E-30  1.000000E-30  1.000000E-30  1.000000E-30  1.000000E-30
    217  7.765097184480E-02  1.000000E-30  1.000000E-30  1.000000E-30  1.000000E-30  1.000000E-30  1.000000E-30  1.000000E-30  1.000000E-30
    218  7.824188421090E-02  1.000000E-30  1.000000E-30  1.000000E-30  1.000000E-30  1.000000E-30  1.000000E-30  1.000000E-30  1.000000E-30
    219  7.883216312169E-02  1.000000E-30  1.000000E-30  1.000000E-30  1.000000E-30  1.000000E-30  1.000000E-30  1.000000E-30  1.000000E-30
    220  7.934760137230E-02  1.000000E-30  1.000000E-30  1.000000E-30  1.000000E-30  1.000000E-30  1.000000E-30  1.000000E-30  1.000000E-30
    221  7.991019390762E-02  1.000000E-30  1.000000E-30  1.000000E-30  1.000000E-30  1.000000E-30  1.000000E-30  1.000000E-30  1.000000E-30
    222  8.044081450283E-02  1.000000E-30  1.000000E-30  1.000000E-30  1.000000E-30  1.000000E-30  1.000000E-30  1.000000E-30  1.000000E-30
    223  8.103419684334E-02  3.975084E-29  2.097783E-30  1.000000E-30  1.000000E-30  1.000000E-30  1.000000E-30  1.000000E-30  1.000000E-30
    224  8.158988408622E-02  1.425808E-28  7.744340E-30  1.173275E-30  1.000000E-30  1.000000E-30  1.000000E-30  1.000000E-30  1.000000E-30
    225  8.219791245697E-02  1.948455E-28  1.102915E-29  1.757208E-30  1.000000E-30  1.000000E-30  1.000000E-30  1.000000E-30  1.000000E-30
    226  8.273529679330E-02  1.000000E-30  1.000000E-30  1.000000E-30  1.000000E-30  1.000000E-30  1.000000E-30  1.000000E-30  1.000000E-30
    227  8.327310875316E-02  1.000000E-30  1.000000E-30  1.000000E-30  1.000000E-30  1.000000E-30  1.000000E-30  1.000000E-30  1.000000E-30
    228  8.381967664174E-02  1.000000E-30  1.000000E-30  1.000000E-30  1.000000E-30  1.000000E-30  1.000000E-30  1.000000E-30  1.000000E-30
    229  8.442137901789E-02  1.000000E-30  1.000000E-30  1.000000E-30  1.000000E-30  1.000000E-30  1.000000E-30  1.000000E-30  1.000000E-30
    230  8.496109010092E-02  4.801549E-30  1.000000E-30  1.000000E-30  1.000000E-30  1.000000E-30  1.000000E-30  1.000000E-30  1.000000E-30
    231  8.556251684447E-02  1.000000E-30  1.000000E-30  1.000000E-30  1.000000E-30  1.000000E-30  1.000000E-30  1.000000E-30  1.000000E-30
    232  8.609514523980E-02  2.342762E-30  1.000000E-30  1.000000E-30  1.000000E-30  1.000000E-30  1.000000E-30  1.000000E-30  1.000000E-30
    233  8.668730402486E-02  3.160626E-30  1.000000E-30  1.000000E-30  1.000000E-30  1.000000E-30  1.000000E-30  1.000000E-30  1.000000E-30
    234  8.725638446658E-02  1.000000E-30  1.000000E-30  1.000000E-30  1.000000E-30  1.000000E-30  1.000000E-30  1.000000E-30  1.000000E-30
    235  8.784892152766E-02  1.000000E-30  1.000000E-30  1.000000E-30  1.000000E-30  1.000000E-30  1.000000E-30  1.000000E-30  1.000000E-30
    236  8.837914431516E-02  1.000000E-30  1.000000E-30  1.000000E-30  1.000000E-30  1.000000E-30  1.000000E-30  1.000000E-30  1.000000E-30
    237  8.927467123273E-02  1.000000E-30  1.000000E-30  1.000000E-30  1.000000E-30  1.000000E-30  1.000000E-30  1.000000E-30  1.000000E-30
    238  9.009385267910E-02  1.000000E-30  1.000000E-30  1.000000E-30  1.000000E-30  1.000000E-30  1.000000E-30  1.000000E-30  1.000000E-30
    239  9.088007009323E-02  1.000000E-30  1.000000E-30  1.000000E-30  1.000000E-30  1.000000E-30  1.000000E-30  1.000000E-30  1.000000E-30
    240  9.160938796651E-02  1.000000E-30  1.000000E-30  1.000000E-30  1.000000E-30  1.000000E-30  1.000000E-30  1.000000E-30  1.000000E-30
    241  9.231864750676E-02  1.000000E-30  1.000000E-30  1.000000E-30  1.000000E-30  1.000000E-30  1.000000E-30  1.000000E-30  1.000000E-30
    242  9.335415502949E-02  1.000000E-30  1.000000E-30  1.000000E-30  1.000000E-30  1.000000E-30  1.000000E-30  1.000000E-30  1.000000E-30
    243  9.429165011748E-02  1.000000E-30  1.000000E-30  1.000000E-30  1.000000E-30  1.000000E-30  1.000000E-30  1.000000E-30  1.000000E-30
    244  9.514750284226E-02  1.301577E-29  2.252992E-30  1.962104E-30  1.000000E-30  1.000000E-30  1.000000E-30  1.000000E-30  1.000000E-30
    245  9.592869681963E-02  1.901388E-29  3.478591E-30  3.264368E-30  1.000000E-30  1.000000E-30  1.000000E-30  1.000000E-30  1.000000E-30
    246  9.638259128200E-02  2.053567E-29  3.957019E-30  3.984910E-30  1.000000E-30  1.000000E-30  1.000000E-30  1.000000E-30  1.000000E-30
    247  9.686466198075E-02  1.793962E-29  3.631443E-30  3.948362E-30  1.000000E-30  1.000000E-30  1.000000E-30  1.000000E-30  1.000000E-30
    248  9.745016881397E-02  1.699553E-29  3.641605E-30  4.327547E-30  1.000000E-30  1.000000E-30  1.000000E-30  1.000000E-30  1.000000E-30
    249  9.798964068785E-02  2.119855E-29  4.748842E-30  6.015168E-30  1.000000E-30  1.000000E-30  1.000000E-30  1.000000E-30  1.000000E-30
    250  9.892639389759E-02  2.672178E-29  6.404828E-30  9.015145E-30  1.000000E-30  1.000000E-30  1.000000E-30  1.000000E-30  1.000000E-30
    251  9.977784733458E-02  2.709925E-29  7.098860E-30  1.140626E-29  1.092146E-30  1.000000E-30  1.000000E-30  1.000000E-30  1.000000E-30
    252  1.005622893962E-01  2.652302E-29  7.554500E-30  1.374538E-29  1.383842E-30  1.152065E-30  1.000000E-30  1.000000E-30  1.000000E-30
    253  1.013070552067E-01  2.367514E-29  7.342426E-30  1.515950E-29  1.615511E-30  1.470520E-30  1.000000E-30  1.000000E-30  1.000000E-30
    254  1.019791947326E-01  2.546176E-29  8.439325E-30  1.919271E-29  2.141829E-30  2.098093E-30  1.000000E-30  1.000000E-30  1.000000E-30
    255  1.025982572428E-01  1.715079E-29  6.245736E-30  1.629425E-29  1.937258E-30  2.111439E-30  1.000000E-30  1.000000E-30  1.000000E-30
    256  1.032644197032E-01  1.924461E-29  7.459775E-30  2.128697E-29  2.648525E-30  3.113832E-30  1.000000E-30  1.000000E-30  1.000000E-30
    257  1.039121745974E-01  1.600887E-29  6.771067E-30  2.182875E-29  2.877553E-30  3.730558E-30  1.000000E-30  1.000000E-30  1.000000E-30
    258  1.045193471709E-01  1.542134E-29  6.978192E-30  2.473558E-29  3.429771E-30  4.839201E-30  1.000000E-30  1.000000E-30  1.000000E-30
    259  1.051181778144E-01  1.019834E-29  5.206295E-30  2.149179E-29  3.172919E-30  4.983446E-30  1.000000E-30  1.000000E-30  1.000000E-30
    260  1.056826419982E-01  1.098809E-29  5.872491E-30  2.594273E-29  4.002260E-30  6.761053E-30  1.000000E-30  1.000000E-30  1.000000E-30
    261  1.062431336111E-01  7.526032E-30  4.573589E-30  2.338730E-29  3.825465E-30  7.136795E-30  1.000000E-30  1.000000E-30  1.000000E-30
    262  1.068146627648E-01  5.718683E-30  3.966872E-30  2.326094E-29  4.022534E-30  8.239603E-30  1.000000E-30  1.000000E-30  1.000000E-30
    263  1.073656177930E-01  4.597928E-30  3.584510E-30  2.362377E-29  4.306440E-30  9.627545E-30  1.051962E-30  1.000000E-30  1.000000E-30
    264  1.079139362418E-01  5.123439E-30  4.111492E-30  2.862278E-29  5.443163E-30  1.303849E-29  1.472210E-30  1.118533E-30  1.000000E-30
    265  1.084202130578E-01  3.026312E-30  3.000928E-30  2.457952E-29  4.956062E-30  1.307767E-29  1.549172E-30  1.256330E-30  1.000000E-30
    266  1.089957947327E-01  1.037450E-30  2.065410E-30  2.231060E-29  4.812527E-30  1.416895E-29  1.767562E-30  1.544971E-30  1.000000E-30
    267  1.095139929398E-01  1.320801E-30  2.248683E-30  2.472836E-29  5.561553E-30  1.752062E-29  2.276381E-30  2.099254E-30  1.000000E-30
    268  1.100036617482E-01  1.000000E-30  1.955489E-30  2.427512E-29  5.736472E-30  1.956359E-29  2.656374E-30  2.604932E-30  1.000000E-30
    269  1.105581599754E-01  1.000000E-30  1.000000E-30  1.741599E-29  4.527745E-30  1.783380E-29  2.568987E-30  2.755845E-30  1.000000E-30
    270  1.111738162549E-01  1.000000E-30  1.000000E-30  1.312138E-29  3.838491E-30  1.776561E-29  2.726690E-30  3.216636E-30  1.000000E-30
    271  1.117276452796E-01  1.000000E-30  1.000000E-30  1.783493E-29  5.234085E-30  2.479865E-29  3.962630E-30  4.923151E-30  1.000000E-30
    272  1.122547306619E-01  1.000000E-30  1.000000E-30  1.617159E-29  5.068863E-30  2.644293E-29  4.451663E-30  5.958593E-30  1.000000E-30
    273  1.128196390807E-01  1.000000E-30  1.000000E-30  8.734110E-30  3.323497E-30  2.155350E-29  3.891582E-30  5.796548E-30  1.000000E-30
    274  1.134172103791E-01  1.000000E-30  1.000000E-30  1.067509E-29  4.176833E-30  2.863306E-29  5.419482E-30  8.611219E-30  1.000000E-30
    275  1.139661173569E-01  1.000000E-30  1.000000E-30  5.055553E-30  2.604962E-30  2.258820E-29  4.603697E-30  8.160657E-30  1.000000E-30
    276  1.145721141816E-01  1.000000E-30  1.000000E-30  1.097393E-30  1.576597E-30  1.985778E-29  4.381305E-30  8.728582E-30  1.000000E-30
    277  1.151138636995E-01  1.000000E-30  1.000000E-30  1.595401E-30  1.744610E-30  2.215142E-29  5.133532E-30  1.092588E-29  1.000000E-30
    278  1.160623872824E-01  1.000000E-30  1.000000E-30  1.000000E-30  1.718762E-30  3.319755E-29  8.293064E-30  1.964605E-29  1.000000E-30
    279  1.166131253687E-01  1.000000E-30  1.000000E-30  1.000000E-30  1.568241E-30  2.778026E-29  7.479091E-30  1.956561E-29  1.000000E-30
    280  1.171578902390E-01  1.000000E-30  1.000000E-30  1.000000E-30  1.120838E-30  2.630165E-29  7.561394E-30  2.165192E-29  1.000000E-30
    281  1.179966344325E-01  1.000000E-30  1.000000E-30  1.000000E-30  1.000000E-30  2.815083E-29  8.965768E-30  2.947751E-29  1.184979E-30
    282  1.184626561866E-01  1.000000E-30  1.000000E-30  1.000000E-30  1.000000E-30  2.691857E-29  8.901338E-30  3.078505E-29  1.276311E-30
    283  1.189221956404E-01  1.000000E-30  1.000000E-30  1.000000E-30  1.000000E-30  1.883902E-29  6.805093E-30  2.640202E-29  1.145717E-30
    284  1.197605220964E-01  1.000000E-30  1.000000E-30  1.000000E-30  1.000000E-30  2.615344E-29  1.036308E-29  4.508272E-29  2.040842E-30
    285  1.205341475296E-01  1.000000E-30  1.000000E-30  1.000000E-30  1.000000E-30  1.801946E-29  8.327014E-30  4.317960E-29  2.096948E-30
    286  1.212540834288E-01  1.000000E-30  1.000000E-30  1.000000E-30  1.000000E-30  1.339197E-29  7.167104E-30  4.335440E-29  2.244043E-30
    287  1.219299358624E-01  1.000000E-30  1.000000E-30  1.000000E-30  1.000000E-30  1.375672E-29  7.844423E-30  5.157507E-29  2.813791E-30
    288  1.225766858039E-01  1.000000E-30  1.000000E-30  1.000000E-30  1.000000E-30  1.190645E-29  7.553689E-30  5.553957E-29  3.203166E-30
    289  1.231854533608E-01  1.000000E-30  1.000000E-30  1.000000E-30  1.000000E-30  8.000252E-30  6.093622E-30  5.201188E-29  3.179561E-30
    290  1.237219182154E-01  1.000000E-30  1.000000E-30  1.000000E-30  1.000000E-30  7.157490E-30  5.823679E-30  5.359554E-29  3.442630E-30
    291  1.242404039059E-01  1.000000E-30  1.000000E-30  1.000000E-30  1.000000E-30  1.546396E-30  2.977754E-30  3.710130E-29  2.537899E-30
    292  1.248086455930E-01  1.000000E-30  1.000000E-30  1.000000E-30  1.000000E-30  1.000000E-30  1.802808E-30  3.289764E-29  2.390847E-30
    293  1.253177247642E-01  1.000000E-30  1.000000E-30  1.000000E-30  1.000000E-30  5.065254E-30  5.583261E-30  6.652036E-29  4.916770E-30
    294  1.258810647447E-01  1.000000E-30  1.000000E-30  1.000000E-30  1.000000E-30  3.329050E-30  5.036859E-30  6.940832E-29  5.390819E-30
    295  1.264205598797E-01  1.000000E-30  1.000000E-30  1.000000E-30  1.000000E-30  2.295944E-30  4.516473E-30  6.947142E-29  5.685628E-30
    296  1.270317883483E-01  1.000000E-30  1.000000E-30  1.000000E-30  1.000000E-30  1.000000E-30  1.562206E-30  4.576412E-29  4.039326E-30
    297  1.275757308169E-01  1.000000E-30  1.000000E-30  1.000000E-30  1.000000E-30  1.864213E-30  4.785308E-30  8.584354E-29  7.783116E-30
    298  1.286048671531E-01  1.000000E-30  1.000000E-30  1.000000E-30  1.000000E-30  1.000000E-30  1.000000E-30  7.143034E-29  7.094639E-30
    299  1.290949488661E-01  1.000000E-30  1.000000E-30  1.000000E-30  1.000000E-30  1.000000E-30  1.000000E-30  2.040455E-29  2.309233E-30
    300  1.295345101683E-01  1.000000E-30  1.000000E-30  1.194211E-28  2.159596E-28  2.001419E-26  2.203667E-26  4.191202E-25  4.686349E-26
    301  1.303954523490E-01  1.000000E-30  1.000000E-30  1.000000E-30  1.000000E-30  1.000000E-30  4.561421E-30  1.361034E-28  1.569452E-29
    302  1.308549873199E-01  1.000000E-30  1.669832E-30  8.284259E-28  1.724419E-27  2.050256E-25  2.646810E-25  6.307652E-24  8.021415E-25
    303  1.312776310019E-01  1.000000E-30  3.513638E-30  1.551201E-27  3.392482E-27  4.376745E-25  5.948843E-25  1.525015E-23  2.021805E-24
    304  1.320787884157E-01  1.000000E-30  3.020177E-30  1.884110E-27  4.544072E-27  6.853988E-25  1.027809E-24  3.027968E-23  4.346537E-24
    305  1.327308179063E-01  1.000000E-30  3.819808E-30  2.403415E-27  6.272262E-27  1.075169E-24  1.747755E-24  5.771545E-23  8.843723E-24
    306  1.333821207310E-01  1.000000E-30  3.805035E-30  2.731300E-27  7.722270E-27  1.505947E-24  2.655104E-24  9.835753E-23  1.609514E-23
    307  1.339749669338E-01  1.000000E-30  3.602798E-30  2.887181E-27  8.784572E-27  1.927476E-24  3.660787E-24  1.506499E-22  2.618353E-23
    308  1.345530840576E-01  1.000000E-30  3.148714E-30  2.899764E-27  9.483528E-27  2.336202E-24  4.773322E-24  2.177945E-22  4.016134E-23
    309  1.351098094661E-01  1.000000E-30  2.631810E-30  2.807788E-27  9.849079E-27  2.714870E-24  5.954187E-24  3.003057E-22  5.864730E-23
    310  1.359304916944E-01  1.000000E-30  1.395089E-30  2.519911E-27  9.814507E-27  3.195608E-24  7.785788E-24  4.555609E-22  9.688641E-23
    311  1.363572082699E-01  1.000000E-30  1.622134E-30  2.358924E-27  9.695690E-27  3.443790E-24  8.865392E-24  5.606540E-22  1.246835E-22
    312  1.367788244083E-01  1.000000E-30  1.281683E-30  2.178362E-27  9.452534E-27  3.661662E-24  9.956339E-24  6.802871E-22  1.581515E-22
    313  1.375777712339E-01  1.000000E-30  1.000000E-30  1.808921E-27  8.713415E-27  3.981572E-24  1.201680E-23  9.513995E-22  2.407181E-22
    314  1.380438267916E-01  1.000000E-30  1.000000E-30  1.606239E-27  8.215691E-27  4.134747E-24  1.326727E-23  1.145135E-21  3.045120E-22
    315  1.384690951451E-01  1.000000E-30  1.000000E-30  1.426001E-27  7.712010E-27  4.242235E-24  1.439940E-23  1.345547E-21  3.745136E-22
    316  1.391087445178E-01  1.000000E-30  1.000000E-30  1.171821E-27  6.902185E-27  4.343955E-24  1.605393E-23  1.691656E-21  5.045210E-22
    317  1.397002518981E-01  1.000000E-30  1.000000E-30  9.648627E-28  6.148817E-27  4.384584E-24  1.753883E-23  2.066334E-21  6.572059E-22
    318  1.402705851668E-01  1.000000E-30  1.000000E-30  7.902120E-28  5.436859E-27  4.376204E-24  1.890310E-23  2.481769E-21  8.401945E-22
    319  1.408634912375E-01  1.000000E-30  1.000000E-30  6.337031E-28  4.726417E-27  4.320198E-24  2.022432E-23  2.974583E-21  1.075066E-21
    320  1.414089642241E-01  1.000000E-30  1.000000E-30  5.127794E-28  4.119713E-27  4.234514E-24  2.135487E-23  3.488345E-21  1.339411E-21
    321  1.419220762512E-01  1.000000E-30  1.000000E-30  4.170627E-28  3.595514E-27  4.128188E-24  2.233653E-23  4.028622E-21  1.638030E-21
    322  1.422771704232E-01  1.000000E-30  1.000000E-30  3.601624E-28  3.256583E-27  4.039324E-24  2.295333E-23  4.436181E-21  1.877078E-21
    323  1.426029315631E-01  1.000000E-30  1.000000E-30  3.134602E-28  2.964853E-27  3.948893E-24  2.347517E-23  4.835386E-21  2.122483E-21
    324  1.430135230101E-01  1.000000E-30  1.000000E-30  2.616558E-28  2.624519E-27  3.824862E-24  2.407353E-23  5.374277E-21  2.471186E-21
    325  1.434683796643E-01  1.000000E-30  1.000000E-30  2.132271E-28  2.282794E-27  3.676320E-24  2.465549E-23  6.019044E-21  2.914504E-21
    326  1.440315208021E-01  1.000000E-30  1.000000E-30  1.639114E-28  1.907133E-27  3.477468E-24  2.523959E-23  6.886500E-21  3.556228E-21
    327  1.445490332405E-01  1.000000E-30  1.000000E-30  1.278024E-28  1.602590E-27  3.279256E-24  2.560767E-23  7.746705E-21  4.245916E-21
    328  1.451370980342E-01  1.000000E-30  1.000000E-30  9.498314E-29  1.304023E-27  3.043239E-24  2.583597E-23  8.792458E-21  5.158539E-21
    329  1.457052374241E-01  1.000000E-30  1.000000E-30  7.072917E-29  1.059150E-27  2.806945E-24  2.584486E-23  9.858963E-21  6.179934E-21
    330  1.463107957421E-01  1.000000E-30  1.000000E-30  5.061031E-29  8.372979E-28  2.544899E-24  2.556639E-23  1.102795E-20  7.421587E-21
    331  1.468752132891E-01  1.000000E-30  1.000000E-30  3.663612E-29  6.647376E-28  2.296937E-24  2.504195E-23  1.212106E-20  8.719492E-21
    332  1.475510939381E-01  1.000000E-30  1.000000E-30  2.382436E-29  4.965915E-28  2.001969E-24  2.408528E-23  1.338947E-20  1.043780E-20
    333  1.481899111058E-01  1.000000E-30  1.000000E-30  1.559789E-29  3.699801E-28  1.727369E-24  2.282708E-23  1.448322E-20  1.218876E-20
    334  1.491767377555E-01  1.000000E-30  1.000000E-30  6.127031E-30  2.261270E-28  1.328399E-24  2.032000E-23  1.583966E-20  1.502034E-20
    335  1.497116139607E-01  1.000000E-30  1.000000E-30  4.830189E-30  1.706070E-28  1.131654E-24  1.874903E-23  1.634761E-20  1.654695E-20
    336  1.502421520731E-01  1.000000E-30  1.000000E-30  2.783397E-30  1.266260E-28  9.507844E-25  1.706189E-23  1.664773E-20  1.798549E-20
    337  1.509052103900E-01  1.000000E-30  1.000000E-30  1.000000E-30  8.546847E-29  7.505424E-25  1.489037E-23  1.673043E-20  1.961893E-20
    338  1.515352476696E-01  1.000000E-30  1.000000E-30  1.000000E-30  5.781077E-29  5.879361E-25  1.283862E-23  1.650026E-20  2.092762E-20
    339  1.521327102765E-01  1.000000E-30  1.000000E-30  1.000000E-30  3.905998E-29  4.570092E-25  1.093863E-23  1.599375E-20  2.186454E-20
    340  1.526678407657E-01  1.000000E-30  1.000000E-30  1.000000E-30  2.711836E-29  3.591776E-25  9.338008E-24  1.533257E-20  2.242631E-20
    341  1.532481602429E-01  1.000000E-30  1.000000E-30  1.000000E-30  1.789894E-29  2.723191E-25  7.747251E-24  1.442787E-20  2.271767E-20
    342  1.535863948111E-01  1.000000E-30  1.000000E-30  1.000000E-30  1.420093E-29  2.299172E-25  6.895447E-24  1.382289E-20  2.272598E-20
    343  1.538995751697E-01  1.000000E-30  1.000000E-30  1.000000E-30  1.126097E-29  1.953559E-25  6.153988E-24  1.321520E-20  2.261789E-20
    344  1.546020187628E-01  1.000000E-30  1.000000E-30  1.000000E-30  6.183165E-30  1.332459E-25  4.688832E-24  1.175094E-20  2.202014E-20
    345  1.552062305672E-01  1.000000E-30  1.000000E-30  1.000000E-30  3.789165E-30  9.412940E-26  3.645365E-24  1.043225E-20  2.114547E-20
    346  1.557875935888E-01  1.000000E-30  1.000000E-30  1.000000E-30  2.263960E-30  6.618081E-26  2.812412E-24  9.149914E-21  2.001274E-20
    347  1.566447447202E-01  1.000000E-30  1.000000E-30  1.000000E-30  1.000000E-30  3.823381E-26  1.864671E-24  7.327039E-21  1.794509E-20
    348  1.574294426159E-01  1.000000E-30  1.000000E-30  1.000000E-30  1.000000E-30  2.250705E-26  1.246498E-24  5.808916E-21  1.579315E-20
    349  1.581710514975E-01  1.000000E-30  1.000000E-30  1.000000E-30  1.000000E-30  1.328641E-26  8.306633E-25  4.539651E-21  1.363561E-20
    350  1.588328903187E-01  1.000000E-30  1.000000E-30  1.000000E-30  1.000000E-30  8.171499E-27  5.695215E-25  3.570207E-21  1.172852E-20
    351  1.594606073659E-01  1.000000E-30  1.000000E-30  1.000000E-30  1.000000E-30  5.090549E-27  3.934922E-25  2.792050E-21  9.991430E-21
    352  1.600565792087E-01  1.000000E-30  1.000000E-30  1.000000E-30  1.000000E-30  3.215433E-27  2.743640E-25  2.173216E-21  8.440052E-21
    353  1.607059625219E-01  1.000000E-30  1.000000E-30  1.000000E-30  1.000000E-30  1.942322E-27  1.846439E-25  1.626162E-21  6.908179E-21
    354  1.613957576202E-01  1.000000E-30  1.000000E-30  1.000000E-30  1.000000E-30  1.138452E-27  1.214527E-25  1.171547E-21  5.478172E-21
    355  1.620398820205E-01  1.000000E-30  1.000000E-30  1.000000E-30  1.000000E-30  6.958371E-28  8.272317E-26  8.458149E-22  4.328807E-21
    356  1.627691861850E-01  1.000000E-30  1.000000E-30  1.000000E-30  1.000000E-30  4.066245E-28  5.473264E-26  5.733106E-22  3.252068E-21
    357  1.634667099868E-01  1.000000E-30  1.000000E-30  1.000000E-30  1.000000E-30  2.498684E-28  3.791234E-26  3.869682E-22  2.423705E-21
    358  1.645369737572E-01  1.000000E-30  1.000000E-30  1.000000E-30  1.000000E-30  1.243891E-28  2.299877E-26  2.036309E-22  1.486350E-21
    359  1.651200899964E-01  1.000000E-30  1.000000E-30  1.000000E-30  1.000000E-30  8.880097E-29  1.805145E-26  1.409051E-22  1.119268E-21
    360  1.656939516385E-01  1.000000E-30  1.000000E-30  1.000000E-30  1.000000E-30  6.383672E-29  1.444976E-26  9.670901E-23  8.349173E-22
    361  1.664404283242E-01  1.000000E-30  1.000000E-30  1.000000E-30  1.000000E-30  4.160981E-29  1.100478E-26  5.835710E-23  5.616420E-22
    362  1.671401020014E-01  1.000000E-30  1.000000E-30  1.000000E-30  1.000000E-30  2.821420E-29  8.591712E-27  3.581405E-23  3.817843E-22
    363  1.682228463170E-01  1.000000E-30  1.000000E-30  1.000000E-30  1.000000E-30  1.393728E-29  5.828532E-27  1.647053E-23  2.054739E-22
    364  1.688914277275E-01  1.000000E-30  1.000000E-30  1.000000E-30  1.000000E-30  9.894626E-30  4.543545E-27  1.013676E-23  1.395968E-22
    365  1.695862681704E-01  1.000000E-30  1.000000E-30  1.000000E-30  1.000000E-30  6.000900E-30  3.457029E-27  6.137513E-24  9.353090E-23
    366  1.708796298676E-01  1.000000E-30  1.000000E-30  1.000000E-30  1.000000E-30  1.000000E-30  1.991870E-27  2.535571E-24  4.641898E-23
    367  1.720689125062E-01  1.000000E-30  1.000000E-30  1.000000E-30  1.000000E-30  1.000000E-30  1.132046E-27  1.204450E-24  2.635021E-23
    368  1.730357271347E-01  1.000000E-30  1.000000E-30  1.000000E-30  1.000000E-30  1.000000E-30  6.843794E-28  7.037138E-25  1.781373E-23
    369  1.739185931198E-01  1.000000E-30  1.000000E-30  1.000000E-30  1.000000E-30  1.000000E-30  4.163051E-28  4.452091E-25  1.293778E-23
    370  1.748109107026E-01  1.000000E-30  1.000000E-30  1.000000E-30  1.000000E-30  1.000000E-30  2.431874E-28  2.848508E-25  9.543214E-24
    371  1.757092013639E-01  1.000000E-30  1.000000E-30  1.000000E-30  1.000000E-30  1.000000E-30  1.361530E-28  1.806870E-25  7.007659E-24
    372  1.765567714958E-01  1.000000E-30  1.000000E-30  1.000000E-30  1.000000E-30  1.000000E-30  7.632038E-29  1.158027E-25  5.164784E-24
    373  1.775373762473E-01  1.000000E-30  1.000000E-30  1.000000E-30  1.000000E-30  1.000000E-30  3.729460E-29  6.695156E-26  3.516832E-24
    374  1.784803688374E-01  1.000000E-30  1.000000E-30  1.000000E-30  1.000000E-30  1.000000E-30  1.810587E-29  3.810702E-26  2.344182E-24
    375  1.795112536071E-01  1.000000E-30  1.000000E-30  1.000000E-30  1.000000E-30  1.000000E-30  7.740034E-30  1.958825E-26  1.432494E-24
    376  1.804824008025E-01  1.000000E-30  1.000000E-30  1.000000E-30  1.000000E-30  1.000000E-30  3.345579E-30  1.000863E-26  8.598519E-25
    377  1.815169070317E-01  1.000000E-30  1.000000E-30  1.000000E-30  1.000000E-30  1.000000E-30  1.117808E-30  4.658235E-27  4.729793E-25
    378  1.825428215499E-01  1.000000E-30  1.000000E-30  1.000000E-30  1.000000E-30  1.000000E-30  1.000000E-30  2.095799E-27  2.485385E-25
    379  1.841355644659E-01  1.000000E-30  1.000000E-30  1.000000E-30  1.000000E-30  1.000000E-30  1.000000E-30  5.865206E-28  8.382635E-26
    380  1.856860183354E-01  1.000000E-30  1.000000E-30  1.000000E-30  1.000000E-30  1.000000E-30  1.000000E-30  1.643014E-28  2.701089E-26
    381  1.870847965371E-01  1.000000E-30  1.000000E-30  1.000000E-30  1.000000E-30  1.000000E-30  1.000000E-30  6.161768E-29  1.013171E-26
    382  1.883699545972E-01  1.000000E-30  1.000000E-30  1.000000E-30  1.000000E-30  1.000000E-30  1.000000E-30  2.682142E-29  4.465966E-27
    383  1.895671856375E-01  1.000000E-30  1.000000E-30  1.000000E-30  1.000000E-30  1.000000E-30  1.000000E-30  1.200846E-29  2.379616E-27
    384  1.907324824205E-01  1.000000E-30  1.000000E-30  1.000000E-30  1.000000E-30  1.000000E-30  1.000000E-30  4.520526E-30  1.384455E-27
    385  1.917913284253E-01  1.000000E-30  1.000000E-30  1.000000E-30  1.000000E-30  1.000000E-30  1.000000E-30  1.158494E-30  8.699100E-28
    386  1.928179034582E-01  1.000000E-30  1.000000E-30  1.000000E-30  1.000000E-30  1.000000E-30  1.000000E-30  1.000000E-30  5.485209E-28
    387  1.939781308337E-01  1.000000E-30  1.000000E-30  1.000000E-30  1.000000E-30  1.000000E-30  1.000000E-30  1.000000E-30  3.158941E-28
    388  1.950365569225E-01  1.000000E-30  1.000000E-30  1.000000E-30  1.000000E-30  1.000000E-30  1.000000E-30  1.000000E-30  1.834980E-28
    389  1.963061656501E-01  1.000000E-30  1.000000E-30  1.000000E-30  1.000000E-30  1.000000E-30  1.000000E-30  1.000000E-30  9.029375E-29
    390  1.975160386553E-01  1.000000E-30  1.000000E-30  1.000000E-30  1.000000E-30  1.000000E-30  1.000000E-30  1.000000E-30  4.342522E-29
    391  1.988970783448E-01  1.000000E-30  1.000000E-30  1.000000E-30  1.000000E-30  1.000000E-30  1.000000E-30  1.000000E-30  1.734228E-29
    392  2.001908516564E-01  1.000000E-30  1.000000E-30  1.000000E-30  1.000000E-30  1.000000E-30  1.000000E-30  1.000000E-30  6.849827E-30
    393  2.023233395230E-01  1.000000E-30  1.000000E-30  1.000000E-30  1.000000E-30  1.000000E-30  1.000000E-30  1.000000E-30  1.000000E-30
    394  2.035207364909E-01  1.000000E-30  1.000000E-30  1.000000E-30  1.000000E-30  1.000000E-30  1.000000E-30  1.000000E-30  1.000000E-30
    395  2.047171141817E-01  1.000000E-30  1.000000E-30  1.000000E-30  1.000000E-30  1.000000E-30  1.000000E-30  1.000000E-30  1.000000E-30
    396  2.061861175315E-01  1.000000E-30  1.000000E-30  1.000000E-30  1.000000E-30  1.000000E-30  1.000000E-30  1.000000E-30  1.000000E-30
    397  2.075162532616E-01  1.000000E-30  1.000000E-30  1.000000E-30  1.000000E-30  1.000000E-30  1.000000E-30  1.000000E-30  1.000000E-30
    398  2.088103947538E-01  1.000000E-30  1.000000E-30  1.000000E-30  1.000000E-30  1.000000E-30  1.000000E-30  1.000000E-30  1.000000E-30
    399  2.102374295066E-01  1.000000E-30  1.000000E-30  1.000000E-30  1.000000E-30  1.000000E-30  1.000000E-30  1.000000E-30  1.000000E-30
    400  2.116254943500E-01  1.000000E-30  1.000000E-30  1.000000E-30  1.000000E-30  1.000000E-30  1.000000E-30  1.000000E-30  1.000000E-30
    401  2.137594200207E-01  1.000000E-30  1.000000E-30  1.000000E-30  1.000000E-30  1.000000E-30  1.000000E-30  1.000000E-30  1.000000E-30
    402  2.149968302441E-01  1.000000E-30  1.000000E-30  1.000000E-30  1.000000E-30  1.000000E-30  1.000000E-30  1.000000E-30  1.000000E-30
    403  2.163578604848E-01  1.000000E-30  1.000000E-30  1.000000E-30  1.000000E-30  1.000000E-30  1.000000E-30  1.000000E-30  1.000000E-30
    404  2.188327022992E-01  1.000000E-30  1.000000E-30  1.000000E-30  1.000000E-30  1.000000E-30  1.000000E-30  1.000000E-30  1.000000E-30
    405  2.210861741802E-01  1.000000E-30  1.000000E-30  1.000000E-30  1.000000E-30  1.000000E-30  1.000000E-30  1.000000E-30  1.000000E-30
    406  2.231360986547E-01  1.000000E-30  1.000000E-30  1.000000E-30  1.000000E-30  1.000000E-30  1.000000E-30  1.000000E-30  1.000000E-30
    407  2.249661932162E-01  1.000000E-30  1.000000E-30  1.000000E-30  1.000000E-30  1.000000E-30  1.000000E-30  1.000000E-30  1.000000E-30
    408  2.266023391923E-01  1.000000E-30  1.000000E-30  1.000000E-30  1.000000E-30  1.000000E-30  1.000000E-30  1.000000E-30  1.000000E-30
    409  2.291569547831E-01  1.000000E-30  1.000000E-30  1.000000E-30  1.000000E-30  1.000000E-30  1.000000E-30  1.066252E-30  1.000000E-30
    410  2.305971902523E-01  1.000000E-30  1.000000E-30  1.000000E-30  1.000000E-30  1.000000E-30  1.000000E-30  1.000000E-30  1.000000E-30
    411  2.319348711247E-01  1.000000E-30  1.000000E-30  1.000000E-30  1.000000E-30  1.000000E-30  1.000000E-30  1.000000E-30  1.000000E-30
    412  2.335360820165E-01  1.000000E-30  1.000000E-30  1.000000E-30  1.000000E-30  1.000000E-30  1.000000E-30  1.222255E-30  1.000000E-30
    413  2.351317971316E-01  1.000000E-30  1.000000E-30  1.000000E-30  1.000000E-30  1.000000E-30  1.000000E-30  1.373179E-30  1.000000E-30
    414  2.376293164755E-01  1.000000E-30  1.000000E-30  1.000000E-30  1.000000E-30  1.000000E-30  1.000000E-30  2.335233E-30  1.000000E-30
    415  2.399259738388E-01  1.000000E-30  1.000000E-30  1.000000E-30  1.000000E-30  1.000000E-30  1.000000E-30  2.552829E-30  1.000000E-30
    416  2.420046682363E-01  1.000000E-30  1.000000E-30  1.000000E-30  1.000000E-30  1.000000E-30  1.000000E-30  2.299765E-30  1.000000E-30
    417  2.451201276448E-01  1.000000E-30  1.000000E-30  1.166200E-30  1.000000E-30  1.466490E-30  1.000000E-30  4.254137E-30  1.270160E-30
    418  2.467564269033E-01  1.000000E-30  1.000000E-30  1.000000E-30  1.000000E-30  1.000000E-30  1.000000E-30  2.405474E-30  1.000000E-30
    419  2.483354027874E-01  1.000000E-30  1.000000E-30  1.000000E-30  1.000000E-30  1.000000E-30  1.000000E-30  2.783769E-30  1.000000E-30
    420  2.499258654919E-01  1.000000E-30  1.000000E-30  1.000000E-30  1.000000E-30  1.037046E-30  1.000000E-30  2.684170E-30  1.000000E-30
    421  2.515152656983E-01  1.000000E-30  1.000000E-30  1.000000E-30  1.000000E-30  1.000000E-30  1.000000E-30  2.418116E-30  1.000000E-30
    422  2.542060864984E-01  1.000000E-30  1.000000E-30  1.408488E-30  1.000000E-30  1.798804E-30  1.000000E-30  4.784351E-30  1.465855E-30
    423  2.556901221114E-01  1.000000E-30  1.000000E-30  1.000000E-30  1.000000E-30  1.174708E-30  1.000000E-30  3.260117E-30  1.000000E-30
    424  2.570805114381E-01  1.000000E-30  1.000000E-30  1.000000E-30  1.000000E-30  1.000000E-30  1.000000E-30  2.336243E-30  1.000000E-30
    425  2.598984391343E-01  1.000000E-30  1.000000E-30  1.513747E-30  1.000000E-30  1.943211E-30  1.000000E-30  5.145324E-30  1.527304E-30
    426  2.622653138568E-01  1.000000E-30  1.000000E-30  1.396979E-30  1.000000E-30  1.804638E-30  1.000000E-30  4.710492E-30  1.400385E-30
    427  2.644885215151E-01  1.000000E-30  1.000000E-30  1.393308E-30  1.000000E-30  1.808577E-30  1.000000E-30  4.762717E-30  1.387931E-30
    428  2.667229470066E-01  1.000000E-30  1.000000E-30  1.452718E-30  1.000000E-30  1.893184E-30  1.000000E-30  4.922723E-30  1.436739E-30
    429  2.687894382327E-01  1.000000E-30  1.000000E-30  1.310292E-30  1.000000E-30  1.711159E-30  1.000000E-30  4.734364E-30  1.292602E-30
    430  2.709436570286E-01  1.000000E-30  1.000000E-30  1.396635E-30  1.000000E-30  1.830682E-30  1.000000E-30  4.451721E-30  1.370539E-30
    431  2.728595154549E-01  1.000000E-30  1.000000E-30  1.308681E-30  1.000000E-30  1.724228E-30  1.000000E-30  4.497512E-30  1.290886E-30
    432  2.763050324764E-01  1.005590E-30  1.000000E-30  2.385686E-30  1.000000E-30  3.171800E-30  1.000000E-30  8.217345E-30  2.227145E-30
    433  2.797281875476E-01  1.053372E-30  1.000000E-30  2.443085E-30  1.000000E-30  3.676468E-30  1.013618E-30  8.515109E-30  2.974063E-30
    434  2.831107064370E-01  1.098170E-30  1.000000E-30  3.211625E-30  1.000000E-30  3.825323E-30  1.032838E-30  8.772726E-30  2.311954E-30
    435  2.863632962154E-01  1.125340E-30  1.000000E-30  3.232420E-30  1.000000E-30  3.817587E-30  1.035174E-30  8.959819E-30  2.932458E-30
    436  2.894106333807E-01  1.017102E-30  1.000000E-30  2.640833E-30  1.000000E-30  4.099676E-30  1.000000E-30  8.805662E-30  2.692896E-30
    437  2.941185503109E-01  1.553930E-30  1.000000E-30  3.876461E-30  1.000000E-30  6.404582E-30  1.358479E-30  1.594210E-29  3.748123E-30
    438  2.983685787405E-01  1.539926E-30  1.000000E-30  3.784427E-30  1.000000E-30  4.902806E-30  1.304655E-30  1.401314E-29  4.728135E-30
    439  3.021949729112E-01  1.528929E-30  1.000000E-30  3.920849E-30  1.000000E-30  5.183959E-30  1.259692E-30  1.454348E-29  4.689194E-30
    440  3.059150641439E-01  1.587517E-30  1.000000E-30  3.994332E-30  1.000000E-30  5.742464E-30  1.274196E-30  1.536145E-29  5.400065E-30
    441  3.094680949786E-01  1.637418E-30  1.000000E-30  3.979185E-30  1.000000E-30  6.069016E-30  1.281855E-30  1.586934E-29  6.417662E-30
    442  3.127856926026E-01  1.437039E-30  1.000000E-30  3.668053E-30  1.000000E-30  5.251598E-30  1.091075E-30  1.024567E-29  7.793147E-30
    443  3.178598433803E-01  2.938887E-30  1.000000E-30  5.441599E-30  1.000000E-30  8.154779E-30  1.611673E-30  1.687066E-29  1.219190E-29
    444  3.224504526026E-01  3.027473E-30  1.000000E-30  4.647026E-30  1.000000E-30  8.270614E-30  1.578552E-30  1.934056E-29  1.777463E-29
    445  3.266870398371E-01  3.092395E-30  1.000000E-30  4.926685E-30  1.000000E-30  8.605180E-30  1.577358E-30  1.971720E-29  2.602845E-29
    446  3.305577136787E-01  1.977299E-30  1.000000E-30  4.512643E-30  1.000000E-30  7.990227E-30  1.332279E-30  1.654933E-29  3.707208E-29
    447  3.362681054783E-01  3.989296E-30  1.000000E-30  6.719015E-30  1.000000E-30  1.097412E-29  1.929079E-30  2.309408E-29  6.610780E-29
    448  3.414589872690E-01  3.311324E-30  1.000000E-30  6.940942E-30  1.000000E-30  1.039762E-29  1.932365E-30  2.595646E-29  1.155243E-28
    449  3.462773530350E-01  3.796243E-30  1.000000E-30  7.265669E-30  1.000000E-30  1.212301E-29  1.974835E-30  3.278304E-29  1.960768E-28
    450  3.508856189623E-01  3.533769E-30  1.000000E-30  7.983620E-30  1.000000E-30  1.323568E-29  2.054766E-30  3.357850E-29  3.281280E-28
    451  3.552628710565E-01  4.908208E-30  1.000000E-30  8.708386E-30  1.000000E-30  1.478926E-29  2.151619E-30  4.330154E-29  5.391497E-28
    452  3.595141079779E-01  5.055624E-30  1.000000E-30  9.104653E-30  1.000000E-30  1.608582E-29  2.281505E-30  5.188401E-29  8.792864E-28
    453  3.636744849418E-01  4.302317E-30  1.000000E-30  9.061654E-30  1.000000E-30  1.734813E-29  2.997023E-30  7.482866E-29  1.427546E-27
    454  3.676260234901E-01  5.291716E-30  1.000000E-30  8.870280E-30  1.000000E-30  1.821405E-29  3.107843E-30  1.157554E-28  2.274577E-27
    455  3.714655117309E-01  5.265522E-30  1.000000E-30  9.798633E-30  1.000000E-30  1.858486E-29  3.404781E-30  1.837254E-28  3.595118E-27
    456  3.752653942304E-01  4.218887E-30  1.000000E-30  8.689634E-30  1.000000E-30  1.302718E-29  2.522952E-30  2.921806E-28  5.682179E-27
    457  3.809506426681E-01  6.778579E-30  1.088739E-30  1.452440E-29  1.000000E-30  2.090996E-29  3.665706E-30  6.733616E-28  1.138608E-26
    458  3.865190953769E-01  7.954567E-30  1.176801E-30  1.508417E-29  1.000000E-30  2.310830E-29  5.059773E-30  1.605474E-27  2.275887E-26
    459  3.928522091207E-01  9.236119E-30  1.307995E-30  1.773190E-29  1.000000E-30  3.096008E-29  9.102833E-30  4.383765E-27  5.076843E-26
    460  3.991093841216E-01  8.961595E-30  1.433825E-30  1.878177E-29  1.006108E-30  3.424376E-29  1.494717E-29  1.198739E-26  1.140188E-25
    461  4.054183851758E-01  7.654316E-30  1.268727E-30  1.306298E-29  1.000000E-30  4.023043E-29  3.758685E-29  3.314799E-26  2.622270E-25
    462  4.147392755742E-01  1.537888E-29  1.889831E-30  1.873917E-29  1.377930E-30  1.087703E-28  1.606345E-28  1.495069E-25  9.297904E-25
    463  4.232199499949E-01  1.771121E-29  2.121098E-30  2.033246E-29  1.576085E-30  2.655976E-28  6.361695E-28  5.880094E-25  3.043450E-24
    464  4.316976825025E-01  1.172507E-29  1.977751E-30  2.552548E-29  1.530642E-30  1.012033E-27  2.639934E-27  2.309803E-24  1.031429E-23
    465  4.393401554526E-01  1.691483E-29  3.758716E-30  3.122934E-29  2.218874E-30  3.431357E-27  9.765028E-27  7.923702E-24  3.202283E-23
    466  4.465935084243E-01  1.757963E-29  2.864472E-30  2.836434E-29  2.002004E-30  1.102920E-26  3.427642E-26  2.546869E-23  9.620893E-23
    467  4.537106765818E-01  1.861259E-29  3.547307E-30  2.605444E-29  2.946048E-30  3.485814E-26  1.196294E-25  7.994100E-23  2.904977E-22
    468  4.602314649238E-01  1.851277E-29  3.201523E-30  2.753248E-29  2.530843E-30  1.001193E-25  3.810971E-25  2.274693E-22  8.157773E-22
    469  4.709552966107E-01  3.078744E-29  6.140466E-30  5.628782E-29  7.886465E-30  5.665979E-25  2.629765E-24  1.262608E-21  4.632177E-21
    470  4.769745726746E-01  2.219498E-29  5.521338E-30  3.894086E-29  1.261291E-29  1.496819E-24  7.914950E-24  3.293073E-21  1.254267E-20
    471  4.828178172001E-01  2.341541E-29  5.988806E-30  4.465821E-29  3.667991E-29  3.836827E-24  2.326716E-23  8.326906E-21  3.337554E-20
    472  4.927188450138E-01  3.693108E-29  8.840513E-30  7.358283E-29  3.402149E-28  1.880694E-23  1.473555E-22  3.982263E-20  1.795865E-19
    473  5.000000000000E-01  2.672238E-29  8.071217E-30  9.359210E-29  1.857655E-27  6.023105E-23  5.825322E-22  1.250875E-19  6.302985E-19
