 *                                      
 * expansion:  temp0=  1.000E+10 den0=  3.000E+06 temp_stop=  1.000E+07
 *          time                tc117         tc118         tc119         tc120         tc121         tc122         tc123         tc124
      1  0.000000000000E+00  1.000000E-30  1.000000E-30  1.000000E-30  1.000000E-30  1.000000E-30  1.000000E-30  1.000000E-30  1.000000E-30
      2  1.000000000000E-16  1.000000E-30  1.000716E-30  1.000000E-30  1.001085E-30  1.000000E-30  1.002094E-30  1.001284E-30  1.000000E-30
      3  6.264265632874E-16  1.000000E-30  1.004441E-30  1.000000E-30  1.006734E-30  1.000000E-30  1.013121E-30  1.007936E-30  1.000000E-30
      4  2.206990590178E-15  1.000000E-30  1.015198E-30  1.000000E-30  1.023062E-30  1.000000E-30  1.046219E-30  1.026877E-30  1.000000E-30
      5  6.425069294186E-15  1.000000E-30  1.041002E-30  1.000000E-30  1.062342E-30  1.000000E-30  1.133763E-30  1.070614E-30  1.000000E-30
      6  1.724777641531E-14  1.000000E-30  1.091381E-30  1.000000E-30  1.139587E-30  1.000000E-30  1.344387E-30  1.148195E-30  1.000000E-30
      7  4.527785414179E-14  1.000000E-30  1.158266E-30  1.006336E-30  1.249017E-30  1.031674E-30  1.743118E-30  1.229047E-30  1.000000E-30
      8  1.231582592127E-13  1.083733E-30  1.367818E-30  1.238748E-30  1.596442E-30  1.311677E-30  2.095653E-30  1.254649E-30  1.000000E-30
      9  4.001734798240E-13  1.496539E-30  1.798797E-30  1.519038E-30  1.822083E-30  1.398660E-30  2.140007E-30  1.254507E-30  1.000000E-30
     10  1.150918682670E-12  1.558596E-30  1.846385E-30  1.552152E-30  1.853253E-30  1.414980E-30  2.160841E-30  1.273313E-30  1.010150E-30
     11  2.802808442389E-12  1.486230E-30  1.755692E-30  1.474770E-30  1.759728E-30  1.335811E-30  2.067655E-30  1.237955E-30  1.000000E-30
     12  6.912921996243E-12  1.552925E-30  1.821307E-30  1.493330E-30  1.732002E-30  1.314874E-30  2.002070E-30  1.210997E-30  1.000000E-30
     13  1.659368270033E-11  1.171200E-30  1.307634E-30  1.037663E-30  1.134857E-30  1.000000E-30  1.039447E-30  1.000000E-30  1.000000E-30
     14  1.134012897413E-10  1.000000E-30  1.000000E-30  1.000000E-30  1.000000E-30  1.000000E-30  1.000000E-30  1.000000E-30  1.000000E-30
     15  1.081477360150E-09  1.000000E-30  1.000000E-30  1.000000E-30  1.000000E-30  1.000000E-30  1.000000E-30  1.000000E-30  1.000000E-30
     16  1.076223806424E-08  1.000000E-30  1.000000E-30  1.000000E-30  1.000000E-30  1.000000E-30  1.000000E-30  1.000000E-30  1.000000E-30
     17  6.834096797002E-08  1.000000E-30  1.000000E-30  1.000000E-30  1.000000E-30  1.000000E-30  1.000000E-30  1.000000E-30  1.000000E-30
     18  2.542122411654E-07  1.000000E-30  1.000000E-30  1.000000E-30  1.000000E-30  1.000000E-30  1.000000E-30  1.000000E-30  1.000000E-30
     19  7.007518887657E-07  1.000000E-30  1.000000E-30  1.000000E-30  1.000000E-30  1.000000E-30  1.000000E-30  1.000000E-30  1.000000E-30
     20  1.724661805125E-06  1.000000E-30  1.000000E-30  1.000000E-30  1.000000E-30  1.000000E-30  1.000000E-30  1.000000E-30  1.000000E-30
     21  4.267664185819E-06  1.000000E-30  1.000000E-30  1.000000E-30  1.000000E-30  1.000000E-30  1.000000E-30  1.000000E-30  1.000000E-30
     22  1.786211798807E-05  1.000000E-30  1.000000E-30  1.000000E-30  1.000000E-30  1.000000E-30  1.000000E-30  1.000000E-30  1.000000E-30
     23  6.929007850093E-05  1.000000E-30  1.000000E-30  1.000000E-30  1.000000E-30  1.000000E-30  1.000000E-30  1.000000E-30  1.000000E-30
     24  5.835696836295E-04  1.000000E-30  1.000000E-30  1.000000E-30  1.000000E-30  1.000000E-30  1.000000E-30  1.000000E-30  1.000000E-30
     25  1.496090518789E-03  1.000000E-30  1.000000E-30  1.000000E-30  1.000000E-30  1.000000E-30  1.000000E-30  1.000000E-30  1.000000E-30
     26  2.379765156362E-03  1.000000E-30  1.000000E-30  1.000000E-30  1.000000E-30  1.000000E-30  1.000000E-30  1.000000E-30  1.000000E-30
     27  3.772948503579E-03  1.000000E-30  1.000000E-30  1.000000E-30  1.000000E-30  1.000000E-30  1.000000E-30  1.000000E-30  1.000000E-30
     28  4.957278025650E-03  1.000000E-30  1.000000E-30  1.000000E-30  1.000000E-30  1.000000E-30  1.000000E-30  1.000000E-30  1.000000E-30
     29  5.758110286319E-03  1.000000E-30  1.000000E-30  1.000000E-30  1.000000E-30  1.000000E-30  1.000000E-30  1.000000E-30  1.000000E-30
     30  6.636115041812E-03  1.000000E-30  1.000000E-30  1.000000E-30  1.000000E-30  1.000000E-30  1.000000E-30  1.000000E-30  1.000000E-30
     31  7.490864585256E-03  1.000000E-30  1.000000E-30  1.000000E-30  1.000000E-30  1.000000E-30  1.000000E-30  1.000000E-30  1.000000E-30
     32  8.026631019591E-03  1.000000E-30  1.000000E-30  1.000000E-30  1.000000E-30  1.000000E-30  1.000000E-30  1.000000E-30  1.000000E-30
     33  8.451616658664E-03  1.000000E-30  1.000000E-30  1.000000E-30  1.000000E-30  1.000000E-30  1.000000E-30  1.000000E-30  1.000000E-30
     34  9.803471762980E-03  1.000000E-30  1.000000E-30  1.000000E-30  1.000000E-30  1.000000E-30  1.000000E-30  1.000000E-30  1.000000E-30
     35  1.116687552369E-02  1.000000E-30  1.000000E-30  1.000000E-30  1.000000E-30  1.000000E-30  1.000000E-30  1.000000E-30  1.000000E-30
     36  1.219012310682E-02  1.000000E-30  1.000000E-30  1.000000E-30  1.000000E-30  1.000000E-30  1.000000E-30  1.000000E-30  1.000000E-30
     37  1.314647137106E-02  1.000000E-30  1.000000E-30  1.000000E-30  1.000000E-30  1.000000E-30  1.000000E-30  1.000000E-30  1.000000E-30
     38  1.431720408173E-02  1.000000E-30  1.000000E-30  1.000000E-30  1.000000E-30  1.000000E-30  1.000000E-30  1.000000E-30  1.000000E-30
     39  1.545287753035E-02  1.000000E-30  1.000000E-30  1.000000E-30  1.000000E-30  1.000000E-30  1.000000E-30  1.000000E-30  1.000000E-30
     40  1.716820108076E-02  1.000000E-30  1.000000E-30  1.000000E-30  1.000000E-30  1.000000E-30  1.000000E-30  1.000000E-30  1.000000E-30
     41  1.871872199221E-02  1.000000E-30  1.000000E-30  1.000000E-30  1.000000E-30  1.000000E-30  1.000000E-30  1.000000E-30  1.000000E-30
     42  2.131412024987E-02  1.000000E-30  1.000000E-30  1.000000E-30  1.000000E-30  1.000000E-30  1.000000E-30  1.000000E-30  1.000000E-30
     43  2.288535686070E-02  1.000000E-30  1.000000E-30  1.000000E-30  1.000000E-30  1.000000E-30  1.000000E-30  1.000000E-30  1.000000E-30
     44  2.437102778700E-02  1.000000E-30  1.000000E-30  1.000000E-30  1.000000E-30  1.000000E-30  1.000000E-30  1.000000E-30  1.000000E-30
     45  2.666254430666E-02  1.000000E-30  1.000000E-30  1.000000E-30  1.000000E-30  1.000000E-30  1.000000E-30  1.000000E-30  1.000000E-30
     46  2.807329513827E-02  1.000000E-30  1.000000E-30  1.000000E-30  1.000000E-30  1.000000E-30  1.000000E-30  1.000000E-30  1.000000E-30
     47  2.946719119355E-02  1.000000E-30  1.000000E-30  1.000000E-30  1.000000E-30  1.000000E-30  1.000000E-30  1.000000E-30  1.000000E-30
     48  2.982466835475E-02  1.000000E-30  1.000000E-30  1.000000E-30  1.000000E-30  1.000000E-30  1.000000E-30  1.000000E-30  1.000000E-30
     49  3.017238950627E-02  1.000000E-30  1.000000E-30  1.000000E-30  1.000000E-30  1.000000E-30  1.000000E-30  1.000000E-30  1.000000E-30
     50  3.052509122072E-02  1.000000E-30  1.000000E-30  1.000000E-30  1.000000E-30  1.000000E-30  1.000000E-30  1.000000E-30  1.000000E-30
     51  3.066477686677E-02  1.000000E-30  1.000000E-30  1.000000E-30  1.000000E-30  1.000000E-30  1.000000E-30  1.000000E-30  1.000000E-30
     52  3.080037159611E-02  1.000000E-30  1.000000E-30  1.000000E-30  1.000000E-30  1.000000E-30  1.000000E-30  1.000000E-30  1.000000E-30
     53  3.111325257314E-02  1.000000E-30  1.000000E-30  1.000000E-30  1.000000E-30  1.000000E-30  1.000000E-30  1.000000E-30  1.000000E-30
     54  3.147800645819E-02  1.000000E-30  1.000000E-30  1.000000E-30  1.000000E-30  1.000000E-30  1.000000E-30  1.000000E-30  1.000000E-30
     55  3.181357346897E-02  1.000000E-30  1.000000E-30  1.000000E-30  1.000000E-30  1.000000E-30  1.000000E-30  1.000000E-30  1.000000E-30
     56  3.217197145871E-02  1.000000E-30  1.000000E-30  1.000000E-30  1.000000E-30  1.000000E-30  1.000000E-30  1.000000E-30  1.000000E-30
     57  3.249951277145E-02  1.000000E-30  1.000000E-30  1.000000E-30  1.000000E-30  1.000000E-30  1.000000E-30  1.000000E-30  1.000000E-30
     58  3.262595809504E-02  1.000000E-30  1.000000E-30  1.000000E-30  1.000000E-30  1.000000E-30  1.000000E-30  1.000000E-30  1.000000E-30
     59  3.272641576722E-02  1.000000E-30  1.000000E-30  1.000000E-30  1.000000E-30  1.000000E-30  1.000000E-30  1.000000E-30  1.000000E-30
     60  3.304841700500E-02  1.000000E-30  1.000000E-30  1.000000E-30  1.000000E-30  1.000000E-30  1.000000E-30  1.000000E-30  1.000000E-30
     61  3.362823507679E-02  1.000000E-30  1.000000E-30  1.000000E-30  1.000000E-30  1.000000E-30  1.000000E-30  1.000000E-30  1.000000E-30
     62  3.417743618412E-02  1.000000E-30  1.000000E-30  1.000000E-30  1.000000E-30  1.000000E-30  1.000000E-30  1.000000E-30  1.000000E-30
     63  3.448472684867E-02  1.000000E-30  1.000000E-30  1.000000E-30  1.000000E-30  1.000000E-30  1.000000E-30  1.000000E-30  1.000000E-30
     64  3.459225947862E-02  1.000000E-30  1.000000E-30  1.000000E-30  1.000000E-30  1.000000E-30  1.000000E-30  1.000000E-30  1.000000E-30
     65  3.468161085917E-02  1.000000E-30  1.000000E-30  1.000000E-30  1.000000E-30  1.000000E-30  1.000000E-30  1.000000E-30  1.000000E-30
     66  3.501586344154E-02  1.000000E-30  1.000000E-30  1.000000E-30  1.000000E-30  1.000000E-30  1.000000E-30  1.000000E-30  1.000000E-30
     67  3.563385967804E-02  1.000000E-30  1.000000E-30  1.000000E-30  1.000000E-30  1.000000E-30  1.000000E-30  1.000000E-30  1.000000E-30
     68  3.619390900501E-02  1.000000E-30  1.000000E-30  1.000000E-30  1.000000E-30  1.000000E-30  1.000000E-30  1.000000E-30  1.000000E-30
     69  3.661379630041E-02  1.000000E-30  1.000000E-30  1.000000E-30  1.000000E-30  1.000000E-30  1.000000E-30  1.000000E-30  1.000000E-30
     70  3.704099468238E-02  1.000000E-30  1.000000E-30  1.000000E-30  1.000000E-30  1.000000E-30  1.000000E-30  1.000000E-30  1.000000E-30
     71  3.731378163516E-02  1.000000E-30  1.000000E-30  1.000000E-30  1.000000E-30  1.000000E-30  1.000000E-30  1.000000E-30  1.000000E-30
     72  3.757630769329E-02  1.000000E-30  1.000000E-30  1.000000E-30  1.000000E-30  1.000000E-30  1.000000E-30  1.000000E-30  1.000000E-30
     73  3.788075418501E-02  1.000000E-30  1.000000E-30  1.000000E-30  1.000000E-30  1.000000E-30  1.000000E-30  1.000000E-30  1.000000E-30
     74  3.819794660071E-02  1.000000E-30  1.000000E-30  1.000000E-30  1.000000E-30  1.000000E-30  1.000000E-30  1.000000E-30  1.000000E-30
     75  3.838080203158E-02  1.000000E-30  1.000000E-30  1.000000E-30  1.000000E-30  1.000000E-30  1.000000E-30  1.000000E-30  1.000000E-30
     76  3.859219912978E-02  1.000000E-30  1.000000E-30  1.000000E-30  1.000000E-30  1.000000E-30  1.000000E-30  1.000000E-30  1.000000E-30
     77  3.884096228080E-02  1.000000E-30  1.000000E-30  1.000000E-30  1.000000E-30  1.000000E-30  1.000000E-30  1.000000E-30  1.000000E-30
     78  3.907668434759E-02  1.000000E-30  1.000000E-30  1.000000E-30  1.000000E-30  1.000000E-30  1.000000E-30  1.000000E-30  1.000000E-30
     79  3.934936577490E-02  1.000000E-30  1.000000E-30  1.000000E-30  1.000000E-30  1.000000E-30  1.000000E-30  1.000000E-30  1.000000E-30
     80  3.961640452516E-02  1.000000E-30  1.000000E-30  1.000000E-30  1.000000E-30  1.000000E-30  1.000000E-30  1.000000E-30  1.000000E-30
     81  3.991996766101E-02  1.000000E-30  1.000000E-30  1.000000E-30  1.000000E-30  1.000000E-30  1.000000E-30  1.000000E-30  1.000000E-30
     82  4.019473378510E-02  1.000000E-30  1.000000E-30  1.000000E-30  1.000000E-30  1.000000E-30  1.000000E-30  1.000000E-30  1.000000E-30
     83  4.046928694587E-02  1.000000E-30  1.000000E-30  1.000000E-30  1.000000E-30  1.000000E-30  1.000000E-30  1.000000E-30  1.000000E-30
     84  4.074955599116E-02  1.000000E-30  1.000000E-30  1.000000E-30  1.000000E-30  1.000000E-30  1.000000E-30  1.000000E-30  1.000000E-30
     85  4.099011663524E-02  1.000000E-30  1.000000E-30  1.000000E-30  1.000000E-30  1.000000E-30  1.000000E-30  1.000000E-30  1.000000E-30
     86  4.118445936105E-02  1.000000E-30  1.000000E-30  1.000000E-30  1.000000E-30  1.000000E-30  1.000000E-30  1.000000E-30  1.000000E-30
     87  4.137235583218E-02  1.000000E-30  1.000000E-30  1.000000E-30  1.000000E-30  1.000000E-30  1.000000E-30  1.000000E-30  1.000000E-30
     88  4.152714488067E-02  1.000000E-30  1.000000E-30  1.000000E-30  1.000000E-30  1.000000E-30  1.000000E-30  1.000000E-30  1.000000E-30
     89  4.165981986900E-02  1.000000E-30  1.000000E-30  1.000000E-30  1.000000E-30  1.000000E-30  1.000000E-30  1.000000E-30  1.000000E-30
     90  4.188596337322E-02  1.000000E-30  1.000000E-30  1.000000E-30  1.000000E-30  1.000000E-30  1.000000E-30  1.000000E-30  1.000000E-30
     91  4.208159634323E-02  1.000000E-30  1.000000E-30  1.000000E-30  1.000000E-30  1.000000E-30  1.000000E-30  1.000000E-30  1.000000E-30
     92  4.230932596557E-02  1.000000E-30  1.000000E-30  1.000000E-30  1.000000E-30  1.000000E-30  1.000000E-30  1.000000E-30  1.000000E-30
     93  4.251598135750E-02  1.000000E-30  1.000000E-30  1.000000E-30  1.000000E-30  1.000000E-30  1.000000E-30  1.000000E-30  1.000000E-30
     94  4.274368410830E-02  1.000000E-30  1.000000E-30  1.000000E-30  1.000000E-30  1.000000E-30  1.000000E-30  1.000000E-30  1.000000E-30
     95  4.294191711445E-02  1.000000E-30  1.000000E-30  1.000000E-30  1.000000E-30  1.000000E-30  1.000000E-30  1.000000E-30  1.000000E-30
     96  4.316569238790E-02  1.000000E-30  1.000000E-30  1.000000E-30  1.000000E-30  1.000000E-30  1.000000E-30  1.000000E-30  1.000000E-30
     97  4.339365876136E-02  1.000000E-30  1.000000E-30  1.000000E-30  1.000000E-30  1.000000E-30  1.000000E-30  1.000000E-30  1.000000E-30
     98  4.362382833621E-02  1.000000E-30  1.000000E-30  1.000000E-30  1.000000E-30  1.000000E-30  1.000000E-30  1.000000E-30  1.000000E-30
     99  4.384703699487E-02  1.000000E-30  1.000000E-30  1.000000E-30  1.000000E-30  1.000000E-30  1.000000E-30  1.000000E-30  1.000000E-30
    100  4.408801045744E-02  1.000000E-30  1.000000E-30  1.000000E-30  1.000000E-30  1.000000E-30  1.000000E-30  1.000000E-30  1.000000E-30
    101  4.430336182063E-02  1.000000E-30  1.000000E-30  1.000000E-30  1.000000E-30  1.000000E-30  1.000000E-30  1.000000E-30  1.000000E-30
    102  4.453208602613E-02  1.000000E-30  1.000000E-30  1.000000E-30  1.000000E-30  1.000000E-30  1.000000E-30  1.000000E-30  1.000000E-30
    103  4.474836808964E-02  1.000000E-30  1.000000E-30  1.000000E-30  1.000000E-30  1.000000E-30  1.000000E-30  1.000000E-30  1.000000E-30
    104  4.497736119052E-02  1.000000E-30  1.000000E-30  1.000000E-30  1.000000E-30  1.000000E-30  1.000000E-30  1.000000E-30  1.000000E-30
    105  4.517199675598E-02  1.000000E-30  1.000000E-30  1.000000E-30  1.000000E-30  1.000000E-30  1.000000E-30  1.000000E-30  1.000000E-30
    106  4.536038532241E-02  1.000000E-30  1.000000E-30  1.000000E-30  1.000000E-30  1.000000E-30  1.000000E-30  1.000000E-30  1.000000E-30
    107  4.552484255766E-02  1.000000E-30  1.000000E-30  1.000000E-30  1.000000E-30  1.000000E-30  1.000000E-30  1.000000E-30  1.000000E-30
    108  4.581275722245E-02  1.000000E-30  1.000000E-30  1.000000E-30  1.000000E-30  1.000000E-30  1.000000E-30  1.000000E-30  1.000000E-30
    109  4.603616864208E-02  1.000000E-30  1.000000E-30  1.000000E-30  1.000000E-30  1.000000E-30  1.000000E-30  1.000000E-30  1.000000E-30
    110  4.624194314299E-02  1.000000E-30  1.000000E-30  1.000000E-30  1.000000E-30  1.000000E-30  1.000000E-30  1.000000E-30  1.000000E-30
    111  4.641297951594E-02  1.000000E-30  1.000000E-30  1.000000E-30  1.000000E-30  1.000000E-30  1.000000E-30  1.000000E-30  1.000000E-30
    112  4.656990459822E-02  1.000000E-30  1.000000E-30  1.000000E-30  1.000000E-30  1.000000E-30  1.000000E-30  1.000000E-30  1.000000E-30
    113  4.671253119976E-02  1.000000E-30  1.000000E-30  1.000000E-30  1.000000E-30  1.000000E-30  1.000000E-30  1.000000E-30  1.000000E-30
    114  4.684580987606E-02  1.000000E-30  1.000000E-30  1.000000E-30  1.000000E-30  1.000000E-30  1.000000E-30  1.000000E-30  1.000000E-30
    115  4.697520204195E-02  1.000000E-30  1.000000E-30  1.000000E-30  1.000000E-30  1.000000E-30  1.000000E-30  1.000000E-30  1.000000E-30
    116  4.709649788536E-02  1.000000E-30  1.000000E-30  1.000000E-30  1.000000E-30  1.000000E-30  1.000000E-30  1.000000E-30  1.000000E-30
    117  4.721637454993E-02  1.000000E-30  1.000000E-30  1.000000E-30  1.000000E-30  1.000000E-30  1.000000E-30  1.000000E-30  1.000000E-30
    118  4.732862910872E-02  1.000000E-30  1.000000E-30  1.000000E-30  1.000000E-30  1.000000E-30  1.000000E-30  1.000000E-30  1.000000E-30
    119  4.750539400184E-02  1.000000E-30  1.000000E-30  1.000000E-30  1.000000E-30  1.000000E-30  1.000000E-30  1.000000E-30  1.000000E-30
    120  4.767210524850E-02  1.000000E-30  1.000000E-30  1.000000E-30  1.000000E-30  1.000000E-30  1.000000E-30  1.000000E-30  1.000000E-30
    121  4.783406579930E-02  1.000000E-30  1.000000E-30  1.000000E-30  1.000000E-30  1.000000E-30  1.000000E-30  1.000000E-30  1.000000E-30
    122  4.799263518131E-02  1.000000E-30  1.000000E-30  1.000000E-30  1.000000E-30  1.000000E-30  1.000000E-30  1.000000E-30  1.000000E-30
    123  4.815339657435E-02  1.000000E-30  1.000000E-30  1.000000E-30  1.000000E-30  1.000000E-30  1.000000E-30  1.000000E-30  1.000000E-30
    124  4.832264594384E-02  1.000000E-30  1.000000E-30  1.000000E-30  1.000000E-30  1.000000E-30  1.000000E-30  1.000000E-30  1.000000E-30
    125  4.849826454798E-02  1.000000E-30  1.000000E-30  1.000000E-30  1.000000E-30  1.000000E-30  1.000000E-30  1.000000E-30  1.000000E-30
    126  4.867786870736E-02  1.000000E-30  1.000000E-30  1.000000E-30  1.000000E-30  1.000000E-30  1.000000E-30  1.000000E-30  1.000000E-30
    127  4.885872256535E-02  1.000000E-30  1.000000E-30  1.000000E-30  1.000000E-30  1.000000E-30  1.000000E-30  1.000000E-30  1.000000E-30
    128  4.903755607841E-02  1.000000E-30  1.000000E-30  1.000000E-30  1.000000E-30  1.000000E-30  1.000000E-30  1.000000E-30  1.000000E-30
    129  4.921259737621E-02  1.000000E-30  1.000000E-30  1.000000E-30  1.000000E-30  1.000000E-30  1.000000E-30  1.000000E-30  1.000000E-30
    130  4.938368810460E-02  1.000000E-30  1.000000E-30  1.000000E-30  1.000000E-30  1.000000E-30  1.000000E-30  1.000000E-30  1.000000E-30
    131  4.955132280349E-02  1.000000E-30  1.000000E-30  1.000000E-30  1.000000E-30  1.000000E-30  1.000000E-30  1.000000E-30  1.000000E-30
    132  4.971624312404E-02  1.000000E-30  1.000000E-30  1.000000E-30  1.000000E-30  1.000000E-30  1.000000E-30  1.000000E-30  1.000000E-30
    133  4.987811857735E-02  1.000000E-30  1.000000E-30  1.000000E-30  1.000000E-30  1.000000E-30  1.000000E-30  1.000000E-30  1.000000E-30
    134  5.003799836445E-02  1.000000E-30  1.000000E-30  1.000000E-30  1.000000E-30  1.000000E-30  1.000000E-30  1.000000E-30  1.000000E-30
    135  5.019682549602E-02  1.000000E-30  1.000000E-30  1.000000E-30  1.000000E-30  1.000000E-30  1.000000E-30  1.000000E-30  1.000000E-30
    136  5.035511419132E-02  1.000000E-30  1.000000E-30  1.000000E-30  1.000000E-30  1.000000E-30  1.000000E-30  1.000000E-30  1.000000E-30
    137  5.051299755300E-02  1.000000E-30  1.000000E-30  1.000000E-30  1.000000E-30  1.000000E-30  1.000000E-30  1.000000E-30  1.000000E-30
    138  5.067010535678E-02  1.000000E-30  1.000000E-30  1.000000E-30  1.000000E-30  1.000000E-30  1.000000E-30  1.000000E-30  1.000000E-30
    139  5.082726902819E-02  1.000000E-30  1.000000E-30  1.000000E-30  1.000000E-30  1.000000E-30  1.000000E-30  1.000000E-30  1.000000E-30
    140  5.098506829486E-02  1.000000E-30  1.000000E-30  1.000000E-30  1.000000E-30  1.000000E-30  1.000000E-30  1.000000E-30  1.000000E-30
    141  5.114361869269E-02  1.000000E-30  1.000000E-30  1.000000E-30  1.000000E-30  1.000000E-30  1.000000E-30  1.000000E-30  1.000000E-30
    142  5.130328078870E-02  1.000000E-30  1.000000E-30  1.000000E-30  1.000000E-30  1.000000E-30  1.000000E-30  1.000000E-30  1.000000E-30
    143  5.146205644840E-02  1.000000E-30  1.000000E-30  1.000000E-30  1.000000E-30  1.000000E-30  1.000000E-30  1.000000E-30  1.000000E-30
    144  5.162089365231E-02  1.000000E-30  1.000000E-30  1.000000E-30  1.000000E-30  1.000000E-30  1.000000E-30  1.000000E-30  1.000000E-30
    145  5.177902725711E-02  1.000000E-30  1.000000E-30  1.000000E-30  1.000000E-30  1.000000E-30  1.000000E-30  1.000000E-30  1.000000E-30
    146  5.193558292952E-02  1.000000E-30  1.000000E-30  1.000000E-30  1.000000E-30  1.000000E-30  1.000000E-30  1.000000E-30  1.000000E-30
    147  5.207655208218E-02  1.000000E-30  1.000000E-30  1.000000E-30  1.000000E-30  1.000000E-30  1.000000E-30  1.000000E-30  1.000000E-30
    148  5.220437120847E-02  1.000000E-30  1.000000E-30  1.000000E-30  1.000000E-30  1.000000E-30  1.000000E-30  1.000000E-30  1.000000E-30
    149  5.240275279905E-02  1.000000E-30  1.000000E-30  1.000000E-30  1.000000E-30  1.000000E-30  1.000000E-30  1.000000E-30  1.000000E-30
    150  5.258707116153E-02  1.000000E-30  1.000000E-30  1.000000E-30  1.000000E-30  1.000000E-30  1.000000E-30  1.000000E-30  1.000000E-30
    151  5.276353482958E-02  1.000000E-30  1.000000E-30  1.000000E-30  1.000000E-30  1.000000E-30  1.000000E-30  1.000000E-30  1.000000E-30
    152  5.293536770993E-02  1.000000E-30  1.000000E-30  1.000000E-30  1.000000E-30  1.000000E-30  1.000000E-30  1.000000E-30  1.000000E-30
    153  5.310288915571E-02  1.000000E-30  1.000000E-30  1.000000E-30  1.000000E-30  1.000000E-30  1.000000E-30  1.000000E-30  1.000000E-30
    154  5.325369291828E-02  1.000000E-30  1.000000E-30  1.000000E-30  1.000000E-30  1.000000E-30  1.000000E-30  1.000000E-30  1.000000E-30
    155  5.339308966526E-02  1.000000E-30  1.000000E-30  1.000000E-30  1.000000E-30  1.000000E-30  1.000000E-30  1.000000E-30  1.000000E-30
    156  5.362726198018E-02  1.000000E-30  1.000000E-30  1.000000E-30  1.000000E-30  1.000000E-30  1.000000E-30  1.000000E-30  1.000000E-30
    157  5.383816121000E-02  1.000000E-30  1.000000E-30  1.000000E-30  1.000000E-30  1.000000E-30  1.000000E-30  1.000000E-30  1.000000E-30
    158  5.403768730975E-02  1.000000E-30  1.000000E-30  1.000000E-30  1.000000E-30  1.000000E-30  1.000000E-30  1.000000E-30  1.000000E-30
    159  5.422986619970E-02  1.000000E-30  1.000000E-30  1.000000E-30  1.000000E-30  1.000000E-30  1.000000E-30  1.000000E-30  1.000000E-30
    160  5.440569294967E-02  1.000000E-30  1.000000E-30  1.000000E-30  1.000000E-30  1.000000E-30  1.000000E-30  1.000000E-30  1.000000E-30
    161  5.456994612052E-02  1.000000E-30  1.000000E-30  1.000000E-30  1.000000E-30  1.000000E-30  1.000000E-30  1.000000E-30  1.000000E-30
    162  5.485681963417E-02  1.000000E-30  1.000000E-30  1.000000E-30  1.000000E-30  1.000000E-30  1.000000E-30  1.000000E-30  1.000000E-30
    163  5.511708850657E-02  1.000000E-30  1.000000E-30  1.000000E-30  1.000000E-30  1.000000E-30  1.000000E-30  1.000000E-30  1.000000E-30
    164  5.536560227933E-02  1.000000E-30  1.000000E-30  1.000000E-30  1.000000E-30  1.000000E-30  1.000000E-30  1.000000E-30  1.000000E-30
    165  5.559867087093E-02  1.000000E-30  1.000000E-30  1.000000E-30  1.000000E-30  1.000000E-30  1.000000E-30  1.000000E-30  1.000000E-30
    166  5.582344501454E-02  1.000000E-30  1.000000E-30  1.000000E-30  1.000000E-30  1.000000E-30  1.000000E-30  1.000000E-30  1.000000E-30
    167  5.608267729631E-02  1.000000E-30  1.000000E-30  1.000000E-30  1.000000E-30  1.000000E-30  1.000000E-30  1.000000E-30  1.000000E-30
    168  5.632179590432E-02  1.000000E-30  1.000000E-30  1.000000E-30  1.000000E-30  1.000000E-30  1.000000E-30  1.000000E-30  1.000000E-30
    169  5.658568452696E-02  1.563846E-30  1.000000E-30  1.000000E-30  1.000000E-30  1.000000E-30  1.000000E-30  1.000000E-30  1.000000E-30
    170  5.682194908758E-02  2.738899E-30  1.000000E-30  1.000000E-30  1.000000E-30  1.000000E-30  1.000000E-30  1.000000E-30  1.000000E-30
    171  5.707748662895E-02  4.982898E-30  1.000000E-30  1.000000E-30  1.000000E-30  1.000000E-30  1.000000E-30  1.000000E-30  1.000000E-30
    172  5.730159219632E-02  8.380851E-30  1.000000E-30  1.000000E-30  1.000000E-30  1.000000E-30  1.000000E-30  1.000000E-30  1.000000E-30
    173  5.769211250520E-02  2.051471E-29  1.000000E-30  1.000000E-30  1.000000E-30  1.000000E-30  1.000000E-30  1.000000E-30  1.000000E-30
    174  5.804755660481E-02  4.590820E-29  1.000000E-30  1.000000E-30  1.000000E-30  1.000000E-30  1.000000E-30  1.000000E-30  1.000000E-30
    175  5.837706807704E-02  9.622622E-29  1.000000E-30  1.000000E-30  1.000000E-30  1.000000E-30  1.000000E-30  1.000000E-30  1.000000E-30
    176  5.868213309337E-02  1.897733E-28  1.190862E-30  1.000000E-30  1.000000E-30  1.000000E-30  1.000000E-30  1.000000E-30  1.000000E-30
    177  5.897372529375E-02  3.615751E-28  2.316313E-30  1.000000E-30  1.000000E-30  1.000000E-30  1.000000E-30  1.000000E-30  1.000000E-30
    178  5.927019313219E-02  6.935896E-28  4.524030E-30  1.000000E-30  1.000000E-30  1.000000E-30  1.000000E-30  1.000000E-30  1.000000E-30
    179  5.955970264735E-02  1.305776E-27  8.668912E-30  1.000000E-30  1.000000E-30  1.000000E-30  1.000000E-30  1.000000E-30  1.000000E-30
    180  5.987296131417E-02  2.579799E-27  1.745829E-29  1.000000E-30  1.000000E-30  1.000000E-30  1.000000E-30  1.000000E-30  1.000000E-30
    181  6.018239261751E-02  5.040945E-27  3.476824E-29  1.000000E-30  1.000000E-30  1.000000E-30  1.000000E-30  1.000000E-30  1.000000E-30
    182  6.051941164510E-02  1.042044E-26  7.337760E-29  1.215086E-30  1.000000E-30  1.000000E-30  1.000000E-30  1.000000E-30  1.000000E-30
    183  6.081686890997E-02  1.973837E-26  1.415699E-28  2.420424E-30  1.000000E-30  1.000000E-30  1.000000E-30  1.000000E-30  1.000000E-30
    184  6.107970107709E-02  3.464522E-26  2.525614E-28  4.420566E-30  1.000000E-30  1.000000E-30  1.000000E-30  1.000000E-30  1.000000E-30
    185  6.149099227918E-02  8.332792E-26  6.231610E-28  1.131810E-29  1.000000E-30  1.000000E-30  1.000000E-30  1.000000E-30  1.000000E-30
    186  6.184187848266E-02  1.757370E-25  1.343291E-27  2.518402E-29  1.000000E-30  1.000000E-30  1.000000E-30  1.000000E-30  1.000000E-30
    187  6.212841772032E-02  3.226664E-25  2.510902E-27  4.831401E-29  1.000000E-30  1.000000E-30  1.000000E-30  1.000000E-30  1.000000E-30
    188  6.241083345826E-02  5.866976E-25  4.646999E-27  9.174672E-29  1.000000E-30  1.000000E-30  1.000000E-30  1.000000E-30  1.000000E-30
    189  6.286334795077E-02  1.526035E-24  1.243579E-26  2.559074E-28  1.148053E-30  1.000000E-30  1.000000E-30  1.000000E-30  1.000000E-30
    190  6.324448148531E-02  3.407608E-24  2.844534E-26  6.062793E-28  2.791975E-30  1.000000E-30  1.000000E-30  1.000000E-30  1.000000E-30
    191  6.354755735680E-02  6.444408E-24  5.483635E-26  1.201960E-27  5.634899E-30  1.000000E-30  1.000000E-30  1.000000E-30  1.000000E-30
    192  6.382753282149E-02  1.160298E-23  1.005020E-25  2.260920E-27  1.077684E-29  1.000000E-30  1.000000E-30  1.000000E-30  1.000000E-30
    193  6.429792763326E-02  3.109469E-23  2.775182E-25  6.522881E-27  3.197344E-29  1.000000E-30  1.000000E-30  1.000000E-30  1.000000E-30
    194  6.470641913937E-02  7.311342E-23  6.698150E-25  1.635886E-26  8.216920E-29  1.032027E-30  1.000000E-30  1.000000E-30  1.000000E-30
    195  6.514351188605E-02  1.821958E-22  1.716691E-24  4.369234E-26  2.252993E-28  2.942559E-30  1.000000E-30  1.000000E-30  1.000000E-30
    196  6.551961572666E-02  3.992344E-22  3.854098E-24  1.016577E-25  5.362259E-28  7.237267E-30  1.000000E-30  1.000000E-30  1.000000E-30
    197  6.614173306661E-02  1.457093E-21  1.464612E-23  4.100017E-25  2.245931E-27  3.201863E-29  1.000000E-30  1.000000E-30  1.000000E-30
    198  6.666431851744E-02  4.309478E-21  4.481586E-23  1.319155E-24  7.459687E-27  1.113733E-28  1.000000E-30  1.000000E-30  1.000000E-30
    199  6.714973898932E-02  1.177223E-20  1.263788E-22  3.898945E-24  2.271358E-26  3.540864E-28  1.000000E-30  1.000000E-30  1.000000E-30
    200  6.763365269933E-02  3.197186E-20  3.543359E-22  1.145943E-23  6.877682E-26  1.119671E-27  2.505292E-30  1.000000E-30  1.000000E-30
    201  6.810748363549E-02  8.480531E-20  9.697907E-22  3.285466E-23  2.030530E-25  3.449841E-27  7.934665E-30  1.000000E-30  1.000000E-30
    202  6.886988901479E-02  4.047701E-19  4.869259E-21  1.778380E-22  1.152404E-24  2.097791E-26  5.022834E-29  1.000000E-30  1.000000E-30
    203  6.932442343830E-02  1.023592E-18  1.269505E-20  4.852097E-22  3.235487E-24  6.141234E-26  1.506682E-28  2.794933E-30  1.000000E-30
    204  6.977291475786E-02  2.547175E-18  3.255885E-20  1.301597E-21  8.928082E-24  1.766052E-25  4.438191E-28  8.576233E-30  1.000000E-30
    205  7.051837306122E-02  1.148592E-17  1.544062E-19  6.654252E-21  4.784836E-23  1.014049E-24  2.652613E-27  5.433760E-29  1.000000E-30
    206  7.120724846930E-02  4.566810E-17  6.434553E-19  2.974662E-20  2.235242E-22  5.052538E-24  1.372107E-26  2.968299E-28  3.016275E-30
    207  7.185571854523E-02  1.654477E-16  2.437292E-18  1.204389E-19  9.435827E-22  2.267422E-23  6.380168E-26  1.453510E-27  1.540905E-29
    208  7.250556240022E-02  5.925339E-16  9.130245E-18  4.826146E-19  3.943857E-21  1.008182E-22  2.940520E-25  7.058658E-27  7.965767E-29
    209  7.308358088908E-02  1.816723E-15  2.914227E-17  1.636245E-18  1.388507E-20  3.751668E-22  1.129947E-24  2.842432E-26  3.393104E-28
    210  7.365083251161E-02  5.372603E-15  8.967262E-17  5.344187E-18  4.707049E-20  1.343345E-21  4.176265E-24  1.100241E-25  1.388280E-27
    211  7.420607479025E-02  1.525772E-14  2.648134E-16  1.673740E-17  1.529243E-19  4.606104E-21  1.477387E-23  4.073437E-25  5.428420E-27
    212  7.477269193766E-02  4.335477E-14  7.832725E-16  5.258849E-17  4.989140E-19  1.588335E-20  5.260496E-23  1.519815E-24  2.142222E-26
    213  7.532671922740E-02  1.176256E-13  2.210624E-15  1.575136E-16  1.550715E-18  5.213550E-20  1.782044E-22  5.390833E-24  8.029894E-26
    214  7.590819975934E-02  3.261624E-13  6.390576E-15  4.848819E-16  4.963955E-18  1.767885E-19  6.247506E-22  1.983972E-23  3.132654E-25
    215  7.648106882397E-02  8.636416E-13  1.763487E-14  1.424116E-15  1.515542E-17  5.715047E-19  2.087464E-21  6.956076E-23  1.163748E-24
    216  7.706864365518E-02  2.264663E-12  4.825518E-14  4.156072E-15  4.603341E-17  1.841449E-18  6.959288E-21  2.437232E-22  4.328309E-24
    217  7.765097184480E-02  5.675311E-12  1.261756E-13  1.158844E-14  1.335772E-16  5.667596E-18  2.216005E-20  8.155200E-22  1.537173E-23
    218  7.824188421090E-02  1.386629E-11  3.219409E-13  3.157532E-14  3.790874E-16  1.708241E-17  6.915231E-20  2.677150E-21  5.362938E-23
    219  7.883216312169E-02  3.252693E-11  7.888145E-13  8.264647E-14  1.033665E-15  4.948396E-17  2.074312E-19  8.449628E-21  1.799376E-22
    220  7.934760137230E-02  6.630491E-11  1.670633E-12  1.854935E-13  2.404788E-15  1.214069E-16  5.247528E-19  2.235221E-20  5.022582E-22
    221  7.991019390762E-02  1.394544E-10  3.664271E-12  4.336222E-13  5.847548E-15  3.129603E-16  1.398948E-18  6.258441E-20  1.491681E-21
    222  8.044081450283E-02  2.723379E-10  7.446223E-12  9.360895E-13  1.310402E-14  7.412514E-16  3.420754E-18  1.603183E-19  4.040871E-21
    223  8.103419684334E-02  5.552709E-10  1.587638E-11  2.136402E-12  3.118966E-14  1.877683E-15  8.981327E-18  4.435118E-19  1.190398E-20
    224  8.158988408622E-02  1.045584E-09  3.118117E-11  4.473835E-12  6.795021E-14  4.338188E-15  2.146322E-17  1.113445E-18  3.171126E-20
    225  8.219791245697E-02  2.012573E-09  6.286498E-11  9.679903E-12  1.535646E-13  1.045891E-14  5.370480E-17  2.941308E-18  8.941622E-20
    226  8.273529679330E-02  3.476171E-09  1.131467E-10  1.855168E-11  3.059192E-13  2.206808E-14  1.171209E-16  6.731184E-18  2.168420E-19
    227  8.327310875316E-02  5.832273E-09  1.978690E-10  3.456192E-11  5.925661E-13  4.529369E-14  2.485135E-16  1.499278E-17  5.120259E-19
    228  8.381967664174E-02  9.584790E-09  3.392511E-10  6.321831E-11  1.127914E-12  9.147268E-14  5.192481E-16  3.292000E-17  1.193454E-18
    229  8.442137901789E-02  1.603889E-08  5.949697E-10  1.191125E-10  2.221009E-12  1.923346E-13  1.133726E-15  7.593904E-17  2.941249E-18
    230  8.496109010092E-02  2.478782E-08  9.592977E-10  2.048995E-10  3.975815E-12  3.653080E-13  2.227843E-15  1.568153E-16  6.447400E-18
    231  8.556251684447E-02  3.918265E-08  1.590160E-09  3.652450E-10  7.410867E-12  7.277226E-13  4.610752E-15  3.431196E-16  1.508428E-17
    232  8.609514523980E-02  5.750014E-08  2.434463E-09  5.965847E-10  1.259640E-11  1.312402E-12  8.603071E-15  6.727676E-16  3.139472E-17
    233  8.668730402486E-02  8.617254E-08  3.825399E-09  1.007931E-09  2.225114E-11  2.477213E-12  1.686913E-14  1.394438E-15  6.956269E-17
    234  8.725638446658E-02  1.246302E-07  5.792057E-09  1.637036E-09  3.773115E-11  4.478975E-12  3.164634E-14  2.760291E-15  1.468932E-16
    235  8.784892152766E-02  1.796012E-07  8.757420E-09  2.664021E-09  6.423910E-11  8.156060E-12  5.989810E-14  5.526883E-15  3.147197E-16
    236  8.837914431516E-02  2.453863E-07  1.249387E-08  4.060860E-09  1.019873E-10  1.375696E-11  1.046103E-13  1.015408E-14  6.145352E-16
    237  8.927467123273E-02  4.039020E-07  2.213540E-08  8.053388E-09  2.167531E-10  3.241014E-11  2.614878E-13  2.766419E-14  1.857038E-15
    238  9.009385267910E-02  6.189125E-07  3.630485E-08  1.465899E-08  4.206052E-10  6.917653E-11  5.895620E-13  6.754632E-14  4.990611E-15
    239  9.088007009323E-02  9.104376E-07  5.703875E-08  2.547693E-08  7.777109E-10  1.402702E-10  1.260609E-12  1.560038E-13  1.264609E-14
    240  9.160938796651E-02  1.277005E-06  8.508468E-08  4.176786E-08  1.351090E-09  2.656545E-10  2.509016E-12  3.337195E-13  2.950262E-14
    241  9.231864750676E-02  1.743932E-06  1.234230E-07  6.646519E-08  2.275691E-09  4.869711E-10  4.828937E-12  6.893640E-13  6.635167E-14
    242  9.335415502949E-02  2.667183E-06  2.063235E-07  1.273515E-07  4.740945E-09  1.149111E-09  1.224224E-11  1.939361E-12  2.115811E-13
    243  9.429165011748E-02  3.798502E-06  3.187688E-07  2.229473E-07  8.961179E-09  2.434780E-09  2.770409E-11  4.828383E-12  5.908944E-13
    244  9.514750284226E-02  5.109838E-06  4.622625E-07  3.628174E-07  1.565205E-08  4.725035E-09  5.712810E-11  1.087119E-11  1.478510E-12
    245  9.592869681963E-02  6.547399E-06  6.347427E-07  5.539867E-07  2.550860E-08  8.484880E-09  1.084915E-10  2.238671E-11  3.355519E-12
    246  9.638259128200E-02  7.485466E-06  7.556676E-07  7.018201E-07  3.357194E-08  1.181971E-08  1.561696E-10  3.379127E-11  5.362219E-12
    247  9.686466198075E-02  8.556333E-06  9.019403E-07  8.951382E-07  4.459910E-08  1.668306E-08  2.282759E-10  5.195692E-11  8.761825E-12
    248  9.745016881397E-02  9.944463E-06  1.105151E-06  1.189426E-06  6.228610E-08  2.508979E-08  3.583113E-10  8.675512E-11  1.575804E-11
    249  9.798964068785E-02  1.128672E-05  1.317330E-06  1.528453E-06  8.382174E-08  3.616401E-08  5.373744E-10  1.377863E-10  2.681081E-11
    250  9.892639389759E-02  1.367774E-05  1.739548E-06  2.302494E-06  1.369100E-07  6.661651E-08  1.061166E-09  3.008075E-10  6.602424E-11
    251  9.977784733458E-02  1.578349E-05  2.172110E-06  3.244423E-06  2.078034E-07  1.129149E-07  1.917479E-09  5.960481E-10  1.461386E-10
    252  1.005622893962E-01  1.753289E-05  2.596602E-06  4.340331E-06  2.979008E-07  1.793883E-07  3.233197E-09  1.095067E-09  2.976072E-10
    253  1.013070552067E-01  1.890941E-05  3.004448E-06  5.593048E-06  4.101765E-07  2.725260E-07  5.200340E-09  1.912144E-09  5.735085E-10
    254  1.019791947326E-01  1.983770E-05  3.360221E-06  6.899246E-06  5.374177E-07  3.904855E-07  7.848552E-09  3.109740E-09  1.020150E-09
    255  1.025982572428E-01  2.038299E-05  3.663838E-06  8.238867E-06  6.787124E-07  5.358509E-07  1.130257E-08  4.799792E-09  1.711115E-09
    256  1.032644197032E-01  2.060729E-05  3.950503E-06  9.803193E-06  8.581081E-07  7.412623E-07  1.647507E-08  7.542244E-09  2.942168E-09
    257  1.039121745974E-01  2.045621E-05  4.176945E-06  1.141544E-05  1.060465E-06  1.000473E-06  2.340646E-08  1.153385E-08  4.914181E-09
    258  1.045193471709E-01  1.999316E-05  4.333027E-06  1.297218E-05  1.274699E-06  1.306958E-06  3.209464E-08  1.695314E-08  7.850513E-09
    259  1.051181778144E-01  1.925512E-05  4.427466E-06  1.450971E-05  1.507575E-06  1.678818E-06  4.325932E-08  2.448249E-08  1.231374E-08
    260  1.056826419982E-01  1.833495E-05  4.459396E-06  1.592356E-05  1.744422E-06  2.100889E-06  5.666625E-08  3.423904E-08  1.862472E-08
    261  1.062431336111E-01  1.724158E-05  4.435582E-06  1.725767E-05  1.993305E-06  2.596256E-06  7.330078E-08  4.728377E-08  2.781672E-08
    262  1.068146627648E-01  1.598470E-05  4.356053E-06  1.850702E-05  2.256898E-06  3.185488E-06  9.425490E-08  6.501995E-08  4.145024E-08
    263  1.073656177930E-01  1.467897E-05  4.230090E-06  1.957156E-05  2.515815E-06  3.838504E-06  1.188647E-07  8.750828E-08  6.030283E-08
    264  1.079139362418E-01  1.332591E-05  4.061201E-06  2.046692E-05  2.773443E-06  4.575015E-06  1.482792E-07  1.165135E-07  8.680404E-08
    265  1.084202130578E-01  1.206159E-05  3.871995E-06  2.112508E-05  3.006398E-06  5.331906E-06  1.802851E-07  1.504974E-07  1.205411E-07
    266  1.089957947327E-01  1.064066E-05  3.625050E-06  2.165496E-05  3.259455E-06  6.279689E-06  2.228715E-07  1.993707E-07  1.734589E-07
    267  1.095139929398E-01  9.401246E-06  3.379996E-06  2.191889E-05  3.471008E-06  7.207906E-06  2.672940E-07  2.545644E-07  2.387044E-07
    268  1.100036617482E-01  8.281543E-06  3.133815E-06  2.197366E-05  3.651741E-06  8.143677E-06  3.148655E-07  3.182674E-07  3.204698E-07
    269  1.105581599754E-01  7.091016E-06  2.844438E-06  2.179909E-05  3.827504E-06  9.257359E-06  3.753589E-07  4.060317E-07  4.433649E-07
    270  1.111738162549E-01  5.879565E-06  2.517363E-06  2.130583E-05  3.978077E-06  1.053446E-05  4.504774E-07  5.256379E-07  6.283451E-07
    271  1.117276452796E-01  4.895332E-06  2.223516E-06  2.059139E-05  4.064952E-06  1.168643E-05  5.244246E-07  6.554035E-07  8.504459E-07
    272  1.122547306619E-01  4.055215E-06  1.949193E-06  1.967578E-05  4.097150E-06  1.274321E-05  5.988914E-07  7.993265E-07  1.121947E-06
    273  1.128196390807E-01  3.259710E-06  1.665474E-06  1.844772E-05  4.069125E-06  1.377599E-05  6.805362E-07  9.750117E-07  1.489395E-06
    274  1.134172103791E-01  2.533121E-06  1.381230E-06  1.688925E-05  3.961063E-06  1.467725E-05  7.646364E-07  1.181395E-06  1.974794E-06
    275  1.139661173569E-01  1.965538E-06  1.138221E-06  1.525170E-05  3.785887E-06  1.525052E-05  8.345506E-07  1.382659E-06  2.512121E-06
    276  1.145721141816E-01  1.445101E-06  8.947272E-07  1.327089E-05  3.508690E-06  1.550764E-05  8.963159E-07  1.604743E-06  3.198266E-06
    277  1.151138636995E-01  1.068069E-06  7.023137E-07  1.141259E-05  3.193628E-06  1.534252E-05  9.315190E-07  1.788259E-06  3.873055E-06
    278  1.160623872824E-01  5.863031E-07  4.288135E-07  8.189055E-06  2.533206E-06  1.410138E-05  9.339485E-07  2.028099E-06  5.088565E-06
    279  1.166131253687E-01  3.963907E-07  3.085247E-07  6.475693E-06  2.124629E-06  1.289396E-05  8.987067E-07  2.097548E-06  5.734464E-06
    280  1.171578902390E-01  2.608601E-07  2.160328E-07  4.980657E-06  1.732482E-06  1.145495E-05  8.399658E-07  2.106324E-06  6.272657E-06
    281  1.179966344325E-01  1.290783E-07  1.176761E-07  3.139568E-06  1.196089E-06  9.037598E-06  7.171455E-07  2.010409E-06  6.836725E-06
    282  1.184626561866E-01  8.494909E-08  8.175909E-08  2.366680E-06  9.485504E-07  7.719709E-06  6.401607E-07  1.909946E-06  6.995870E-06
    283  1.189221956404E-01  5.529057E-08  5.613033E-08  1.761297E-06  7.423995E-07  6.504620E-06  5.635547E-07  1.788559E-06  7.050853E-06
    284  1.197605220964E-01  2.428721E-08  2.720364E-08  9.904153E-07  4.579903E-07  4.596040E-06  4.315862E-07  1.534523E-06  6.925552E-06
    285  1.205341475296E-01  1.098316E-08  1.347566E-08  5.631900E-07  2.839051E-07  3.232657E-06  3.272311E-07  1.293264E-06  6.618686E-06
    286  1.212540834288E-01  5.117833E-09  6.842774E-09  3.256849E-07  1.780628E-07  2.282637E-06  2.479336E-07  1.082038E-06  6.230861E-06
    287  1.219299358624E-01  2.456778E-09  3.564514E-09  1.918452E-07  1.132497E-07  1.623962E-06  1.885563E-07  9.038865E-07  5.819600E-06
    288  1.225766858039E-01  1.204019E-09  1.889367E-09  1.144309E-07  7.273389E-08  1.161821E-06  1.438620E-07  7.548948E-07  5.411377E-06
    289  1.231854533608E-01  6.095264E-10  1.030258E-09  6.979854E-08  4.758830E-08  8.420981E-07  1.108339E-07  6.336483E-07  5.029250E-06
    290  1.237219182154E-01  3.325369E-10  6.003767E-10  4.492537E-08  3.259539E-08  6.316023E-07  8.775311E-08  5.413256E-07  4.702655E-06
    291  1.242404039059E-01  1.844039E-10  3.549676E-10  2.925171E-08  2.254629E-08  4.771343E-07  6.987476E-08  4.640814E-07  4.401052E-06
    292  1.248086455930E-01  9.624440E-11  1.988350E-10  1.822200E-08  1.501326E-08  3.501103E-07  5.433719E-08  3.914896E-07  4.089022E-06
    293  1.253177247642E-01  5.351457E-11  1.178312E-10  1.188635E-08  1.040013E-08  2.647569E-07  4.329909E-08  3.357354E-07  3.826197E-06
    294  1.258810647447E-01  2.786807E-11  6.587328E-11  7.393248E-09  6.916612E-09  1.941061E-07  3.365038E-08  2.831317E-07  3.555134E-06
    295  1.264205598797E-01  1.488117E-11  3.766364E-11  4.683795E-09  4.673715E-09  1.440574E-07  2.641734E-08  2.404616E-07  3.314394E-06
    296  1.270317883483E-01  7.276362E-12  1.991031E-11  2.783754E-09  2.989875E-09  1.025706E-07  2.005504E-08  1.996901E-07  3.061473E-06
    297  1.275757308169E-01  3.835472E-12  1.125426E-11  1.747568E-09  2.004849E-09  7.570051E-08  1.567659E-08  1.691595E-07  2.852782E-06
    298  1.286048671531E-01  1.131059E-12  3.795946E-12  7.200350E-10  9.368491E-10  4.246271E-08  9.813169E-09  1.234300E-07  2.495886E-06
    299  1.290949488661E-01  6.297800E-13  2.251466E-12  4.699820E-10  6.496025E-10  3.215016E-08  7.832579E-09  1.060558E-07  2.340354E-06
    300  1.295345101683E-01  3.711187E-13  1.405636E-12  3.199599E-10  4.670407E-10  2.501994E-08  6.392551E-09  9.250233E-08  2.208342E-06
    301  1.303954523490E-01  1.307716E-13  5.553397E-13  1.499098E-10  2.436888E-10  1.525731E-08  4.282046E-09  7.062926E-08  1.968580E-06
    302  1.308549873199E-01  7.459884E-14  3.367053E-13  9.960718E-11  1.715657E-10  1.168295E-08  3.448898E-09  6.104109E-08  1.849353E-06
    303  1.312776310019E-01  4.435428E-14  2.118921E-13  6.823579E-11  1.239968E-10  9.125327E-09  2.822755E-09  5.332131E-08  1.744916E-06
    304  1.320787884157E-01  1.644644E-14  8.757739E-14  3.314631E-11  6.671304E-11  5.691897E-09  1.924987E-09  4.117026E-08  1.560303E-06
    305  1.327308179063E-01  7.282576E-15  4.237342E-14  1.830515E-11  4.006444E-11  3.859166E-09  1.404353E-09  3.325706E-08  1.421711E-06
    306  1.333821207310E-01  3.201486E-15  2.037195E-14  1.005556E-11  2.394737E-11  2.606445E-09  1.021081E-09  2.679257E-08  1.293012E-06
    307  1.339749669338E-01  1.507975E-15  1.041466E-14  5.805931E-12  1.493894E-11  1.818152E-09  7.620840E-10  2.196514E-08  1.184320E-06
    308  1.345530840576E-01  7.193151E-16  5.384204E-15  3.382453E-12  9.390433E-12  1.275375E-09  5.712801E-10  1.805553E-08  1.085420E-06
    309  1.351098094661E-01  3.505484E-16  2.836763E-15  2.000892E-12  5.979204E-12  9.032437E-10  4.314864E-10  1.491252E-08  9.963346E-07
    310  1.359304916944E-01  1.204668E-16  1.095126E-15  9.169774E-13  3.056914E-12  5.406670E-10  2.842001E-10  1.121496E-08  8.761799E-07
    311  1.363572082699E-01  6.892192E-17  6.653663E-16  6.091310E-13  2.150265E-12  4.130169E-10  2.282539E-10  9.654526E-09  8.185789E-07
    312  1.367788244083E-01  3.949446E-17  4.049417E-16  4.052518E-13  1.514308E-12  3.157625E-10  1.834090E-10  8.311923E-09  7.645579E-07
    313  1.375777712339E-01  1.364741E-17  1.570626E-16  1.862030E-13  7.755579E-13  1.890857E-10  1.207666E-10  6.242121E-09  6.704748E-07
    314  1.380438267916E-01  7.326679E-18  9.014780E-17  1.179368E-13  5.235224E-13  1.398810E-10  9.446488E-11  5.274098E-09  6.203510E-07
    315  1.384690951451E-01  4.132143E-18  5.408264E-17  7.747166E-14  3.646043E-13  1.059799E-10  7.532911E-11  4.514471E-09  5.772549E-07
    316  1.391087445178E-01  1.735211E-18  2.494536E-17  4.098204E-14  2.107247E-13  6.957691E-11  5.343747E-11  3.564813E-09  5.172149E-07
    317  1.397002518981E-01  7.749207E-19  1.215296E-17  2.265893E-14  1.265117E-13  4.701848E-11  3.881247E-11  2.860442E-09  4.666698E-07
    318  1.402705851668E-01  3.545307E-19  6.048705E-18  1.274200E-14  7.706031E-14  3.212218E-11  2.843893E-11  2.308670E-09  4.220372E-07
    319  1.408634912375E-01  1.560567E-19  2.909011E-18  6.962872E-15  4.578754E-14  2.152826E-11  2.050947E-11  1.842438E-09  3.794958E-07
    320  1.414089642241E-01  7.314206E-20  1.479492E-18  3.980891E-15  2.828677E-14  1.486363E-11  1.515461E-11  1.495042E-09  3.438136E-07
    321  1.419220762512E-01  3.577760E-20  7.817257E-19  2.346836E-15  1.794324E-14  1.047098E-11  1.138389E-11  1.226931E-09  3.130678E-07
    322  1.422771704232E-01  2.173309E-20  5.010070E-19  1.622863E-15  1.305724E-14  8.198551E-12  9.320785E-12  1.068476E-09  2.931585E-07
    323  1.426029315631E-01  1.373493E-20  3.326432E-19  1.155186E-15  9.741370E-15  6.543250E-12  7.751452E-12  9.404953E-10  2.758838E-07
    324  1.430135230101E-01  7.693511E-21  1.983105E-19  7.514760E-16  6.725005E-15  4.918930E-12  6.138774E-12  8.002768E-10  2.554419E-07
    325  1.434683796643E-01  4.044280E-21  1.117123E-19  4.658947E-16  4.454294E-15  3.581307E-12  4.736171E-12  6.687293E-10  2.344408E-07
    326  1.440315208021E-01  1.820511E-21  5.479072E-20  2.569662E-16  2.667476E-15  2.412282E-12  3.428857E-12  5.346768E-10  2.106272E-07
    327  1.445490332405E-01  8.699733E-22  2.833381E-20  1.479109E-16  1.656953E-15  1.671307E-12  2.539755E-12  4.342215E-10  1.906125E-07
    328  1.451370980342E-01  3.757942E-22  1.338545E-20  7.872963E-17  9.621772E-16  1.099141E-12  1.802791E-12  3.423640E-10  1.700317E-07
    329  1.457052374241E-01  1.672139E-22  6.490438E-21  4.269842E-17  5.678789E-16  7.318112E-13  1.292754E-12  2.718488E-10  1.521590E-07
    330  1.463107957421E-01  7.029504E-23  2.989415E-21  2.209790E-17  3.218853E-16  4.722895E-13  9.034897E-13  2.119908E-10  1.349568E-07
    331  1.468752132891E-01  3.148150E-23  1.453951E-21  1.191650E-17  1.889855E-16  3.131137E-13  6.454928E-13  1.678551E-10  1.205690E-07
    332  1.475510939381E-01  1.211136E-23  6.158178E-22  5.668755E-18  9.962126E-17  1.909847E-13  4.308523E-13  1.267859E-10  1.052742E-07
    333  1.481899111058E-01  4.943314E-24  2.739533E-22  2.789544E-18  5.406705E-17  1.191404E-13  2.928896E-13  9.697607E-11  9.247025E-08
    334  1.491767377555E-01  1.270931E-24  7.951495E-23  9.250712E-19  2.088769E-17  5.713325E-14  1.605650E-13  6.388127E-11  7.555383E-08
    335  1.497116139607E-01  6.270604E-25  4.131118E-23  5.072706E-19  1.244240E-17  3.827863E-14  1.157490E-13  5.090241E-11  6.768997E-08
    336  1.502421520731E-01  3.145544E-25  2.166810E-23  2.776961E-19  7.402460E-18  2.562135E-14  8.335339E-14  4.052458E-11  6.062142E-08
    337  1.509052103900E-01  1.371325E-25  9.857561E-24  1.304299E-19  3.860179E-18  1.548331E-14  5.522443E-14  3.045378E-11  5.280252E-08
    338  1.515352476696E-01  6.466801E-26  4.774328E-24  6.348472E-20  2.076416E-18  9.580247E-15  3.731304E-14  2.320581E-11  4.630956E-08
    339  1.521327102765E-01  3.262693E-26  2.443936E-24  3.185271E-20  1.146359E-18  6.047372E-15  2.562011E-14  1.787938E-11  4.083895E-08
    340  1.526678407657E-01  1.814241E-26  1.368647E-24  1.713680E-20  6.721002E-19  3.997755E-15  1.827196E-14  1.414597E-11  3.648517E-08
    341  1.532481602429E-01  9.835262E-27  7.464066E-25  8.740177E-21  3.764858E-19  2.549746E-15  1.265898E-14  1.097233E-11  3.229280E-08
    342  1.535863948111E-01  6.946956E-27  5.293982E-25  5.896372E-21  2.683137E-19  1.959830E-15  1.021361E-14  9.458261E-12  3.007268E-08
    343  1.538995751697E-01  5.053225E-27  3.869034E-25  4.084544E-21  1.956003E-19  1.532990E-15  8.357799E-15  8.232368E-12  2.813699E-08
    344  1.546020187628E-01  2.510461E-27  1.955932E-25  1.790467E-21  9.618664E-20  8.822625E-16  5.325205E-15  6.027511E-12  2.423899E-08
    345  1.552062305672E-01  1.390940E-27  1.111122E-25  8.806509E-22  5.224374E-20  5.479611E-16  3.612123E-15  4.610152E-12  2.132843E-08
    346  1.557875935888E-01  7.907279E-28  6.529458E-26  4.431827E-22  2.893962E-20  3.452229E-16  2.478787E-15  3.554820E-12  1.884485E-08
    347  1.566447447202E-01  3.450413E-28  3.039998E-26  1.605975E-22  1.208682E-20  1.738923E-16  1.417555E-15  2.417299E-12  1.568940E-08
    348  1.574294426159E-01  1.615740E-28  1.534986E-26  6.356278E-23  5.443967E-21  9.258718E-17  8.487089E-16  1.697587E-12  1.326936E-08
    349  1.581710514975E-01  7.851799E-29  8.095316E-27  2.634762E-23  2.550382E-21  5.065415E-17  5.193264E-16  1.210027E-12  1.130445E-08
    350  1.588328903187E-01  4.120620E-29  4.601279E-27  1.206209E-23  1.300893E-21  2.952141E-17  3.347091E-16  8.942234E-13  9.798466E-09
    351  1.594606073659E-01  2.237922E-29  2.699874E-27  5.769232E-24  6.885080E-22  1.764080E-17  2.201941E-16  6.703475E-13  8.551501E-09
    352  1.600565792087E-01  1.256108E-29  1.627445E-27  2.868424E-24  3.761347E-22  1.076286E-17  1.472830E-16  5.081902E-13  7.502863E-09
    353  1.607059625219E-01  6.828780E-30  9.393496E-28  1.351605E-24  1.958308E-22  6.272403E-18  9.494147E-17  3.756708E-13  6.505055E-09
    354  1.613957576202E-01  3.719145E-30  5.243091E-28  6.141991E-25  9.851014E-23  3.522639E-18  5.939776E-17  2.720815E-13  5.585422E-09
    355  1.620398820205E-01  2.164333E-30  3.037748E-28  2.967408E-25  5.203775E-23  2.042452E-18  3.812171E-17  2.004863E-13  4.834319E-09
    356  1.627691861850E-01  1.380299E-30  1.640360E-28  1.328727E-25  2.557674E-23  1.099796E-18  2.304798E-17  1.418123E-13  4.103530E-09
    357  1.634667099868E-01  1.000000E-30  9.097329E-29  6.285331E-26  1.309469E-23  6.052062E-19  1.418024E-17  1.015094E-13  3.502094E-09
    358  1.645369737572E-01  1.024393E-30  3.698744E-29  2.078295E-26  4.788067E-24  2.396118E-19  6.674930E-18  6.041681E-14  2.736977E-09
    359  1.651200899964E-01  1.000000E-30  2.256176E-29  1.168051E-26  2.808244E-24  1.442489E-19  4.420206E-18  4.549365E-14  2.391217E-09
    360  1.656939516385E-01  1.000000E-30  1.392069E-29  6.716881E-27  1.669720E-24  8.693665E-20  2.927845E-18  3.424788E-14  2.088333E-09
    361  1.664404283242E-01  1.000000E-30  7.521174E-30  3.364822E-27  8.635672E-25  4.491176E-20  1.711471E-18  2.365728E-14  1.749933E-09
    362  1.671401020014E-01  1.000000E-30  4.239646E-30  1.805850E-27  4.726960E-25  2.409726E-20  1.032047E-18  1.669747E-14  1.480994E-09
    363  1.682228463170E-01  1.000000E-30  1.920585E-30  7.171222E-28  1.903332E-25  9.079671E-21  4.665800E-19  9.657628E-15  1.138413E-09
    364  1.688914277275E-01  1.000000E-30  1.101312E-30  4.146488E-28  1.106174E-25  4.961406E-21  2.857412E-19  6.889182E-15  9.673571E-10
    365  1.695862681704E-01  1.000000E-30  1.000000E-30  2.373032E-28  6.338744E-26  2.621805E-21  1.701273E-19  4.817000E-15  8.137317E-10
    366  1.708796298676E-01  1.008998E-30  1.000000E-30  8.774975E-29  2.337486E-26  7.979948E-22  6.479218E-20  2.476752E-15  5.892003E-10
    367  1.720689125062E-01  1.000000E-30  1.000000E-30  3.609877E-29  9.654538E-27  2.636667E-22  2.637601E-20  1.331930E-15  4.351094E-10
    368  1.730357271347E-01  1.000000E-30  1.000000E-30  1.791703E-29  4.833773E-27  1.070669E-22  1.270945E-20  8.050797E-16  3.396405E-10
    369  1.739185931198E-01  1.000000E-30  1.000000E-30  9.685042E-30  2.611525E-27  4.671897E-23  6.501182E-21  5.069295E-16  2.700215E-10
    370  1.748109107026E-01  1.000000E-30  1.000000E-30  5.565255E-30  1.429903E-27  2.034094E-23  3.325184E-21  3.190941E-16  2.141979E-10
    371  1.757092013639E-01  1.000000E-30  1.000000E-30  3.384372E-30  7.893462E-28  8.801273E-24  1.693850E-21  1.999755E-16  1.690786E-10
    372  1.765567714958E-01  1.000000E-30  1.000000E-30  2.262137E-30  4.582091E-28  4.056406E-24  9.115419E-22  1.300221E-16  1.355419E-10
    373  1.775373762473E-01  1.000000E-30  1.000000E-30  1.833283E-30  2.465333E-28  1.674402E-24  4.503850E-22  7.925051E-17  1.045762E-10
    374  1.784803688374E-01  1.000000E-30  1.000000E-30  1.497808E-30  1.380788E-28  7.424788E-25  2.375539E-22  5.026814E-17  8.184275E-11
    375  1.795112536071E-01  1.000000E-30  1.000000E-30  1.444461E-30  7.395638E-29  3.181923E-25  1.230969E-22  3.107554E-17  6.254008E-11
    376  1.804824008025E-01  1.000000E-30  1.000000E-30  1.310648E-30  4.173287E-29  1.532532E-25  7.094819E-23  2.047486E-17  4.890864E-11
    377  1.815169070317E-01  1.000000E-30  1.000000E-30  1.347574E-30  2.302423E-29  7.542513E-26  4.237176E-23  1.361277E-17  3.779437E-11
    378  1.825428215499E-01  1.000000E-30  1.000000E-30  1.335487E-30  1.311026E-29  4.057799E-26  2.771274E-23  9.610818E-18  2.966182E-11
    379  1.841355644659E-01  1.067584E-30  1.000000E-30  2.061366E-30  6.190597E-30  1.770507E-26  1.649259E-23  6.301484E-18  2.096168E-11
    380  1.856860183354E-01  1.025111E-30  1.000000E-30  1.875518E-30  3.359331E-30  8.771998E-27  1.119746E-23  4.835453E-18  1.567821E-11
    381  1.870847965371E-01  1.000000E-30  1.000000E-30  1.695189E-30  2.197825E-30  4.905028E-27  8.369794E-24  4.256328E-18  1.271864E-11
    382  1.883699545972E-01  1.000000E-30  1.000000E-30  1.558498E-30  1.683588E-30  2.935674E-27  6.572242E-24  4.064954E-18  1.101952E-11
    383  1.895671856375E-01  1.000000E-30  1.000000E-30  1.451608E-30  1.418981E-30  1.827865E-27  5.289612E-24  4.059497E-18  1.003119E-11
    384  1.907324824205E-01  1.000000E-30  1.000000E-30  1.363742E-30  1.244089E-30  1.151652E-27  4.290249E-24  4.158787E-18  9.468471E-12
    385  1.917913284253E-01  1.000000E-30  1.000000E-30  1.241067E-30  1.120962E-30  7.558065E-28  3.545697E-24  4.309446E-18  9.208008E-12
    386  1.928179034582E-01  1.000000E-30  1.000000E-30  1.172793E-30  1.045584E-30  4.990615E-28  2.932645E-24  4.490189E-18  9.112813E-12
    387  1.939781308337E-01  1.000000E-30  1.000000E-30  1.306437E-30  1.073970E-30  3.123337E-28  2.361007E-24  4.724114E-18  9.154161E-12
    388  1.950365569225E-01  1.000000E-30  1.000000E-30  1.171576E-30  1.000000E-30  2.021391E-28  1.924560E-24  4.952478E-18  9.284717E-12
    389  1.963061656501E-01  1.000000E-30  1.000000E-30  1.374403E-30  1.057876E-30  1.212203E-28  1.499810E-24  5.236677E-18  9.529552E-12
    390  1.975160386553E-01  1.000000E-30  1.000000E-30  1.280530E-30  1.000000E-30  7.463944E-29  1.177655E-24  5.509454E-18  9.823090E-12
    391  1.988970783448E-01  1.000000E-30  1.000000E-30  1.437191E-30  1.051533E-30  4.457125E-29  8.882855E-25  5.815238E-18  1.020308E-11
    392  2.001908516564E-01  1.000000E-30  1.000000E-30  1.338967E-30  1.000000E-30  2.836405E-29  6.821021E-25  6.091490E-18  1.058595E-11
    393  2.023233395230E-01  1.155774E-30  1.000000E-30  1.912706E-30  1.315270E-30  1.843330E-29  4.444995E-25  6.515832E-18  1.123838E-11
    394  2.035207364909E-01  1.000000E-30  1.000000E-30  1.210930E-30  1.000000E-30  1.220889E-29  3.541335E-25  6.734413E-18  1.160389E-11
    395  2.047171141817E-01  1.000000E-30  1.000000E-30  1.172091E-30  1.000000E-30  1.030578E-29  2.855621E-25  6.937518E-18  1.196158E-11
    396  2.061861175315E-01  1.000000E-30  1.000000E-30  1.408494E-30  1.000000E-30  9.912574E-30  2.256720E-25  7.165779E-18  1.238531E-11
    397  2.075162532616E-01  1.000000E-30  1.000000E-30  1.325972E-30  1.000000E-30  9.167927E-30  1.887747E-25  7.352543E-18  1.274993E-11
    398  2.088103947538E-01  1.000000E-30  1.000000E-30  1.232498E-30  1.000000E-30  8.628113E-30  1.641913E-25  7.516646E-18  1.308424E-11
    399  2.102374295066E-01  1.000000E-30  1.000000E-30  1.372975E-30  1.000000E-30  9.117427E-30  1.468434E-25  7.678513E-18  1.342706E-11
    400  2.116254943500E-01  1.000000E-30  1.000000E-30  1.277916E-30  1.000000E-30  8.859295E-30  1.372087E-25  7.818099E-18  1.373276E-11
    401  2.137594200207E-01  1.029156E-30  1.000000E-30  1.860729E-30  1.244999E-30  1.130064E-29  1.317839E-25  8.002131E-18  1.414688E-11
    402  2.149968302441E-01  1.000000E-30  1.000000E-30  1.132385E-30  1.000000E-30  9.038055E-30  1.323283E-25  8.094227E-18  1.435551E-11
    403  2.163578604848E-01  1.000000E-30  1.000000E-30  1.186439E-30  1.000000E-30  9.579993E-30  1.350947E-25  8.185321E-18  1.455840E-11
    404  2.188327022992E-01  1.114634E-30  1.000000E-30  1.967560E-30  1.415012E-30  1.353276E-29  1.446284E-25  8.330349E-18  1.485781E-11
    405  2.210861741802E-01  1.003185E-30  1.000000E-30  1.847101E-30  1.403232E-30  1.403372E-29  1.571991E-25  8.448723E-18  1.505644E-11
    406  2.231360986547E-01  1.000000E-30  1.000000E-30  1.647422E-30  1.441649E-30  1.433905E-29  1.715101E-25  8.553890E-18  1.518082E-11
    407  2.249661932162E-01  1.000000E-30  1.000000E-30  1.486866E-30  1.485772E-30  1.520850E-29  1.866580E-25  8.652237E-18  1.525092E-11
    408  2.266023391923E-01  1.000000E-30  1.000000E-30  1.353859E-30  1.507223E-30  1.628230E-29  2.022829E-25  8.748420E-18  1.528450E-11
    409  2.291569547831E-01  1.031318E-30  1.000000E-30  1.868182E-30  1.938061E-30  2.161202E-29  2.312394E-25  8.923892E-18  1.529004E-11
    410  2.305971902523E-01  1.000000E-30  1.000000E-30  1.240483E-30  1.791139E-30  2.088419E-29  2.504367E-25  9.041259E-18  1.527211E-11
    411  2.319348711247E-01  1.000000E-30  1.000000E-30  1.148322E-30  1.888111E-30  2.287011E-29  2.704392E-25  9.165126E-18  1.524443E-11
    412  2.335360820165E-01  1.000000E-30  1.000000E-30  1.365226E-30  2.204249E-30  2.675523E-29  2.975335E-25  9.335292E-18  1.519994E-11
    413  2.351317971316E-01  1.000000E-30  1.000000E-30  1.385576E-30  2.475978E-30  3.056401E-29  3.284826E-25  9.532150E-18  1.514618E-11
    414  2.376293164755E-01  1.000000E-30  1.000000E-30  1.945022E-30  3.299841E-30  4.033155E-29  3.864830E-25  9.904347E-18  1.505016E-11
    415  2.399259738388E-01  1.000000E-30  1.000000E-30  2.016662E-30  3.921142E-30  4.932663E-29  4.526914E-25  1.032837E-17  1.495729E-11
    416  2.420046682363E-01  1.000000E-30  1.000000E-30  1.937371E-30  4.618101E-30  5.964141E-29  5.263102E-25  1.079317E-17  1.487655E-11
    417  2.451201276448E-01  1.036248E-30  1.000000E-30  2.632433E-30  6.635822E-30  8.582023E-29  6.694071E-25  1.166786E-17  1.477506E-11
    418  2.467564269033E-01  1.000000E-30  1.000000E-30  2.095039E-30  7.436891E-30  9.947261E-29  7.651419E-25  1.223168E-17  1.473726E-11
    419  2.483354027874E-01  1.000000E-30  1.000000E-30  2.216887E-30  8.878260E-30  1.195468E-28  8.744487E-25  1.285738E-17  1.471475E-11
    420  2.499258654919E-01  1.000000E-30  1.000000E-30  2.499858E-30  1.063778E-29  1.440687E-28  1.004186E-24  1.357946E-17  1.470897E-11
    421  2.515152656983E-01  1.000000E-30  1.000000E-30  2.724688E-30  1.270870E-29  1.731699E-28  1.156298E-24  1.440327E-17  1.472314E-11
    422  2.542060864984E-01  1.000000E-30  1.000000E-30  4.107063E-30  1.744631E-29  2.377693E-28  1.472347E-24  1.605385E-17  1.480056E-11
    423  2.556901221114E-01  1.000000E-30  1.000000E-30  3.822353E-30  2.014860E-29  2.775410E-28  1.681797E-24  1.710984E-17  1.487569E-11
    424  2.570805114381E-01  1.000000E-30  1.000000E-30  4.170821E-30  2.330476E-29  3.223374E-28  1.902987E-24  1.819547E-17  1.496881E-11
    425  2.598984391343E-01  1.000000E-30  1.000000E-30  6.121582E-30  3.153689E-29  4.368187E-28  2.433106E-24  2.068063E-17  1.522837E-11
    426  2.622653138568E-01  1.000000E-30  1.000000E-30  7.201627E-30  3.994754E-29  5.566962E-28  2.974426E-24  2.305698E-17  1.552115E-11
    427  2.644885215151E-01  1.000000E-30  1.000000E-30  8.677368E-30  4.989303E-29  6.983659E-28  3.576685E-24  2.552362E-17  1.585740E-11
    428  2.667229470066E-01  1.000000E-30  1.000000E-30  1.062530E-29  6.240460E-29  8.769184E-28  4.290238E-24  2.823046E-17  1.625254E-11
    429  2.687894382327E-01  1.000000E-30  1.000000E-30  1.271687E-29  7.674193E-29  1.082487E-27  5.065097E-24  3.094204E-17  1.666605E-11
    430  2.709436570286E-01  1.000000E-30  1.000000E-30  1.568830E-29  9.544130E-29  1.350745E-27  6.013738E-24  3.399397E-17  1.714307E-11
    431  2.728595154549E-01  1.000000E-30  1.000000E-30  1.884672E-29  1.159722E-28  1.646363E-27  7.001510E-24  3.691757E-17  1.760423E-11
    432  2.763050324764E-01  1.000000E-30  1.000000E-30  2.753863E-29  1.656185E-28  2.361128E-27  9.203370E-24  4.273860E-17  1.851523E-11
    433  2.797281875476E-01  1.000000E-30  1.000000E-30  3.889323E-29  2.362260E-28  3.385059E-27  1.209068E-23  4.937004E-17  1.951879E-11
    434  2.831107064370E-01  1.000000E-30  1.000000E-30  5.493505E-29  3.363177E-28  4.843319E-27  1.586052E-23  5.693794E-17  2.060501E-11
    435  2.863632962154E-01  1.000000E-30  1.000000E-30  7.690145E-29  4.729686E-28  6.843057E-27  2.062268E-23  6.536652E-17  2.174040E-11
    436  2.894106333807E-01  1.000000E-30  1.000000E-30  1.053477E-28  6.511086E-28  9.461682E-27  2.640168E-23  7.447973E-17  2.288927E-11
    437  2.941185503109E-01  1.000000E-30  1.000000E-30  1.737344E-28  1.067102E-27  1.560553E-26  3.870659E-23  9.133660E-17  2.483849E-11
    438  2.983685787405E-01  1.000000E-30  1.000000E-30  2.712672E-28  1.664537E-27  2.448575E-26  5.467599E-23  1.100465E-16  2.679504E-11
    439  3.021949729112E-01  1.000000E-30  1.000000E-30  4.050407E-28  2.481960E-27  3.670308E-26  7.458077E-23  1.303213E-16  2.872910E-11
    440  3.059150641439E-01  1.000000E-30  1.000000E-30  5.983171E-28  3.658991E-27  5.438616E-26  1.007997E-22  1.537455E-16  3.077606E-11
    441  3.094680949786E-01  1.000000E-30  1.000000E-30  8.687764E-28  5.302467E-27  7.920085E-26  1.343552E-22  1.801627E-16  3.289281E-11
    442  3.127856926026E-01  1.000000E-30  1.000000E-30  1.231061E-27  7.503164E-27  1.125882E-25  1.756968E-22  2.090431E-16  3.501933E-11
    443  3.178598433803E-01  1.000000E-30  1.000000E-30  2.104618E-27  1.279177E-26  1.933056E-25  2.650044E-22  2.628049E-16  3.857066E-11
    444  3.224504526026E-01  1.000000E-30  1.000000E-30  3.429322E-27  2.081069E-26  3.165236E-25  3.850833E-22  3.239696E-16  4.212273E-11
    445  3.266870398371E-01  1.000000E-30  1.000000E-30  5.401976E-27  3.275216E-26  5.011638E-25  5.450726E-22  3.939953E-16  4.572107E-11
    446  3.305577136787E-01  1.000000E-30  1.000000E-30  8.213254E-27  4.978286E-26  7.660215E-25  7.509215E-22  4.724678E-16  4.931362E-11
    447  3.362681054783E-01  1.000000E-30  1.000000E-30  1.535192E-26  9.308185E-26  1.444299E-24  1.212125E-21  6.215097E-16  5.523921E-11
    448  3.414589872690E-01  1.104646E-30  1.314355E-30  2.731184E-26  1.658060E-25  2.592674E-24  1.886892E-21  8.035630E-16  6.141087E-11
    449  3.462773530350E-01  1.480562E-30  2.781565E-30  4.685252E-26  2.850081E-25  4.489344E-24  2.862428E-21  1.027298E-15  6.796873E-11
    450  3.508856189623E-01  2.317233E-30  5.222374E-30  7.873254E-26  4.802294E-25  7.618486E-24  4.283434E-21  1.307703E-15  7.515147E-11
    451  3.552628710565E-01  3.829900E-30  9.501872E-30  1.290525E-25  7.897258E-25  1.261500E-23  6.300060E-21  1.653344E-15  8.295964E-11
    452  3.595141079779E-01  6.375073E-30  1.707223E-29  2.085295E-25  1.280964E-24  2.060169E-23  9.178003E-21  2.084827E-15  9.161860E-11
    453  3.636744849418E-01  1.066500E-29  3.040292E-29  3.332636E-25  2.056143E-24  3.329338E-23  1.327011E-20  2.623778E-15  1.012694E-10
    454  3.676260234901E-01  1.782383E-29  5.274827E-29  5.197277E-25  3.221724E-24  5.250815E-23  1.883090E-20  3.270448E-15  1.116499E-10
    455  3.714655117309E-01  2.979817E-29  9.032826E-29  7.996873E-25  4.982528E-24  8.172972E-23  2.644290E-20  4.055749E-15  1.229929E-10
    456  3.752653942304E-01  4.914440E-29  1.541516E-28  1.224294E-24  7.670515E-24  1.266350E-22  3.697714E-20  5.021688E-15  1.355565E-10
    457  3.809506426681E-01  1.097084E-28  3.454745E-28  2.314503E-24  1.463592E-23  2.440013E-22  6.099576E-20  6.916974E-15  1.571008E-10
    458  3.865190953769E-01  2.421965E-28  7.678460E-28  4.324343E-24  2.762083E-23  4.649723E-22  9.954069E-20  9.469685E-15  1.817735E-10
    459  3.928522091207E-01  6.015064E-28  1.927975E-27  8.835280E-24  5.714909E-23  9.728578E-22  1.739013E-19  1.355006E-14  2.147581E-10
    460  3.991093841216E-01  1.495457E-27  4.858690E-27  1.800855E-23  1.180713E-22  2.032438E-21  3.027012E-19  1.934967E-14  2.533703E-10
    461  4.054183851758E-01  3.781304E-27  1.252780E-26  3.720775E-23  2.475461E-22  4.309480E-21  5.319243E-19  2.782061E-14  2.996012E-10
    462  4.147392755742E-01  1.512633E-26  5.212712E-26  1.103927E-22  7.515239E-22  1.330031E-20  1.237660E-18  4.804356E-14  3.850164E-10
    463  4.232199499949E-01  5.370158E-26  1.942264E-25  2.994152E-22  2.085112E-21  3.744861E-20  2.692247E-18  7.982641E-14  4.862614E-10
    464  4.316976825025E-01  1.897008E-25  7.292669E-25  8.136261E-22  5.797668E-21  1.056285E-19  5.873576E-18  1.335083E-13  6.172963E-10
    465  4.393401554526E-01  5.893031E-25  2.417286E-24  2.000892E-21  1.455053E-20  2.683864E-19  1.183953E-17  2.124017E-13  7.673133E-10
    466  4.465935084243E-01  1.714582E-24  7.550129E-24  4.677691E-21  3.467593E-20  6.465504E-19  2.287849E-17  3.287084E-13  9.425423E-10
    467  4.537106765818E-01  4.866130E-24  2.316744E-23  1.073920E-20  8.099840E-20  1.524937E-18  4.337247E-17  5.011689E-13  1.150097E-09
    468  4.602314649238E-01  1.260838E-23  6.494403E-23  2.297769E-20  1.757651E-19  3.335098E-18  7.746636E-17  7.322626E-13  1.376174E-09
    469  4.709552966107E-01  6.010275E-23  3.571221E-22  8.054277E-20  6.270659E-19  1.202243E-17  1.990307E-16  1.344727E-12  1.837436E-09
    470  4.769745726746E-01  1.441607E-22  9.356276E-22  1.634100E-19  1.280717E-18  2.464572E-17  3.365428E-16  1.875835E-12  2.152636E-09
    471  4.828178172001E-01  3.371705E-22  2.393075E-21  3.262438E-19  2.564449E-18  4.947140E-17  5.594634E-16  2.578296E-12  2.501968E-09
    472  4.927188450138E-01  1.424673E-21  1.185479E-20  1.065285E-18  8.343533E-18  1.611157E-16  1.320958E-15  4.375218E-12  3.201882E-09
    473  5.000000000000E-01  4.113364E-21  3.870537E-20  2.569656E-18  1.992730E-17  3.838729E-16  2.484085E-15  6.407889E-12  3.813641E-09
