 *                                      
 * expansion:  temp0=  1.000E+10 den0=  3.000E+06 temp_stop=  1.000E+07
 *          time                xe159         xe160         xe161         cs118         cs119         cs120         cs121         cs122
      1  0.000000000000E+00  1.000000E-30  1.000000E-30  1.000000E-30  1.000000E-30  1.000000E-30  1.000000E-30  1.000000E-30  1.000000E-30
      2  1.000000000000E-16  1.000000E-30  1.000000E-30  1.000000E-30  1.000000E-30  1.217740E-30  1.126752E-30  1.178994E-30  1.119161E-30
      3  6.264265632874E-16  1.000000E-30  1.000000E-30  1.000000E-30  1.000001E-30  1.788450E-30  1.459514E-30  1.817250E-30  1.765672E-30
      4  2.206990590178E-15  1.000000E-30  1.000000E-30  1.000000E-30  1.000033E-30  1.999954E-30  1.579870E-30  2.304440E-30  2.602769E-30
      5  6.425069294186E-15  1.000000E-30  1.000000E-30  1.000000E-30  1.000106E-30  2.005578E-30  1.582336E-30  2.358481E-30  2.895442E-30
      6  1.724777641531E-14  1.000000E-30  1.000000E-30  1.000000E-30  1.000000E-30  2.002095E-30  1.583076E-30  2.362134E-30  2.983237E-30
      7  4.527785414179E-14  1.000000E-30  1.000000E-30  1.000000E-30  1.000000E-30  2.015251E-30  1.556563E-30  2.312552E-30  3.000999E-30
      8  1.231582592127E-13  1.000000E-30  1.000000E-30  1.000000E-30  1.159241E-30  2.497847E-30  1.799681E-30  2.479498E-30  3.407321E-30
      9  4.001734798240E-13  1.000000E-30  1.000000E-30  1.000000E-30  1.000000E-30  1.743207E-30  1.642260E-30  2.425859E-30  3.835690E-30
     10  1.150918682670E-12  1.000000E-30  1.000000E-30  1.000000E-30  1.000000E-30  1.275163E-30  1.224832E-30  1.794501E-30  2.547561E-30
     11  2.802808442389E-12  1.000000E-30  1.000000E-30  1.000000E-30  1.000000E-30  1.000000E-30  1.000000E-30  1.166705E-30  1.728097E-30
     12  6.912921996243E-12  1.000000E-30  1.000000E-30  1.000000E-30  1.000000E-30  1.000000E-30  1.000000E-30  1.000000E-30  1.000000E-30
     13  1.659368270033E-11  1.014647E-30  1.052607E-30  1.037721E-30  1.000000E-30  1.000000E-30  1.000000E-30  1.000000E-30  1.000000E-30
     14  1.134012897413E-10  1.000000E-30  1.000000E-30  1.000000E-30  1.000000E-30  1.000000E-30  1.000000E-30  1.000000E-30  1.000000E-30
     15  1.081477360150E-09  1.000000E-30  1.000000E-30  1.000000E-30  1.000000E-30  1.000000E-30  1.000000E-30  1.000000E-30  1.000000E-30
     16  1.076223806424E-08  1.000000E-30  1.000000E-30  1.000000E-30  1.000000E-30  1.000000E-30  1.000000E-30  1.000000E-30  1.000000E-30
     17  6.834096797002E-08  1.000000E-30  1.000000E-30  1.000000E-30  1.000000E-30  1.000000E-30  1.000000E-30  1.000000E-30  1.000000E-30
     18  2.542122411654E-07  1.000000E-30  1.000000E-30  1.000000E-30  1.000000E-30  1.000000E-30  1.000000E-30  1.000000E-30  1.000000E-30
     19  7.007518887657E-07  1.000000E-30  1.000000E-30  1.000000E-30  1.000000E-30  1.000000E-30  1.000000E-30  1.000000E-30  1.000000E-30
     20  1.724661805125E-06  1.000000E-30  1.000000E-30  1.000000E-30  1.000000E-30  1.000000E-30  1.000000E-30  1.000000E-30  1.000000E-30
     21  4.267664185819E-06  1.000000E-30  1.000000E-30  1.000000E-30  1.000000E-30  1.000000E-30  1.000000E-30  1.000000E-30  1.000000E-30
     22  1.786211798807E-05  1.000000E-30  1.000000E-30  1.000000E-30  1.000000E-30  1.000000E-30  1.000000E-30  1.000000E-30  1.000000E-30
     23  6.929007850093E-05  1.000000E-30  1.000000E-30  1.000000E-30  1.000000E-30  1.000000E-30  1.000000E-30  1.000000E-30  1.000000E-30
     24  5.835696836295E-04  1.000000E-30  1.000000E-30  1.000000E-30  1.000000E-30  1.000000E-30  1.000000E-30  1.000000E-30  1.000000E-30
     25  1.496090518789E-03  1.000000E-30  1.000000E-30  1.000000E-30  1.000000E-30  1.000000E-30  1.000000E-30  1.000000E-30  1.000000E-30
     26  2.379765156362E-03  1.000000E-30  1.000000E-30  1.000000E-30  1.000000E-30  1.000000E-30  1.000000E-30  1.000000E-30  1.000000E-30
     27  3.772948503579E-03  1.000000E-30  1.000000E-30  1.000000E-30  1.000000E-30  1.000000E-30  1.000000E-30  1.000000E-30  1.000000E-30
     28  4.957278025650E-03  1.000000E-30  1.000000E-30  1.000000E-30  1.000000E-30  1.000000E-30  1.000000E-30  1.000000E-30  1.000000E-30
     29  5.758110286319E-03  1.000000E-30  1.000000E-30  1.000000E-30  1.000000E-30  1.000000E-30  1.000000E-30  1.000000E-30  1.000000E-30
     30  6.636115041812E-03  1.000000E-30  1.000000E-30  1.000000E-30  1.000000E-30  1.000000E-30  1.000000E-30  1.000000E-30  1.000000E-30
     31  7.490864585256E-03  1.000000E-30  1.000000E-30  1.000000E-30  1.000000E-30  1.000000E-30  1.000000E-30  1.000000E-30  1.000000E-30
     32  8.026631019591E-03  1.000000E-30  1.000000E-30  1.000000E-30  1.000000E-30  1.000000E-30  1.000000E-30  1.000000E-30  1.000000E-30
     33  8.451616658664E-03  1.000000E-30  1.000000E-30  1.000000E-30  1.000000E-30  1.000000E-30  1.000000E-30  1.000000E-30  1.000000E-30
     34  9.803471762980E-03  1.000000E-30  1.000000E-30  1.000000E-30  1.000000E-30  1.000000E-30  1.000000E-30  1.000000E-30  1.000000E-30
     35  1.116687552369E-02  1.000000E-30  1.000000E-30  1.000000E-30  1.000000E-30  1.000000E-30  1.000000E-30  1.000000E-30  1.000000E-30
     36  1.219012310682E-02  1.000000E-30  1.000000E-30  1.000000E-30  1.000000E-30  1.000000E-30  1.000000E-30  1.000000E-30  1.000000E-30
     37  1.314647137106E-02  1.000000E-30  1.000000E-30  1.000000E-30  1.000000E-30  1.000000E-30  1.000000E-30  1.000000E-30  1.000000E-30
     38  1.431720408173E-02  1.000000E-30  1.000000E-30  1.000000E-30  1.000000E-30  1.000000E-30  1.000000E-30  1.000000E-30  1.000000E-30
     39  1.545287753035E-02  1.000000E-30  1.000000E-30  1.000000E-30  1.000000E-30  1.000000E-30  1.000000E-30  1.000000E-30  1.000000E-30
     40  1.716820108076E-02  1.000000E-30  1.000000E-30  1.000000E-30  1.000000E-30  1.000000E-30  1.000000E-30  1.000000E-30  1.000000E-30
     41  1.871872199221E-02  1.000000E-30  1.000000E-30  1.000000E-30  1.000000E-30  1.000000E-30  1.000000E-30  1.000000E-30  1.000000E-30
     42  2.131412024987E-02  1.000000E-30  1.000000E-30  1.000000E-30  1.000000E-30  1.000000E-30  1.000000E-30  1.000000E-30  1.000000E-30
     43  2.288535686070E-02  1.000000E-30  1.000000E-30  1.000000E-30  1.000000E-30  1.000000E-30  1.000000E-30  1.000000E-30  1.000000E-30
     44  2.437102778700E-02  1.000000E-30  1.000000E-30  1.000000E-30  1.000000E-30  1.000000E-30  1.000000E-30  1.000000E-30  1.000000E-30
     45  2.666254430666E-02  1.000000E-30  1.000000E-30  1.000000E-30  1.000000E-30  1.000000E-30  1.000000E-30  1.000000E-30  1.000000E-30
     46  2.807329513827E-02  1.000000E-30  1.000000E-30  1.000000E-30  1.000000E-30  1.000000E-30  1.000000E-30  1.000000E-30  1.000000E-30
     47  2.946719119355E-02  1.000000E-30  1.000000E-30  1.000000E-30  1.000000E-30  1.000000E-30  1.000000E-30  1.000000E-30  1.000000E-30
     48  2.982466835475E-02  1.000000E-30  1.000000E-30  1.000000E-30  1.000000E-30  1.000000E-30  1.000000E-30  1.000000E-30  1.000000E-30
     49  3.017238950627E-02  1.000000E-30  1.000000E-30  1.000000E-30  1.000000E-30  1.000000E-30  1.000000E-30  1.000000E-30  1.000000E-30
     50  3.052509122072E-02  1.000000E-30  1.000000E-30  1.000000E-30  1.000000E-30  1.000000E-30  1.000000E-30  1.000000E-30  1.000000E-30
     51  3.066477686677E-02  1.000000E-30  1.000000E-30  1.000000E-30  1.000000E-30  1.000000E-30  1.000000E-30  1.000000E-30  1.000000E-30
     52  3.080037159611E-02  1.000000E-30  1.000000E-30  1.000000E-30  1.000000E-30  1.000000E-30  1.000000E-30  1.000000E-30  1.000000E-30
     53  3.111325257314E-02  1.000000E-30  1.000000E-30  1.000000E-30  1.000000E-30  1.000000E-30  1.000000E-30  1.000000E-30  1.000000E-30
     54  3.147800645819E-02  1.000000E-30  1.000000E-30  1.000000E-30  1.000000E-30  1.000000E-30  1.000000E-30  1.000000E-30  1.000000E-30
     55  3.181357346897E-02  1.000000E-30  1.000000E-30  1.000000E-30  1.000000E-30  1.000000E-30  1.000000E-30  1.000000E-30  1.000000E-30
     56  3.217197145871E-02  1.000000E-30  1.000000E-30  1.000000E-30  1.000000E-30  1.000000E-30  1.000000E-30  1.000000E-30  1.000000E-30
     57  3.249951277145E-02  1.000000E-30  1.000000E-30  1.000000E-30  1.000000E-30  1.000000E-30  1.000000E-30  1.000000E-30  1.000000E-30
     58  3.262595809504E-02  1.000000E-30  1.000000E-30  1.000000E-30  1.000000E-30  1.000000E-30  1.000000E-30  1.000000E-30  1.000000E-30
     59  3.272641576722E-02  1.000000E-30  1.000000E-30  1.000000E-30  1.000000E-30  1.000000E-30  1.000000E-30  1.000000E-30  1.000000E-30
     60  3.304841700500E-02  1.000000E-30  1.000000E-30  1.000000E-30  1.000000E-30  1.000000E-30  1.000000E-30  1.000000E-30  1.000000E-30
     61  3.362823507679E-02  1.000000E-30  1.000000E-30  1.000000E-30  1.000000E-30  1.000000E-30  1.000000E-30  1.000000E-30  1.000000E-30
     62  3.417743618412E-02  1.000000E-30  1.000000E-30  1.000000E-30  1.000000E-30  1.000000E-30  1.000000E-30  1.000000E-30  1.000000E-30
     63  3.448472684867E-02  1.000000E-30  1.000000E-30  1.000000E-30  1.000000E-30  1.000000E-30  1.000000E-30  1.000000E-30  1.000000E-30
     64  3.459225947862E-02  1.000000E-30  1.000000E-30  1.000000E-30  1.000000E-30  1.000000E-30  1.000000E-30  1.000000E-30  1.000000E-30
     65  3.468161085917E-02  1.000000E-30  1.000000E-30  1.000000E-30  1.000000E-30  1.000000E-30  1.000000E-30  1.000000E-30  1.000000E-30
     66  3.501586344154E-02  1.000000E-30  1.000000E-30  1.000000E-30  1.000000E-30  1.000000E-30  1.000000E-30  1.000000E-30  1.000000E-30
     67  3.563385967804E-02  1.000000E-30  1.000000E-30  1.000000E-30  1.000000E-30  1.000000E-30  1.000000E-30  1.000000E-30  1.000000E-30
     68  3.619390900501E-02  1.000000E-30  1.000000E-30  1.000000E-30  1.000000E-30  1.000000E-30  1.000000E-30  1.000000E-30  1.000000E-30
     69  3.661379630041E-02  1.000000E-30  1.000000E-30  1.000000E-30  1.000000E-30  1.000000E-30  1.000000E-30  1.000000E-30  1.000000E-30
     70  3.704099468238E-02  1.000000E-30  1.000000E-30  1.000000E-30  1.000000E-30  1.000000E-30  1.000000E-30  1.000000E-30  1.000000E-30
     71  3.731378163516E-02  1.000000E-30  1.000000E-30  1.000000E-30  1.000000E-30  1.000000E-30  1.000000E-30  1.000000E-30  1.000000E-30
     72  3.757630769329E-02  1.000000E-30  1.000000E-30  1.000000E-30  1.000000E-30  1.000000E-30  1.000000E-30  1.000000E-30  1.000000E-30
     73  3.788075418501E-02  1.000000E-30  1.000000E-30  1.000000E-30  1.000000E-30  1.000000E-30  1.000000E-30  1.000000E-30  1.000000E-30
     74  3.819794660071E-02  1.000000E-30  1.000000E-30  1.000000E-30  1.000000E-30  1.000000E-30  1.000000E-30  1.000000E-30  1.000000E-30
     75  3.838080203158E-02  1.000000E-30  1.000000E-30  1.000000E-30  1.000000E-30  1.000000E-30  1.000000E-30  1.000000E-30  1.000000E-30
     76  3.859219912978E-02  1.000000E-30  1.000000E-30  1.000000E-30  1.000000E-30  1.000000E-30  1.000000E-30  1.000000E-30  1.000000E-30
     77  3.884096228080E-02  1.000000E-30  1.000000E-30  1.000000E-30  1.000000E-30  1.000000E-30  1.000000E-30  1.000000E-30  1.000000E-30
     78  3.907668434759E-02  1.000000E-30  1.000000E-30  1.000000E-30  1.000000E-30  1.000000E-30  1.000000E-30  1.000000E-30  1.000000E-30
     79  3.934936577490E-02  1.000000E-30  1.000000E-30  1.000000E-30  1.000000E-30  1.000000E-30  1.000000E-30  1.000000E-30  1.000000E-30
     80  3.961640452516E-02  1.000000E-30  1.000000E-30  1.000000E-30  1.000000E-30  1.000000E-30  1.000000E-30  1.000000E-30  1.000000E-30
     81  3.991996766101E-02  1.000000E-30  1.000000E-30  1.000000E-30  1.000000E-30  1.000000E-30  1.000000E-30  1.000000E-30  1.000000E-30
     82  4.019473378510E-02  1.000000E-30  1.000000E-30  1.000000E-30  1.000000E-30  1.000000E-30  1.000000E-30  1.000000E-30  1.000000E-30
     83  4.046928694587E-02  1.000000E-30  1.000000E-30  1.000000E-30  1.000000E-30  1.000000E-30  1.000000E-30  1.000000E-30  1.000000E-30
     84  4.074955599116E-02  1.000000E-30  1.000000E-30  1.000000E-30  1.000000E-30  1.000000E-30  1.000000E-30  1.000000E-30  1.000000E-30
     85  4.099011663524E-02  1.000000E-30  1.000000E-30  1.000000E-30  1.000000E-30  1.000000E-30  1.000000E-30  1.000000E-30  1.000000E-30
     86  4.118445936105E-02  1.000000E-30  1.000000E-30  1.000000E-30  1.000000E-30  1.000000E-30  1.000000E-30  1.000000E-30  1.000000E-30
     87  4.137235583218E-02  1.000000E-30  1.000000E-30  1.000000E-30  1.000000E-30  1.000000E-30  1.000000E-30  1.000000E-30  1.000000E-30
     88  4.152714488067E-02  1.000000E-30  1.000000E-30  1.000000E-30  1.000000E-30  1.000000E-30  1.000000E-30  1.000000E-30  1.000000E-30
     89  4.165981986900E-02  1.000000E-30  1.000000E-30  1.000000E-30  1.000000E-30  1.000000E-30  1.000000E-30  1.000000E-30  1.000000E-30
     90  4.188596337322E-02  1.000000E-30  1.000000E-30  1.000000E-30  1.000000E-30  1.000000E-30  1.000000E-30  1.000000E-30  1.000000E-30
     91  4.208159634323E-02  1.000000E-30  1.000000E-30  1.000000E-30  1.000000E-30  1.000000E-30  1.000000E-30  1.000000E-30  1.000000E-30
     92  4.230932596557E-02  1.000000E-30  1.000000E-30  1.000000E-30  1.000000E-30  1.000000E-30  1.000000E-30  1.000000E-30  1.000000E-30
     93  4.251598135750E-02  1.000000E-30  1.000000E-30  1.000000E-30  1.000000E-30  1.000000E-30  1.000000E-30  1.000000E-30  1.000000E-30
     94  4.274368410830E-02  1.000000E-30  1.000000E-30  1.000000E-30  1.000000E-30  1.000000E-30  1.000000E-30  1.000000E-30  1.000000E-30
     95  4.294191711445E-02  1.000000E-30  1.000000E-30  1.000000E-30  1.000000E-30  1.000000E-30  1.000000E-30  1.000000E-30  1.000000E-30
     96  4.316569238790E-02  1.000000E-30  1.000000E-30  1.000000E-30  1.000000E-30  1.000000E-30  1.000000E-30  1.000000E-30  1.000000E-30
     97  4.339365876136E-02  1.000000E-30  1.000000E-30  1.000000E-30  1.000000E-30  1.000000E-30  1.000000E-30  1.000000E-30  1.000000E-30
     98  4.362382833621E-02  1.000000E-30  1.000000E-30  1.000000E-30  1.000000E-30  1.000000E-30  1.000000E-30  1.000000E-30  1.000000E-30
     99  4.384703699487E-02  1.000000E-30  1.000000E-30  1.000000E-30  1.000000E-30  1.000000E-30  1.000000E-30  1.000000E-30  1.000000E-30
    100  4.408801045744E-02  1.000000E-30  1.000000E-30  1.000000E-30  1.000000E-30  1.000000E-30  1.000000E-30  1.000000E-30  1.000000E-30
    101  4.430336182063E-02  1.000000E-30  1.000000E-30  1.000000E-30  1.000000E-30  1.000000E-30  1.000000E-30  1.000000E-30  1.000000E-30
    102  4.453208602613E-02  1.000000E-30  1.000000E-30  1.000000E-30  1.000000E-30  1.000000E-30  1.000000E-30  1.000000E-30  1.000000E-30
    103  4.474836808964E-02  1.000000E-30  1.000000E-30  1.000000E-30  1.000000E-30  1.000000E-30  1.000000E-30  1.000000E-30  1.000000E-30
    104  4.497736119052E-02  1.000000E-30  1.000000E-30  1.000000E-30  1.000000E-30  1.000000E-30  1.000000E-30  1.000000E-30  1.000000E-30
    105  4.517199675598E-02  1.000000E-30  1.000000E-30  1.000000E-30  1.000000E-30  1.000000E-30  1.000000E-30  1.000000E-30  1.000000E-30
    106  4.536038532241E-02  1.000000E-30  1.000000E-30  1.000000E-30  1.000000E-30  1.000000E-30  1.000000E-30  1.000000E-30  1.000000E-30
    107  4.552484255766E-02  1.000000E-30  1.000000E-30  1.000000E-30  1.000000E-30  1.000000E-30  1.000000E-30  1.000000E-30  1.000000E-30
    108  4.581275722245E-02  1.000000E-30  1.000000E-30  1.000000E-30  1.000000E-30  1.000000E-30  1.000000E-30  1.000000E-30  1.000000E-30
    109  4.603616864208E-02  1.000000E-30  1.000000E-30  1.000000E-30  1.000000E-30  1.000000E-30  1.000000E-30  1.000000E-30  1.000000E-30
    110  4.624194314299E-02  1.000000E-30  1.000000E-30  1.000000E-30  1.000000E-30  1.000000E-30  1.000000E-30  1.000000E-30  1.000000E-30
    111  4.641297951594E-02  1.000000E-30  1.000000E-30  1.000000E-30  1.000000E-30  1.000000E-30  1.000000E-30  1.000000E-30  1.000000E-30
    112  4.656990459822E-02  1.000000E-30  1.000000E-30  1.000000E-30  1.000000E-30  1.000000E-30  1.000000E-30  1.000000E-30  1.000000E-30
    113  4.671253119976E-02  1.000000E-30  1.000000E-30  1.000000E-30  1.000000E-30  1.000000E-30  1.000000E-30  1.000000E-30  1.000000E-30
    114  4.684580987606E-02  1.000000E-30  1.000000E-30  1.000000E-30  1.000000E-30  1.000000E-30  1.000000E-30  1.000000E-30  1.000000E-30
    115  4.697520204195E-02  1.000000E-30  1.000000E-30  1.000000E-30  1.000000E-30  1.000000E-30  1.000000E-30  1.000000E-30  1.000000E-30
    116  4.709649788536E-02  1.000000E-30  1.000000E-30  1.000000E-30  1.000000E-30  1.000000E-30  1.000000E-30  1.000000E-30  1.000000E-30
    117  4.721637454993E-02  1.000000E-30  1.000000E-30  1.000000E-30  1.000000E-30  1.000000E-30  1.000000E-30  1.000000E-30  1.000000E-30
    118  4.732862910872E-02  1.000000E-30  1.000000E-30  1.000000E-30  1.000000E-30  1.000000E-30  1.000000E-30  1.000000E-30  1.000000E-30
    119  4.750539400184E-02  1.000000E-30  1.000000E-30  1.000000E-30  1.000000E-30  1.000000E-30  1.000000E-30  1.000000E-30  1.000000E-30
    120  4.767210524850E-02  1.000000E-30  1.000000E-30  1.000000E-30  1.000000E-30  1.000000E-30  1.000000E-30  1.000000E-30  1.000000E-30
    121  4.783406579930E-02  1.000000E-30  1.000000E-30  1.000000E-30  1.000000E-30  1.000000E-30  1.000000E-30  1.000000E-30  1.000000E-30
    122  4.799263518131E-02  1.000000E-30  1.000000E-30  1.000000E-30  1.000000E-30  1.000000E-30  1.000000E-30  1.000000E-30  1.000000E-30
    123  4.815339657435E-02  1.000000E-30  1.000000E-30  1.000000E-30  1.000000E-30  1.000000E-30  1.000000E-30  1.000000E-30  1.000000E-30
    124  4.832264594384E-02  1.000000E-30  1.000000E-30  1.000000E-30  1.000000E-30  1.000000E-30  1.000000E-30  1.000000E-30  1.000000E-30
    125  4.849826454798E-02  1.000000E-30  1.000000E-30  1.000000E-30  1.000000E-30  1.000000E-30  1.000000E-30  1.000000E-30  1.000000E-30
    126  4.867786870736E-02  1.000000E-30  1.000000E-30  1.000000E-30  1.000000E-30  1.000000E-30  1.000000E-30  1.000000E-30  1.000000E-30
    127  4.885872256535E-02  1.000000E-30  1.000000E-30  1.000000E-30  1.000000E-30  1.000000E-30  1.000000E-30  1.000000E-30  1.000000E-30
    128  4.903755607841E-02  1.000000E-30  1.000000E-30  1.000000E-30  1.000000E-30  1.000000E-30  1.000000E-30  1.000000E-30  1.000000E-30
    129  4.921259737621E-02  1.000000E-30  1.000000E-30  1.000000E-30  1.000000E-30  1.000000E-30  1.000000E-30  1.000000E-30  1.000000E-30
    130  4.938368810460E-02  1.000000E-30  1.000000E-30  1.000000E-30  1.000000E-30  1.000000E-30  1.000000E-30  1.000000E-30  1.000000E-30
    131  4.955132280349E-02  1.000000E-30  1.000000E-30  1.000000E-30  1.000000E-30  1.000000E-30  1.000000E-30  1.000000E-30  1.000000E-30
    132  4.971624312404E-02  1.000000E-30  1.000000E-30  1.000000E-30  1.000000E-30  1.000000E-30  1.000000E-30  1.000000E-30  1.000000E-30
    133  4.987811857735E-02  1.000000E-30  1.000000E-30  1.000000E-30  1.000000E-30  1.000000E-30  1.000000E-30  1.000000E-30  1.000000E-30
    134  5.003799836445E-02  1.000000E-30  1.000000E-30  1.000000E-30  1.000000E-30  1.000000E-30  1.000000E-30  1.000000E-30  1.000000E-30
    135  5.019682549602E-02  1.000000E-30  1.000000E-30  1.000000E-30  1.000000E-30  1.000000E-30  1.000000E-30  1.000000E-30  1.000000E-30
    136  5.035511419132E-02  1.000000E-30  1.000000E-30  1.000000E-30  1.000000E-30  1.000000E-30  1.000000E-30  1.000000E-30  1.000000E-30
    137  5.051299755300E-02  1.000000E-30  1.000000E-30  1.000000E-30  1.000000E-30  1.000000E-30  1.000000E-30  1.000000E-30  1.000000E-30
    138  5.067010535678E-02  1.000000E-30  1.000000E-30  1.000000E-30  1.000000E-30  1.000000E-30  1.000000E-30  1.000000E-30  1.000000E-30
    139  5.082726902819E-02  1.000000E-30  1.000000E-30  1.000000E-30  1.000000E-30  1.000000E-30  1.000000E-30  1.000000E-30  1.000000E-30
    140  5.098506829486E-02  1.000000E-30  1.000000E-30  1.000000E-30  1.000000E-30  1.000000E-30  1.000000E-30  1.000000E-30  1.000000E-30
    141  5.114361869269E-02  1.000000E-30  1.000000E-30  1.000000E-30  1.000000E-30  1.000000E-30  1.000000E-30  1.000000E-30  1.000000E-30
    142  5.130328078870E-02  1.000000E-30  1.000000E-30  1.000000E-30  1.000000E-30  1.000000E-30  1.000000E-30  1.000000E-30  1.000000E-30
    143  5.146205644840E-02  1.000000E-30  1.000000E-30  1.000000E-30  1.000000E-30  1.000000E-30  1.000000E-30  1.000000E-30  1.000000E-30
    144  5.162089365231E-02  1.000000E-30  1.000000E-30  1.000000E-30  1.000000E-30  1.000000E-30  1.000000E-30  1.000000E-30  1.000000E-30
    145  5.177902725711E-02  1.000000E-30  1.000000E-30  1.000000E-30  1.000000E-30  1.000000E-30  1.000000E-30  1.000000E-30  1.000000E-30
    146  5.193558292952E-02  1.000000E-30  1.000000E-30  1.000000E-30  1.000000E-30  1.000000E-30  1.000000E-30  1.000000E-30  1.000000E-30
    147  5.207655208218E-02  1.000000E-30  1.000000E-30  1.000000E-30  1.000000E-30  1.000000E-30  1.000000E-30  1.000000E-30  1.000000E-30
    148  5.220437120847E-02  1.000000E-30  1.000000E-30  1.000000E-30  1.000000E-30  1.000000E-30  1.000000E-30  1.000000E-30  1.000000E-30
    149  5.240275279905E-02  1.000000E-30  1.000000E-30  1.000000E-30  1.000000E-30  1.000000E-30  1.000000E-30  1.000000E-30  1.000000E-30
    150  5.258707116153E-02  1.000000E-30  1.000000E-30  1.000000E-30  1.000000E-30  1.000000E-30  1.000000E-30  1.000000E-30  1.000000E-30
    151  5.276353482958E-02  1.000000E-30  1.000000E-30  1.000000E-30  1.000000E-30  1.000000E-30  1.000000E-30  1.000000E-30  1.000000E-30
    152  5.293536770993E-02  1.000000E-30  1.000000E-30  1.000000E-30  1.000000E-30  1.000000E-30  1.000000E-30  1.000000E-30  1.000000E-30
    153  5.310288915571E-02  1.000000E-30  1.000000E-30  1.000000E-30  1.000000E-30  1.000000E-30  1.000000E-30  1.000000E-30  1.000000E-30
    154  5.325369291828E-02  1.000000E-30  1.000000E-30  1.000000E-30  1.000000E-30  1.000000E-30  1.000000E-30  1.000000E-30  1.000000E-30
    155  5.339308966526E-02  1.000000E-30  1.000000E-30  1.000000E-30  1.000000E-30  1.000000E-30  1.000000E-30  1.000000E-30  1.000000E-30
    156  5.362726198018E-02  1.000000E-30  1.000000E-30  1.000000E-30  1.000000E-30  1.000000E-30  1.000000E-30  1.000000E-30  1.000000E-30
    157  5.383816121000E-02  1.000000E-30  1.000000E-30  1.000000E-30  1.000000E-30  1.000000E-30  1.000000E-30  1.000000E-30  1.000000E-30
    158  5.403768730975E-02  1.000000E-30  1.000000E-30  1.000000E-30  1.000000E-30  1.000000E-30  1.000000E-30  1.000000E-30  1.000000E-30
    159  5.422986619970E-02  1.000000E-30  1.000000E-30  1.000000E-30  1.000000E-30  1.000000E-30  1.000000E-30  1.000000E-30  1.000000E-30
    160  5.440569294967E-02  1.000000E-30  1.000000E-30  1.000000E-30  1.000000E-30  1.000000E-30  1.000000E-30  1.000000E-30  1.000000E-30
    161  5.456994612052E-02  1.000000E-30  1.000000E-30  1.000000E-30  1.000000E-30  1.000000E-30  1.000000E-30  1.000000E-30  1.000000E-30
    162  5.485681963417E-02  1.000000E-30  1.000000E-30  1.000000E-30  1.000000E-30  1.000000E-30  1.000000E-30  1.000000E-30  1.000000E-30
    163  5.511708850657E-02  1.000000E-30  1.000000E-30  1.000000E-30  1.000000E-30  1.000000E-30  1.000000E-30  1.000000E-30  1.000000E-30
    164  5.536560227933E-02  1.000000E-30  1.000000E-30  1.000000E-30  1.000000E-30  1.000000E-30  1.000000E-30  1.000000E-30  1.000000E-30
    165  5.559867087093E-02  1.000000E-30  1.000000E-30  1.000000E-30  1.000000E-30  1.000000E-30  1.000000E-30  1.000000E-30  1.000000E-30
    166  5.582344501454E-02  1.000000E-30  1.000000E-30  1.000000E-30  1.000000E-30  1.000000E-30  1.000000E-30  1.000000E-30  1.000000E-30
    167  5.608267729631E-02  1.000000E-30  1.000000E-30  1.000000E-30  1.000000E-30  1.000000E-30  1.000000E-30  1.000000E-30  1.000000E-30
    168  5.632179590432E-02  1.000000E-30  1.000000E-30  1.000000E-30  1.000000E-30  1.000000E-30  1.000000E-30  1.000000E-30  1.000000E-30
    169  5.658568452696E-02  1.000000E-30  1.000000E-30  1.000000E-30  1.000000E-30  1.000000E-30  1.000000E-30  1.000000E-30  1.000000E-30
    170  5.682194908758E-02  1.000000E-30  1.000000E-30  1.000000E-30  1.000000E-30  1.000000E-30  1.000000E-30  1.000000E-30  1.000000E-30
    171  5.707748662895E-02  1.000000E-30  1.000000E-30  1.000000E-30  1.000000E-30  1.000000E-30  1.000000E-30  1.000000E-30  1.000000E-30
    172  5.730159219632E-02  1.000000E-30  1.000000E-30  1.000000E-30  1.000000E-30  1.000000E-30  1.000000E-30  1.000000E-30  1.000000E-30
    173  5.769211250520E-02  1.000000E-30  1.000000E-30  1.000000E-30  1.000000E-30  1.000000E-30  1.000000E-30  1.000000E-30  1.000000E-30
    174  5.804755660481E-02  1.000000E-30  1.000000E-30  1.000000E-30  1.000000E-30  1.000000E-30  1.000000E-30  1.000000E-30  1.000000E-30
    175  5.837706807704E-02  1.000000E-30  1.000000E-30  1.000000E-30  1.000000E-30  1.000000E-30  1.000000E-30  1.000000E-30  1.000000E-30
    176  5.868213309337E-02  1.000000E-30  1.000000E-30  1.000000E-30  1.000000E-30  1.000000E-30  1.000000E-30  1.000000E-30  1.000000E-30
    177  5.897372529375E-02  1.000000E-30  1.000000E-30  1.000000E-30  1.000000E-30  1.000000E-30  1.000000E-30  1.000000E-30  1.000000E-30
    178  5.927019313219E-02  1.000000E-30  1.000000E-30  1.000000E-30  1.000000E-30  1.000000E-30  1.000000E-30  1.000000E-30  1.000000E-30
    179  5.955970264735E-02  1.000000E-30  1.000000E-30  1.000000E-30  1.000000E-30  1.000000E-30  1.000000E-30  1.000000E-30  1.000000E-30
    180  5.987296131417E-02  1.000000E-30  1.000000E-30  1.000000E-30  1.000000E-30  1.000000E-30  1.000000E-30  1.000000E-30  1.000000E-30
    181  6.018239261751E-02  1.000000E-30  1.000000E-30  1.000000E-30  1.000000E-30  1.000000E-30  1.000000E-30  1.000000E-30  1.000000E-30
    182  6.051941164510E-02  1.000000E-30  1.000000E-30  1.000000E-30  1.000000E-30  1.000000E-30  1.000000E-30  1.000000E-30  1.000000E-30
    183  6.081686890997E-02  1.000000E-30  1.000000E-30  1.000000E-30  1.000000E-30  1.000000E-30  1.000000E-30  1.000000E-30  1.000000E-30
    184  6.107970107709E-02  1.000000E-30  1.000000E-30  1.000000E-30  1.000000E-30  1.000000E-30  1.000000E-30  1.000000E-30  1.000000E-30
    185  6.149099227918E-02  1.000000E-30  1.000000E-30  1.000000E-30  1.000000E-30  1.000000E-30  1.000000E-30  1.000000E-30  1.000000E-30
    186  6.184187848266E-02  1.000000E-30  1.000000E-30  1.000000E-30  1.000000E-30  1.000000E-30  1.000000E-30  1.000000E-30  1.000000E-30
    187  6.212841772032E-02  1.000000E-30  1.000000E-30  1.000000E-30  1.000000E-30  1.000000E-30  1.000000E-30  1.000000E-30  1.000000E-30
    188  6.241083345826E-02  1.000000E-30  1.000000E-30  1.000000E-30  1.000000E-30  1.000000E-30  1.000000E-30  1.000000E-30  1.000000E-30
    189  6.286334795077E-02  1.000000E-30  1.000000E-30  1.000000E-30  1.000000E-30  1.000000E-30  1.000000E-30  1.000000E-30  1.000000E-30
    190  6.324448148531E-02  1.000000E-30  1.000000E-30  1.000000E-30  1.000000E-30  1.000000E-30  1.000000E-30  1.000000E-30  1.000000E-30
    191  6.354755735680E-02  1.000000E-30  1.000000E-30  1.000000E-30  1.000000E-30  1.000000E-30  1.000000E-30  1.000000E-30  1.000000E-30
    192  6.382753282149E-02  1.000000E-30  1.000000E-30  1.000000E-30  1.000000E-30  1.000000E-30  1.000000E-30  1.000000E-30  1.000000E-30
    193  6.429792763326E-02  1.000000E-30  1.000000E-30  1.000000E-30  1.000000E-30  1.000000E-30  1.000000E-30  1.000000E-30  1.000000E-30
    194  6.470641913937E-02  1.000000E-30  1.000000E-30  1.000000E-30  1.000000E-30  1.000000E-30  1.000000E-30  1.000000E-30  1.000000E-30
    195  6.514351188605E-02  1.000000E-30  1.000000E-30  1.000000E-30  1.000000E-30  1.000000E-30  1.000000E-30  1.000000E-30  1.000000E-30
    196  6.551961572666E-02  1.000000E-30  1.000000E-30  1.000000E-30  1.000000E-30  1.000000E-30  1.000000E-30  1.000000E-30  1.000000E-30
    197  6.614173306661E-02  1.000000E-30  1.000000E-30  1.000000E-30  1.000000E-30  1.000000E-30  1.000000E-30  1.000000E-30  1.000000E-30
    198  6.666431851744E-02  1.000000E-30  1.000000E-30  1.000000E-30  1.000000E-30  1.000000E-30  1.000000E-30  1.000000E-30  1.000000E-30
    199  6.714973898932E-02  1.000000E-30  1.000000E-30  1.000000E-30  1.000000E-30  1.000000E-30  1.000000E-30  1.000000E-30  1.000000E-30
    200  6.763365269933E-02  1.000000E-30  1.000000E-30  1.000000E-30  1.000000E-30  1.000000E-30  1.000000E-30  1.000000E-30  1.000000E-30
    201  6.810748363549E-02  1.000000E-30  1.000000E-30  1.000000E-30  1.000000E-30  1.000000E-30  1.000000E-30  1.000000E-30  1.000000E-30
    202  6.886988901479E-02  1.000000E-30  1.000000E-30  1.000000E-30  1.000000E-30  1.000000E-30  1.000000E-30  1.000000E-30  1.000000E-30
    203  6.932442343830E-02  1.000000E-30  1.000000E-30  1.000000E-30  1.000000E-30  1.000000E-30  1.000000E-30  1.000000E-30  1.000000E-30
    204  6.977291475786E-02  1.000000E-30  1.000000E-30  1.000000E-30  1.000000E-30  1.000000E-30  1.000000E-30  1.000000E-30  1.000000E-30
    205  7.051837306122E-02  1.000000E-30  1.000000E-30  1.000000E-30  1.000000E-30  1.000000E-30  1.000000E-30  1.000000E-30  1.000000E-30
    206  7.120724846930E-02  1.000000E-30  1.000000E-30  1.000000E-30  1.000000E-30  1.000000E-30  1.000000E-30  1.000000E-30  1.000000E-30
    207  7.185571854523E-02  1.000000E-30  1.000000E-30  1.000000E-30  1.000000E-30  1.000000E-30  1.000000E-30  1.000000E-30  1.000000E-30
    208  7.250556240022E-02  1.000000E-30  1.000000E-30  1.000000E-30  1.000000E-30  1.000000E-30  1.000000E-30  1.000000E-30  1.000000E-30
    209  7.308358088908E-02  1.000000E-30  1.000000E-30  1.000000E-30  1.000000E-30  1.000000E-30  1.000000E-30  1.000000E-30  1.000000E-30
    210  7.365083251161E-02  1.000000E-30  1.000000E-30  1.000000E-30  1.000000E-30  1.000000E-30  1.000000E-30  1.000000E-30  1.000000E-30
    211  7.420607479025E-02  1.000000E-30  1.000000E-30  1.000000E-30  1.000000E-30  1.000000E-30  1.000000E-30  1.000000E-30  1.000000E-30
    212  7.477269193766E-02  1.000000E-30  1.000000E-30  1.000000E-30  1.000000E-30  1.000000E-30  1.000000E-30  1.000000E-30  1.000000E-30
    213  7.532671922740E-02  1.000000E-30  1.000000E-30  1.000000E-30  1.000000E-30  1.000000E-30  1.000000E-30  1.000000E-30  1.000000E-30
    214  7.590819975934E-02  1.000000E-30  1.000000E-30  1.000000E-30  1.000000E-30  1.000000E-30  1.000000E-30  1.000000E-30  1.000000E-30
    215  7.648106882397E-02  1.000000E-30  1.000000E-30  1.000000E-30  1.000000E-30  1.000000E-30  1.000000E-30  1.000000E-30  1.000000E-30
    216  7.706864365518E-02  1.000000E-30  1.000000E-30  1.000000E-30  1.000000E-30  1.000000E-30  1.000000E-30  1.000000E-30  1.000000E-30
    217  7.765097184480E-02  1.000000E-30  1.000000E-30  1.000000E-30  1.000000E-30  1.000000E-30  1.000000E-30  1.000000E-30  1.000000E-30
    218  7.824188421090E-02  1.000000E-30  1.000000E-30  1.000000E-30  1.000000E-30  1.000000E-30  1.000000E-30  1.000000E-30  1.000000E-30
    219  7.883216312169E-02  1.000000E-30  1.000000E-30  1.000000E-30  1.000000E-30  1.000000E-30  1.000000E-30  1.000000E-30  1.000000E-30
    220  7.934760137230E-02  1.000000E-30  1.000000E-30  1.000000E-30  1.000000E-30  1.000000E-30  1.000000E-30  1.000000E-30  1.000000E-30
    221  7.991019390762E-02  1.000000E-30  1.000000E-30  1.000000E-30  1.000000E-30  1.000000E-30  1.000000E-30  1.000000E-30  1.000000E-30
    222  8.044081450283E-02  1.000000E-30  1.000000E-30  1.000000E-30  1.000000E-30  1.000000E-30  1.000000E-30  1.000000E-30  1.000000E-30
    223  8.103419684334E-02  1.000000E-30  1.000000E-30  1.000000E-30  1.000000E-30  1.000000E-30  1.000000E-30  1.000000E-30  1.000000E-30
    224  8.158988408622E-02  1.000000E-30  1.000000E-30  1.000000E-30  1.000000E-30  1.000000E-30  1.000000E-30  1.000000E-30  1.000000E-30
    225  8.219791245697E-02  1.000000E-30  1.000000E-30  1.000000E-30  1.000000E-30  1.000000E-30  1.000000E-30  1.000000E-30  1.000000E-30
    226  8.273529679330E-02  1.000000E-30  1.000000E-30  1.000000E-30  1.000000E-30  1.000000E-30  1.000000E-30  1.000000E-30  1.000000E-30
    227  8.327310875316E-02  1.000000E-30  1.000000E-30  1.000000E-30  1.000000E-30  1.000000E-30  1.000000E-30  1.000000E-30  1.000000E-30
    228  8.381967664174E-02  1.000000E-30  1.000000E-30  1.000000E-30  1.000000E-30  1.000000E-30  1.000000E-30  1.000000E-30  1.000000E-30
    229  8.442137901789E-02  1.000000E-30  1.000000E-30  1.000000E-30  1.000000E-30  1.000000E-30  1.000000E-30  1.000000E-30  1.000000E-30
    230  8.496109010092E-02  1.000000E-30  1.000000E-30  1.000000E-30  1.000000E-30  1.000000E-30  1.000000E-30  1.000000E-30  1.000000E-30
    231  8.556251684447E-02  1.000000E-30  1.000000E-30  1.000000E-30  1.000000E-30  1.000000E-30  1.000000E-30  1.000000E-30  1.000000E-30
    232  8.609514523980E-02  1.000000E-30  1.000000E-30  1.000000E-30  1.000000E-30  1.000000E-30  1.000000E-30  1.000000E-30  1.000000E-30
    233  8.668730402486E-02  1.000000E-30  1.000000E-30  1.000000E-30  1.000000E-30  1.000000E-30  1.000000E-30  1.000000E-30  1.000000E-30
    234  8.725638446658E-02  1.000000E-30  1.000000E-30  1.000000E-30  1.000000E-30  1.000000E-30  1.000000E-30  1.000000E-30  1.000000E-30
    235  8.784892152766E-02  1.000000E-30  1.000000E-30  1.000000E-30  1.000000E-30  1.000000E-30  1.000000E-30  1.000000E-30  1.000000E-30
    236  8.837914431516E-02  1.000000E-30  1.000000E-30  1.000000E-30  1.000000E-30  1.000000E-30  1.000000E-30  1.000000E-30  1.000000E-30
    237  8.927467123273E-02  1.000000E-30  1.000000E-30  1.000000E-30  1.000000E-30  1.000000E-30  1.000000E-30  1.000000E-30  1.000000E-30
    238  9.009385267910E-02  1.000000E-30  1.000000E-30  1.000000E-30  1.000000E-30  1.000000E-30  1.000000E-30  1.000000E-30  1.000000E-30
    239  9.088007009323E-02  1.000000E-30  1.000000E-30  1.000000E-30  1.000000E-30  1.000000E-30  1.000000E-30  1.000000E-30  1.000000E-30
    240  9.160938796651E-02  1.000000E-30  1.000000E-30  1.000000E-30  1.000000E-30  1.000000E-30  1.000000E-30  1.000000E-30  1.000000E-30
    241  9.231864750676E-02  1.000000E-30  1.000000E-30  1.000000E-30  1.000000E-30  1.000000E-30  1.000000E-30  1.000000E-30  1.000000E-30
    242  9.335415502949E-02  1.000000E-30  1.000000E-30  1.000000E-30  1.000000E-30  1.000000E-30  1.000000E-30  1.000000E-30  1.000000E-30
    243  9.429165011748E-02  1.000000E-30  1.000000E-30  1.000000E-30  1.000000E-30  1.000000E-30  1.000000E-30  1.000000E-30  1.000000E-30
    244  9.514750284226E-02  1.000000E-30  1.000000E-30  1.000000E-30  1.000000E-30  1.000000E-30  1.000000E-30  1.000000E-30  1.000000E-30
    245  9.592869681963E-02  1.000000E-30  1.000000E-30  1.000000E-30  1.000000E-30  1.000000E-30  1.000000E-30  1.000000E-30  1.000000E-30
    246  9.638259128200E-02  1.000000E-30  1.000000E-30  1.000000E-30  1.000000E-30  1.000000E-30  1.000000E-30  1.000000E-30  1.000000E-30
    247  9.686466198075E-02  1.000000E-30  1.000000E-30  1.000000E-30  1.000000E-30  1.000000E-30  1.000000E-30  1.000000E-30  1.000000E-30
    248  9.745016881397E-02  1.000000E-30  1.000000E-30  1.000000E-30  1.000000E-30  1.000000E-30  1.000000E-30  1.000000E-30  1.000000E-30
    249  9.798964068785E-02  1.000000E-30  1.000000E-30  1.000000E-30  1.000000E-30  1.000000E-30  1.000000E-30  1.000000E-30  1.000000E-30
    250  9.892639389759E-02  1.000000E-30  1.000000E-30  1.000000E-30  1.000000E-30  1.000000E-30  1.000000E-30  1.000000E-30  1.000000E-30
    251  9.977784733458E-02  1.000000E-30  1.000000E-30  1.000000E-30  1.000000E-30  1.000000E-30  1.000000E-30  1.000000E-30  1.000000E-30
    252  1.005622893962E-01  1.000000E-30  1.000000E-30  1.000000E-30  1.000000E-30  1.000000E-30  1.000000E-30  1.000000E-30  1.000000E-30
    253  1.013070552067E-01  1.000000E-30  1.000000E-30  1.000000E-30  1.000000E-30  1.000000E-30  1.000000E-30  1.000000E-30  1.000000E-30
    254  1.019791947326E-01  1.000000E-30  1.000000E-30  1.000000E-30  1.000000E-30  1.000000E-30  1.000000E-30  1.000000E-30  1.000000E-30
    255  1.025982572428E-01  1.000000E-30  1.000000E-30  1.000000E-30  1.000000E-30  1.000000E-30  1.000000E-30  1.000000E-30  1.000000E-30
    256  1.032644197032E-01  1.000000E-30  1.000000E-30  1.000000E-30  1.000000E-30  1.000000E-30  1.000000E-30  1.000000E-30  1.000000E-30
    257  1.039121745974E-01  1.000000E-30  1.000000E-30  1.000000E-30  1.000000E-30  1.000000E-30  1.000000E-30  1.000000E-30  1.000000E-30
    258  1.045193471709E-01  1.000000E-30  1.000000E-30  1.000000E-30  1.000000E-30  1.000000E-30  1.000000E-30  1.000000E-30  1.000000E-30
    259  1.051181778144E-01  1.000000E-30  1.000000E-30  1.000000E-30  1.000000E-30  1.000000E-30  1.000000E-30  1.000000E-30  1.000000E-30
    260  1.056826419982E-01  1.000000E-30  1.000000E-30  1.000000E-30  1.000000E-30  1.000000E-30  1.000000E-30  1.000000E-30  1.000000E-30
    261  1.062431336111E-01  1.000000E-30  1.000000E-30  1.000000E-30  1.000000E-30  1.000000E-30  1.000000E-30  1.000000E-30  1.000000E-30
    262  1.068146627648E-01  1.000000E-30  1.000000E-30  1.000000E-30  1.000000E-30  1.000000E-30  1.000000E-30  1.000000E-30  1.000000E-30
    263  1.073656177930E-01  1.000000E-30  1.000000E-30  1.000000E-30  1.000000E-30  1.000000E-30  1.000000E-30  1.000000E-30  1.000000E-30
    264  1.079139362418E-01  1.000000E-30  1.000000E-30  1.000000E-30  1.000000E-30  1.000000E-30  1.000000E-30  1.000000E-30  1.000000E-30
    265  1.084202130578E-01  1.000000E-30  1.000000E-30  1.000000E-30  1.000000E-30  1.000000E-30  1.000000E-30  1.000000E-30  1.000000E-30
    266  1.089957947327E-01  1.000000E-30  1.000000E-30  1.000000E-30  1.000000E-30  1.000000E-30  1.000000E-30  1.000000E-30  1.000000E-30
    267  1.095139929398E-01  1.000000E-30  1.000000E-30  1.000000E-30  1.000000E-30  1.000000E-30  1.000000E-30  1.000000E-30  1.000000E-30
    268  1.100036617482E-01  1.000000E-30  1.000000E-30  1.000000E-30  1.000000E-30  1.000000E-30  1.000000E-30  1.000000E-30  1.000000E-30
    269  1.105581599754E-01  1.000000E-30  1.000000E-30  1.000000E-30  1.000000E-30  1.000000E-30  1.000000E-30  1.000000E-30  1.000000E-30
    270  1.111738162549E-01  1.000000E-30  1.000000E-30  1.000000E-30  1.000000E-30  1.000000E-30  1.000000E-30  1.000000E-30  1.000000E-30
    271  1.117276452796E-01  1.000000E-30  1.000000E-30  1.000000E-30  1.000000E-30  1.000000E-30  1.000000E-30  1.000000E-30  1.000000E-30
    272  1.122547306619E-01  1.000000E-30  1.000000E-30  1.000000E-30  1.000000E-30  1.000000E-30  1.000000E-30  1.000000E-30  1.000000E-30
    273  1.128196390807E-01  1.000000E-30  1.000000E-30  1.000000E-30  1.000000E-30  1.000000E-30  1.000000E-30  1.000000E-30  1.000000E-30
    274  1.134172103791E-01  1.000000E-30  1.000000E-30  1.000000E-30  1.000000E-30  1.000000E-30  1.000000E-30  1.000000E-30  1.000000E-30
    275  1.139661173569E-01  1.000000E-30  1.000000E-30  1.000000E-30  1.000000E-30  1.000000E-30  1.000000E-30  1.000000E-30  1.000000E-30
    276  1.145721141816E-01  1.000000E-30  1.000000E-30  1.000000E-30  1.000000E-30  1.000000E-30  1.000000E-30  1.000000E-30  1.000000E-30
    277  1.151138636995E-01  1.000000E-30  1.000000E-30  1.000000E-30  1.000000E-30  1.000000E-30  1.000000E-30  1.000000E-30  1.000000E-30
    278  1.160623872824E-01  1.000000E-30  1.000000E-30  1.000000E-30  1.000000E-30  1.000000E-30  1.000000E-30  1.000000E-30  1.000000E-30
    279  1.166131253687E-01  1.000000E-30  1.000000E-30  1.000000E-30  1.000000E-30  1.000000E-30  1.000000E-30  1.000000E-30  1.000000E-30
    280  1.171578902390E-01  1.000000E-30  1.000000E-30  1.000000E-30  1.000000E-30  1.000000E-30  1.000000E-30  1.000000E-30  1.000000E-30
    281  1.179966344325E-01  1.000000E-30  1.000000E-30  1.000000E-30  1.000000E-30  1.000000E-30  1.000000E-30  1.000000E-30  1.000000E-30
    282  1.184626561866E-01  1.000000E-30  1.000000E-30  1.000000E-30  1.000000E-30  1.000000E-30  1.000000E-30  1.000000E-30  1.000000E-30
    283  1.189221956404E-01  1.000000E-30  1.000000E-30  1.000000E-30  1.000000E-30  1.000000E-30  1.000000E-30  1.000000E-30  1.000000E-30
    284  1.197605220964E-01  1.000000E-30  1.000000E-30  1.000000E-30  1.000000E-30  1.000000E-30  1.000000E-30  1.000000E-30  1.000000E-30
    285  1.205341475296E-01  1.000000E-30  1.000000E-30  1.000000E-30  1.000000E-30  1.000000E-30  1.000000E-30  1.000000E-30  1.000000E-30
    286  1.212540834288E-01  1.000000E-30  1.000000E-30  1.000000E-30  1.000000E-30  1.000000E-30  1.000000E-30  1.000000E-30  1.000000E-30
    287  1.219299358624E-01  1.000000E-30  1.000000E-30  1.000000E-30  1.000000E-30  1.000000E-30  1.000000E-30  1.000000E-30  1.000000E-30
    288  1.225766858039E-01  1.000000E-30  1.000000E-30  1.000000E-30  1.000000E-30  1.000000E-30  1.000000E-30  1.000000E-30  1.000000E-30
    289  1.231854533608E-01  1.000000E-30  1.000000E-30  1.000000E-30  1.000000E-30  1.000000E-30  1.000000E-30  1.000000E-30  1.000000E-30
    290  1.237219182154E-01  1.000000E-30  1.000000E-30  1.000000E-30  1.000000E-30  1.000000E-30  1.000000E-30  1.000000E-30  1.000000E-30
    291  1.242404039059E-01  1.000000E-30  1.000000E-30  1.000000E-30  1.000000E-30  1.000000E-30  1.000000E-30  1.000000E-30  1.000000E-30
    292  1.248086455930E-01  1.000000E-30  1.000000E-30  1.000000E-30  1.000000E-30  1.000000E-30  1.000000E-30  1.000000E-30  1.000000E-30
    293  1.253177247642E-01  1.000000E-30  1.000000E-30  1.000000E-30  1.000000E-30  1.000000E-30  1.000000E-30  1.000000E-30  1.000000E-30
    294  1.258810647447E-01  1.000000E-30  1.000000E-30  1.000000E-30  1.000000E-30  1.000000E-30  1.000000E-30  1.000000E-30  1.000000E-30
    295  1.264205598797E-01  1.000000E-30  1.000000E-30  1.000000E-30  1.000000E-30  1.000000E-30  1.000000E-30  1.000000E-30  1.000000E-30
    296  1.270317883483E-01  1.000000E-30  1.000000E-30  1.000000E-30  1.000000E-30  1.000000E-30  1.000000E-30  1.000000E-30  1.000000E-30
    297  1.275757308169E-01  1.000000E-30  1.000000E-30  1.000000E-30  1.000000E-30  1.000000E-30  1.000000E-30  1.000000E-30  1.000000E-30
    298  1.286048671531E-01  1.000000E-30  1.000000E-30  1.000000E-30  1.000000E-30  1.000000E-30  1.000000E-30  1.000000E-30  1.000000E-30
    299  1.290949488661E-01  1.000000E-30  1.000000E-30  1.000000E-30  1.000000E-30  1.000000E-30  1.000000E-30  1.000000E-30  1.000000E-30
    300  1.295345101683E-01  1.000000E-30  1.000000E-30  1.000000E-30  1.000000E-30  1.000000E-30  1.000000E-30  1.000000E-30  1.000000E-30
    301  1.303954523490E-01  1.000000E-30  1.000000E-30  1.000000E-30  1.000000E-30  1.000000E-30  1.000000E-30  1.000000E-30  1.000000E-30
    302  1.308549873199E-01  1.623151E-30  1.000000E-30  1.000000E-30  1.000000E-30  1.000000E-30  1.000000E-30  1.000000E-30  1.000000E-30
    303  1.312776310019E-01  2.894042E-30  1.000000E-30  1.000000E-30  1.000000E-30  1.000000E-30  1.000000E-30  1.000000E-30  1.000000E-30
    304  1.320787884157E-01  8.561928E-30  1.000000E-30  1.000000E-30  1.000000E-30  1.000000E-30  1.000000E-30  1.000000E-30  1.000000E-30
    305  1.327308179063E-01  2.045385E-29  1.000000E-30  1.000000E-30  1.000000E-30  1.000000E-30  1.000000E-30  1.000000E-30  1.000000E-30
    306  1.333821207310E-01  4.834322E-29  1.000000E-30  1.000000E-30  1.000000E-30  1.000000E-30  1.000000E-30  1.000000E-30  1.000000E-30
    307  1.339749669338E-01  1.048839E-28  1.071325E-30  1.000000E-30  1.000000E-30  1.000000E-30  1.000000E-30  1.000000E-30  1.000000E-30
    308  1.345530840576E-01  2.217617E-28  2.407960E-30  1.000000E-30  1.000000E-30  1.000000E-30  1.000000E-30  1.000000E-30  1.000000E-30
    309  1.351098094661E-01  4.539056E-28  5.206739E-30  1.000000E-30  1.000000E-30  1.000000E-30  1.000000E-30  1.000000E-30  1.000000E-30
    310  1.359304916944E-01  1.294414E-27  1.610793E-29  1.000000E-30  1.000000E-30  1.000000E-30  1.000000E-30  1.000000E-30  1.000000E-30
    311  1.363572082699E-01  2.227797E-27  2.893628E-29  1.000000E-30  1.000000E-30  1.000000E-30  1.000000E-30  1.000000E-30  1.000000E-30
    312  1.367788244083E-01  3.805317E-27  5.156897E-29  1.000000E-30  1.000000E-30  1.000000E-30  1.000000E-30  1.000000E-30  1.000000E-30
    313  1.375777712339E-01  1.046933E-26  1.538230E-28  1.000000E-30  1.000000E-30  1.000000E-30  1.000000E-30  1.000000E-30  1.000000E-30
    314  1.380438267916E-01  1.887966E-26  2.909363E-28  1.000000E-30  1.000000E-30  1.000000E-30  1.000000E-30  1.000000E-30  1.000000E-30
    315  1.384690951451E-01  3.230984E-26  5.201070E-28  1.000000E-30  1.000000E-30  1.000000E-30  1.000000E-30  1.000000E-30  1.000000E-30
    316  1.391087445178E-01  7.230928E-26  1.243382E-27  1.000000E-30  1.000000E-30  1.000000E-30  1.000000E-30  1.000000E-30  1.000000E-30
    317  1.397002518981E-01  1.515680E-25  2.771535E-27  1.000000E-30  1.000000E-30  1.000000E-30  1.000000E-30  1.000000E-30  1.000000E-30
    318  1.402705851668E-01  3.073237E-25  5.965261E-27  1.119264E-30  1.000000E-30  1.000000E-30  1.000000E-30  1.000000E-30  1.000000E-30
    319  1.408634912375E-01  6.348292E-25  1.311685E-26  2.515866E-30  1.000000E-30  1.000000E-30  1.000000E-30  1.000000E-30  1.000000E-30
    320  1.414089642241E-01  1.223525E-24  2.678570E-26  5.225994E-30  1.000000E-30  1.000000E-30  1.000000E-30  1.000000E-30  1.000000E-30
    321  1.419220762512E-01  2.242368E-24  5.185173E-26  1.028177E-29  1.000000E-30  1.000000E-30  1.000000E-30  1.000000E-30  1.000000E-30
    322  1.422771704232E-01  3.387314E-24  8.136503E-26  1.631702E-29  1.000000E-30  1.000000E-30  1.000000E-30  1.000000E-30  1.000000E-30
    323  1.426029315631E-01  4.919825E-24  1.223932E-25  2.480149E-29  1.000000E-30  1.000000E-30  1.000000E-30  1.000000E-30  1.000000E-30
    324  1.430135230101E-01  7.816382E-24  2.032746E-25  4.173758E-29  1.000000E-30  1.000000E-30  1.000000E-30  1.000000E-30  1.000000E-30
    325  1.434683796643E-01  1.292483E-23  3.531417E-25  7.358211E-29  1.000000E-30  1.000000E-30  1.000000E-30  1.000000E-30  1.000000E-30
    326  1.440315208021E-01  2.374704E-23  6.899761E-25  1.464230E-28  1.000000E-30  1.000000E-30  1.000000E-30  1.000000E-30  1.000000E-30
    327  1.445490332405E-01  4.097507E-23  1.260211E-24  2.720076E-28  1.000000E-30  1.000000E-30  1.000000E-30  1.000000E-30  1.000000E-30
    328  1.451370980342E-01  7.496001E-23  2.460284E-24  5.414419E-28  1.000000E-30  1.000000E-30  1.000000E-30  1.000000E-30  1.000000E-30
    329  1.457052374241E-01  1.322783E-22  4.624727E-24  1.037192E-27  1.000000E-30  1.000000E-30  1.000000E-30  1.000000E-30  1.000000E-30
    330  1.463107957421E-01  2.386008E-22  8.927250E-24  2.043178E-27  1.000000E-30  1.000000E-30  1.000000E-30  1.000000E-30  1.000000E-30
    331  1.468752132891E-01  4.077352E-22  1.625803E-23  3.792679E-27  1.000000E-30  1.000000E-30  1.000000E-30  1.000000E-30  1.000000E-30
    332  1.475510939381E-01  7.615288E-22  3.278694E-23  7.826972E-27  1.000000E-30  1.000000E-30  1.000000E-30  1.000000E-30  1.000000E-30
    333  1.481899111058E-01  1.353445E-21  6.268871E-23  1.529798E-26  1.000000E-30  1.000000E-30  1.000000E-30  1.000000E-30  1.000000E-30
    334  1.491767377555E-01  3.201668E-21  1.661725E-22  4.196825E-26  1.000000E-30  1.000000E-30  1.000000E-30  1.000000E-30  1.000000E-30
    335  1.497116139607E-01  5.042195E-21  2.785539E-22  7.169241E-26  1.000000E-30  1.000000E-30  1.000000E-30  1.000000E-30  1.000000E-30
    336  1.502421520731E-01  7.851601E-21  4.616060E-22  1.210651E-25  1.000000E-30  1.000000E-30  1.000000E-30  1.000000E-30  1.000000E-30
    337  1.509052103900E-01  1.351790E-20  8.594422E-22  2.308233E-25  1.000000E-30  1.000000E-30  1.000000E-30  1.000000E-30  1.000000E-30
    338  1.515352476696E-01  2.243798E-20  1.537504E-21  4.224472E-25  1.000000E-30  1.000000E-30  1.000000E-30  1.000000E-30  1.000000E-30
    339  1.521327102765E-01  3.602870E-20  2.651929E-21  7.447021E-25  1.000000E-30  1.000000E-30  1.000000E-30  1.000000E-30  1.000000E-30
    340  1.526678407657E-01  5.476415E-20  4.299692E-21  1.231432E-24  1.000000E-30  1.000000E-30  1.000000E-30  1.000000E-30  1.000000E-30
    341  1.532481602429E-01  8.578610E-20  7.226659E-21  2.114766E-24  1.000000E-30  1.000000E-30  1.000000E-30  1.000000E-30  1.000000E-30
    342  1.535863948111E-01  1.111895E-19  9.761051E-21  2.892723E-24  1.000000E-30  1.000000E-30  1.000000E-30  1.000000E-30  1.000000E-30
    343  1.538995751697E-01  1.412150E-19  1.288196E-20  3.862758E-24  1.000000E-30  1.000000E-30  1.000000E-30  1.000000E-30  1.000000E-30
    344  1.546020187628E-01  2.403328E-19  2.390631E-20  7.361478E-24  1.000000E-30  1.000000E-30  1.000000E-30  1.000000E-30  1.000000E-30
    345  1.552062305672E-01  3.779602E-19  4.052399E-20  1.276973E-23  1.000000E-30  1.000000E-30  1.000000E-30  1.000000E-30  1.000000E-30
    346  1.557875935888E-01  5.822987E-19  6.713942E-20  2.163547E-23  1.000000E-30  1.000000E-30  1.000000E-30  1.000000E-30  1.000000E-30
    347  1.566447447202E-01  1.094227E-18  1.405547E-19  4.682734E-23  1.000000E-30  1.000000E-30  1.000000E-30  1.000000E-30  1.000000E-30
    348  1.574294426159E-01  1.935486E-18  2.747086E-19  9.439046E-23  1.000000E-30  1.000000E-30  1.000000E-30  1.000000E-30  1.000000E-30
    349  1.581710514975E-01  3.297612E-18  5.148180E-19  1.821845E-22  1.000000E-30  1.000000E-30  1.000000E-30  1.000000E-30  1.000000E-30
    350  1.588328903187E-01  5.274067E-18  8.969751E-19  3.259614E-22  1.000000E-30  1.000000E-30  1.000000E-30  1.000000E-30  1.000000E-30
    351  1.594606073659E-01  8.190583E-18  1.511698E-18  5.634771E-22  1.000000E-30  1.000000E-30  1.000000E-30  1.000000E-30  1.000000E-30
    352  1.600565792087E-01  1.238323E-17  2.471518E-18  9.439021E-22  1.000000E-30  1.000000E-30  1.000000E-30  1.000000E-30  1.000000E-30
    353  1.607059625219E-01  1.932311E-17  4.202140E-18  1.648256E-21  1.000000E-30  1.000000E-30  1.000000E-30  1.000000E-30  1.000000E-30
    354  1.613957576202E-01  3.081551E-17  7.345674E-18  2.964834E-21  1.000000E-30  1.000000E-30  1.000000E-30  1.000000E-30  1.000000E-30
    355  1.620398820205E-01  4.740789E-17  1.232124E-17  5.108757E-21  1.000000E-30  1.000000E-30  1.000000E-30  1.000000E-30  1.000000E-30
    356  1.627691861850E-01  7.675178E-17  2.201368E-17  9.412536E-21  1.000000E-30  1.000000E-30  1.000000E-30  1.000000E-30  1.000000E-30
    357  1.634667099868E-01  1.210321E-16  3.817436E-17  1.681395E-20  1.000000E-30  1.000000E-30  1.000000E-30  1.000000E-30  1.000000E-30
    358  1.645369737572E-01  2.411285E-16  8.811642E-17  4.063885E-20  1.000000E-30  1.000000E-30  1.000000E-30  1.000000E-30  1.000000E-30
    359  1.651200899964E-01  3.493116E-16  1.384229E-16  6.548134E-20  1.000000E-30  1.000000E-30  1.000000E-30  1.000000E-30  1.000000E-30
    360  1.656939516385E-01  5.014592E-16  2.153330E-16  1.044588E-19  1.000000E-30  1.000000E-30  1.000000E-30  1.000000E-30  1.000000E-30
    361  1.664404283242E-01  7.982276E-16  3.807832E-16  1.909174E-19  1.000000E-30  1.000000E-30  1.000000E-30  1.000000E-30  1.000000E-30
    362  1.671401020014E-01  1.226947E-15  6.464247E-16  3.343820E-19  1.000000E-30  1.000000E-30  1.000000E-30  1.000000E-30  1.000000E-30
    363  1.682228463170E-01  2.358623E-15  1.451481E-15  7.884009E-19  1.000000E-30  1.000000E-30  1.000000E-30  1.000000E-30  1.000000E-30
    364  1.688914277275E-01  3.503323E-15  2.375229E-15  1.330161E-18  1.000000E-30  1.000000E-30  1.000000E-30  1.000000E-30  1.000000E-30
    365  1.695862681704E-01  5.251221E-15  3.940932E-15  2.278727E-18  1.000000E-30  1.000000E-30  1.000000E-30  1.000000E-30  1.000000E-30
    366  1.708796298676E-01  1.093665E-14  9.933538E-15  6.100537E-18  1.000000E-30  1.000000E-30  1.000000E-30  1.000000E-30  1.000000E-30
    367  1.720689125062E-01  2.097956E-14  2.277161E-14  1.479446E-17  1.000000E-30  1.000000E-30  1.000000E-30  1.000000E-30  1.000000E-30
    368  1.730357271347E-01  3.499175E-14  4.397418E-14  2.992592E-17  1.000000E-30  1.000000E-30  1.000000E-30  1.000000E-30  1.000000E-30
    369  1.739185931198E-01  5.501475E-14  7.915427E-14  5.622494E-17  1.000000E-30  1.000000E-30  1.000000E-30  1.000000E-30  1.000000E-30
    370  1.748109107026E-01  8.558146E-14  1.413402E-13  1.048854E-16  1.000000E-30  1.000000E-30  1.000000E-30  1.000000E-30  1.000000E-30
    371  1.757092013639E-01  1.313884E-13  2.497171E-13  1.937480E-16  1.000000E-30  1.000000E-30  1.000000E-30  1.000000E-30  1.000000E-30
    372  1.765567714958E-01  1.937330E-13  4.208316E-13  3.406676E-16  1.000000E-30  1.000000E-30  1.000000E-30  1.000000E-30  1.000000E-30
    373  1.775373762473E-01  2.976746E-13  7.560988E-13  6.432105E-16  1.000000E-30  1.000000E-30  1.000000E-30  1.000000E-30  1.000000E-30
    374  1.784803688374E-01  4.404280E-13  1.301952E-12  1.162312E-15  1.000000E-30  1.000000E-30  1.000000E-30  1.000000E-30  1.000000E-30
    375  1.795112536071E-01  6.601520E-13  2.308532E-12  2.173905E-15  1.000000E-30  1.000000E-30  1.000000E-30  1.000000E-30  1.000000E-30
    376  1.804824008025E-01  9.448099E-13  3.876353E-12  3.840830E-15  1.000000E-30  1.000000E-30  1.000000E-30  1.000000E-30  1.000000E-30
    377  1.815169070317E-01  1.352875E-12  6.595118E-12  6.903293E-15  1.000000E-30  1.000000E-30  1.000000E-30  1.000000E-30  1.000000E-30
    378  1.825428215499E-01  1.889082E-12  1.094554E-11  1.210613E-14  1.000000E-30  1.000000E-30  1.000000E-30  1.000000E-30  1.000000E-30
    379  1.841355644659E-01  3.051822E-12  2.321642E-11  2.801061E-14  1.000000E-30  1.000000E-30  1.000000E-30  1.000000E-30  1.000000E-30
    380  1.856860183354E-01  4.683574E-12  4.667695E-11  6.139206E-14  1.000000E-30  1.000000E-30  1.000000E-30  1.000000E-30  1.000000E-30
    381  1.870847965371E-01  6.705332E-12  8.560138E-11  1.218681E-13  1.000000E-30  1.000000E-30  1.000000E-30  1.000000E-30  1.000000E-30
    382  1.883699545972E-01  9.132972E-12  1.468566E-10  2.251232E-13  1.000000E-30  1.000000E-30  1.000000E-30  1.000000E-30  1.000000E-30
    383  1.895671856375E-01  1.196773E-11  2.393579E-10  3.934963E-13  1.000000E-30  1.000000E-30  1.000000E-30  1.000000E-30  1.000000E-30
    384  1.907324824205E-01  1.530319E-11  3.795649E-10  6.685721E-13  1.000000E-30  1.000000E-30  1.000000E-30  1.000000E-30  1.000000E-30
    385  1.917913284253E-01  1.882317E-11  5.689222E-10  1.067826E-12  1.000000E-30  1.000000E-30  1.000000E-30  1.000000E-30  1.000000E-30
    386  1.928179034582E-01  2.262277E-11  8.305180E-10  1.659097E-12  1.000000E-30  1.000000E-30  1.000000E-30  1.000000E-30  1.000000E-30
    387  1.939781308337E-01  2.722830E-11  1.247804E-09  2.676970E-12  1.000000E-30  1.000000E-30  1.000000E-30  1.000000E-30  1.000000E-30
    388  1.950365569225E-01  3.148662E-11  1.771992E-09  4.060610E-12  1.000000E-30  1.000000E-30  1.000000E-30  1.000000E-30  1.000000E-30
    389  1.963061656501E-01  3.625395E-11  2.617761E-09  6.499148E-12  1.000000E-30  1.000000E-30  1.000000E-30  1.000000E-30  1.000000E-30
    390  1.975160386553E-01  3.995481E-11  3.669667E-09  9.844305E-12  1.000000E-30  1.000000E-30  1.000000E-30  1.000000E-30  1.000000E-30
    391  1.988970783448E-01  4.256444E-11  5.168053E-09  1.516467E-11  1.000000E-30  1.000000E-30  1.000000E-30  1.000000E-30  1.000000E-30
    392  2.001908516564E-01  4.309594E-11  6.821477E-09  2.179933E-11  1.000000E-30  1.000000E-30  1.000000E-30  1.000000E-30  1.000000E-30
    393  2.023233395230E-01  4.001017E-11  9.888883E-09  3.647087E-11  1.000000E-30  1.000000E-30  1.000000E-30  1.000000E-30  1.000000E-30
    394  2.035207364909E-01  3.666100E-11  1.168292E-08  4.677078E-11  1.000000E-30  1.000000E-30  1.000000E-30  1.000000E-30  1.000000E-30
    395  2.047171141817E-01  3.264099E-11  1.346625E-08  5.857618E-11  1.000000E-30  1.000000E-30  1.000000E-30  1.000000E-30  1.000000E-30
    396  2.061861175315E-01  2.741208E-11  1.559431E-08  7.522567E-11  1.000000E-30  1.000000E-30  1.000000E-30  1.000000E-30  1.000000E-30
    397  2.075162532616E-01  2.283487E-11  1.744461E-08  9.254649E-11  1.000000E-30  1.000000E-30  1.000000E-30  1.000000E-30  1.000000E-30
    398  2.088103947538E-01  1.875616E-11  1.917580E-08  1.117425E-10  1.000000E-30  1.000000E-30  1.000000E-30  1.000000E-30  1.000000E-30
    399  2.102374295066E-01  1.483654E-11  2.101537E-08  1.360272E-10  1.000000E-30  1.000000E-30  1.000000E-30  1.000000E-30  1.000000E-30
    400  2.116254943500E-01  1.164837E-11  2.274876E-08  1.633452E-10  1.000000E-30  1.000000E-30  1.000000E-30  1.000000E-30  1.000000E-30
    401  2.137594200207E-01  7.848758E-12  2.533799E-08  2.140544E-10  1.000000E-30  1.000000E-30  1.000000E-30  1.000000E-30  1.000000E-30
    402  2.149968302441E-01  6.183063E-12  2.681040E-08  2.493156E-10  1.000000E-30  1.000000E-30  1.000000E-30  1.000000E-30  1.000000E-30
    403  2.163578604848E-01  4.714888E-12  2.841368E-08  2.940914E-10  1.000000E-30  1.000000E-30  1.000000E-30  1.000000E-30  1.000000E-30
    404  2.188327022992E-01  2.840925E-12  3.129747E-08  3.951608E-10  1.000000E-30  1.000000E-30  1.000000E-30  1.000000E-30  1.000000E-30
    405  2.210861741802E-01  1.770527E-12  3.389594E-08  5.152583E-10  1.000000E-30  1.000000E-30  1.000000E-30  1.000000E-30  1.000000E-30
    406  2.231360986547E-01  1.153020E-12  3.623684E-08  6.547299E-10  1.000000E-30  1.000000E-30  1.000000E-30  1.000000E-30  1.000000E-30
    407  2.249661932162E-01  7.959049E-13  3.830436E-08  8.101228E-10  1.000000E-30  1.000000E-30  1.000000E-30  1.000000E-30  1.000000E-30
    408  2.266023391923E-01  5.839164E-13  4.013018E-08  9.796108E-10  1.000000E-30  1.000000E-30  1.000000E-30  1.000000E-30  1.000000E-30
    409  2.291569547831E-01  3.858238E-13  4.292485E-08  1.317460E-09  1.000000E-30  1.000000E-30  1.000000E-30  1.000000E-30  1.000000E-30
    410  2.305971902523E-01  3.224853E-13  4.446174E-08  1.556937E-09  1.000000E-30  1.000000E-30  1.000000E-30  1.000000E-30  1.000000E-30
    411  2.319348711247E-01  2.841547E-13  4.585777E-08  1.818288E-09  1.000000E-30  1.000000E-30  1.000000E-30  1.000000E-30  1.000000E-30
    412  2.335360820165E-01  2.570330E-13  4.748089E-08  2.189676E-09  1.000000E-30  1.000000E-30  1.000000E-30  1.000000E-30  1.000000E-30
    413  2.351317971316E-01  2.445656E-13  4.903569E-08  2.635498E-09  1.000000E-30  1.000000E-30  1.000000E-30  1.000000E-30  1.000000E-30
    414  2.376293164755E-01  2.441096E-13  5.131033E-08  3.522641E-09  1.000000E-30  1.000000E-30  1.000000E-30  1.000000E-30  1.000000E-30
    415  2.399259738388E-01  2.566282E-13  5.318109E-08  4.599047E-09  1.000000E-30  1.000000E-30  1.000000E-30  1.000000E-30  1.000000E-30
    416  2.420046682363E-01  2.747511E-13  5.463667E-08  5.851062E-09  1.000000E-30  1.000000E-30  1.000000E-30  1.000000E-30  1.000000E-30
    417  2.451201276448E-01  3.103233E-13  5.626052E-08  8.374556E-09  1.000000E-30  1.000000E-30  1.000000E-30  1.000000E-30  1.000000E-30
    418  2.467564269033E-01  3.322955E-13  5.677590E-08  1.008974E-08  1.000000E-30  1.000000E-30  1.000000E-30  1.000000E-30  1.000000E-30
    419  2.483354027874E-01  3.554858E-13  5.700408E-08  1.205471E-08  1.000000E-30  1.000000E-30  1.000000E-30  1.000000E-30  1.000000E-30
    420  2.499258654919E-01  3.808226E-13  5.692830E-08  1.438560E-08  1.000000E-30  1.000000E-30  1.000000E-30  1.000000E-30  1.000000E-30
    421  2.515152656983E-01  4.081945E-13  5.650757E-08  1.711190E-08  1.000000E-30  1.000000E-30  1.000000E-30  1.000000E-30  1.000000E-30
    422  2.542060864984E-01  4.595291E-13  5.490968E-08  2.274834E-08  1.000000E-30  1.000000E-30  1.000000E-30  1.000000E-30  1.000000E-30
    423  2.556901221114E-01  4.907237E-13  5.351426E-08  2.645228E-08  1.000000E-30  1.000000E-30  1.000000E-30  1.000000E-30  1.000000E-30
    424  2.570805114381E-01  5.219319E-13  5.186251E-08  3.032373E-08  1.000000E-30  1.000000E-30  1.000000E-30  1.000000E-30  1.000000E-30
    425  2.598984391343E-01  5.913744E-13  4.751349E-08  3.934803E-08  1.000000E-30  1.000000E-30  1.000000E-30  1.000000E-30  1.000000E-30
    426  2.622653138568E-01  6.563439E-13  4.294475E-08  4.802623E-08  1.000000E-30  1.000000E-30  1.000000E-30  1.000000E-30  1.000000E-30
    427  2.644885215151E-01  7.229783E-13  3.809390E-08  5.687673E-08  1.000000E-30  1.000000E-30  1.000000E-30  1.000000E-30  1.000000E-30
    428  2.667229470066E-01  7.954414E-13  3.292517E-08  6.617961E-08  1.000000E-30  1.000000E-30  1.000000E-30  1.000000E-30  1.000000E-30
    429  2.687894382327E-01  8.674446E-13  2.812161E-08  7.488489E-08  1.000000E-30  1.000000E-30  1.000000E-30  1.000000E-30  1.000000E-30
    430  2.709436570286E-01  9.478767E-13  2.332125E-08  8.380967E-08  1.000000E-30  1.000000E-30  1.000000E-30  1.000000E-30  1.000000E-30
    431  2.728595154549E-01  1.024450E-12  1.938265E-08  9.145204E-08  1.000000E-30  1.000000E-30  1.000000E-30  1.000000E-30  1.000000E-30
    432  2.763050324764E-01  1.176117E-12  1.335297E-08  1.042195E-07  1.000000E-30  1.000000E-30  1.000000E-30  1.000000E-30  1.000000E-30
    433  2.797281875476E-01  1.348564E-12  8.823059E-09  1.155862E-07  1.000000E-30  1.000000E-30  1.000000E-30  1.000000E-30  1.000000E-30
    434  2.831107064370E-01  1.545615E-12  5.657221E-09  1.257540E-07  1.000000E-30  1.000000E-30  1.000000E-30  1.000000E-30  1.000000E-30
    435  2.863632962154E-01  1.765434E-12  3.596812E-09  1.349033E-07  1.000000E-30  1.000000E-30  1.000000E-30  1.000000E-30  1.000000E-30
    436  2.894106333807E-01  2.003238E-12  2.314817E-09  1.432504E-07  1.000000E-30  1.000000E-30  1.000000E-30  1.000000E-30  1.000000E-30
    437  2.941185503109E-01  2.442708E-12  1.157500E-09  1.563279E-07  1.000000E-30  1.000000E-30  1.000000E-30  1.000000E-30  1.000000E-30
    438  2.983685787405E-01  2.929456E-12  6.359900E-10  1.688395E-07  1.000000E-30  1.000000E-30  1.000000E-30  1.000000E-30  1.000000E-30
    439  3.021949729112E-01  3.455809E-12  4.032447E-10  1.809875E-07  1.000000E-30  1.000000E-30  1.000000E-30  1.000000E-30  1.000000E-30
    440  3.059150641439E-01  4.062666E-12  2.993182E-10  1.937762E-07  1.000000E-30  1.000000E-30  1.000000E-30  1.000000E-30  1.000000E-30
    441  3.094680949786E-01  4.745291E-12  2.661688E-10  2.070011E-07  1.000000E-30  1.000000E-30  1.000000E-30  1.000000E-30  1.000000E-30
    442  3.127856926026E-01  5.488798E-12  2.712246E-10  2.203142E-07  1.000000E-30  1.000000E-30  1.000000E-30  1.000000E-30  1.000000E-30
    443  3.178598433803E-01  6.862299E-12  3.220557E-10  2.426083E-07  1.000000E-30  1.000000E-30  1.000000E-30  1.000000E-30  1.000000E-30
    444  3.224504526026E-01  8.402774E-12  4.015096E-10  2.649242E-07  1.000000E-30  1.000000E-30  1.000000E-30  1.000000E-30  1.000000E-30
    445  3.266870398371E-01  1.013149E-11  5.009644E-10  2.874421E-07  1.000000E-30  1.000000E-30  1.000000E-30  1.000000E-30  1.000000E-30
    446  3.305577136787E-01  1.202026E-11  6.159945E-10  3.097131E-07  1.000000E-30  1.000000E-30  1.000000E-30  1.000000E-30  1.000000E-30
    447  3.362681054783E-01  1.546529E-11  8.367425E-10  3.456840E-07  1.000000E-30  1.000000E-30  1.000000E-30  1.000000E-30  1.000000E-30
    448  3.414589872690E-01  1.943875E-11  1.104309E-09  3.817665E-07  1.000000E-30  1.000000E-30  1.000000E-30  1.000000E-30  1.000000E-30
    449  3.462773530350E-01  2.402328E-11  1.426493E-09  4.182808E-07  1.000000E-30  1.000000E-30  1.000000E-30  1.000000E-30  1.000000E-30
    450  3.508856189623E-01  2.939978E-11  1.819164E-09  4.560273E-07  1.000000E-30  1.000000E-30  1.000000E-30  1.000000E-30  1.000000E-30
    451  3.552628710565E-01  3.559670E-11  2.287947E-09  4.945156E-07  1.000000E-30  1.000000E-30  1.000000E-30  1.000000E-30  1.000000E-30
    452  3.595141079779E-01  4.283830E-11  2.853734E-09  5.344093E-07  1.000000E-30  1.000000E-30  1.000000E-30  1.000000E-30  1.000000E-30
    453  3.636744849418E-01  5.131964E-11  3.536541E-09  5.758888E-07  1.000000E-30  1.000000E-30  1.000000E-30  1.000000E-30  1.000000E-30
    454  3.676260234901E-01  6.089189E-11  4.328556E-09  6.175440E-07  1.000000E-30  1.000000E-30  1.000000E-30  1.000000E-30  1.000000E-30
    455  3.714655117309E-01  7.186292E-11  5.259117E-09  6.601360E-07  1.000000E-30  1.000000E-30  1.000000E-30  1.000000E-30  1.000000E-30
    456  3.752653942304E-01  8.462346E-11  6.366475E-09  7.043426E-07  1.000000E-30  1.000000E-30  1.000000E-30  1.000000E-30  1.000000E-30
    457  3.809506426681E-01  1.079692E-10  8.446674E-09  7.742663E-07  1.000000E-30  1.000000E-30  1.000000E-30  1.000000E-30  1.000000E-30
    458  3.865190953769E-01  1.369264E-10  1.109913E-08  8.470595E-07  1.000000E-30  1.000000E-30  1.000000E-30  1.000000E-30  1.000000E-30
    459  3.928522091207E-01  1.791981E-10  1.506926E-08  9.348147E-07  1.000000E-30  1.000000E-30  1.000000E-30  1.000000E-30  1.000000E-30
    460  3.991093841216E-01  2.334965E-10  2.027809E-08  1.026360E-06  1.000000E-30  1.000000E-30  1.000000E-30  1.000000E-30  1.000000E-30
    461  4.054183851758E-01  3.045934E-10  2.720427E-08  1.123028E-06  1.000000E-30  1.000000E-30  1.000000E-30  1.000000E-30  1.000000E-30
    462  4.147392755742E-01  4.503148E-10  4.154648E-08  1.272365E-06  1.000000E-30  1.000000E-30  1.000000E-30  1.000000E-30  1.000000E-30
    463  4.232199499949E-01  6.416770E-10  6.035954E-08  1.412704E-06  1.000000E-30  1.000000E-30  1.000000E-30  1.000000E-30  1.000000E-30
    464  4.316976825025E-01  9.130264E-10  8.663018E-08  1.554124E-06  1.000000E-30  1.000000E-30  1.000000E-30  1.000000E-30  1.000000E-30
    465  4.393401554526E-01  1.253410E-09  1.186596E-07  1.679389E-06  1.000000E-30  1.000000E-30  1.000000E-30  1.000000E-30  1.000000E-30
    466  4.465935084243E-01  1.691555E-09  1.582741E-07  1.793114E-06  1.000000E-30  1.000000E-30  1.000000E-30  1.000000E-30  1.000000E-30
    467  4.537106765818E-01  2.267836E-09  2.077325E-07  1.896494E-06  1.000000E-30  1.000000E-30  1.000000E-30  1.000000E-30  1.000000E-30
    468  4.602314649238E-01  2.963753E-09  2.638395E-07  1.981029E-06  1.000000E-30  1.000000E-30  1.000000E-30  1.000000E-30  1.000000E-30
    469  4.709552966107E-01  4.590637E-09  3.821303E-07  2.091004E-06  1.000000E-30  1.000000E-30  1.000000E-30  1.000000E-30  1.000000E-30
    470  4.769745726746E-01  5.858075E-09  4.641582E-07  2.132789E-06  1.000000E-30  1.000000E-30  1.000000E-30  1.000000E-30  1.000000E-30
    471  4.828178172001E-01  7.410594E-09  5.550355E-07  2.157075E-06  1.000000E-30  1.000000E-30  1.000000E-30  1.000000E-30  1.000000E-30
    472  4.927188450138E-01  1.098717E-08  7.336501E-07  2.157126E-06  1.000000E-30  1.000000E-30  1.000000E-30  1.000000E-30  1.000000E-30
    473  5.000000000000E-01  1.461017E-08  8.824334E-07  2.121660E-06  1.000000E-30  1.000000E-30  1.000000E-30  1.000000E-30  1.000000E-30
