 *                                      
 * expansion:  temp0=  1.000E+10 den0=  3.000E+06 temp_stop=  1.000E+07
 *          time                ta204         ta205         ta206         ta207         ta208         ta209         ta210         ta211
      1  0.000000000000E+00  1.000000E-30  1.000000E-30  1.000000E-30  1.000000E-30  1.000000E-30  1.000000E-30  1.000000E-30  1.000000E-30
      2  1.000000000000E-16  1.000035E-30  1.000000E-30  1.000030E-30  1.000001E-30  1.000028E-30  1.000006E-30  1.000024E-30  1.000009E-30
      3  6.264265632874E-16  1.000219E-30  1.000000E-30  1.000188E-30  1.000005E-30  1.000176E-30  1.000038E-30  1.000148E-30  1.000056E-30
      4  2.206990590178E-15  1.000770E-30  1.000000E-30  1.000662E-30  1.000017E-30  1.000621E-30  1.000134E-30  1.000523E-30  1.000196E-30
      5  6.425069294186E-15  1.002235E-30  1.000000E-30  1.001922E-30  1.000053E-30  1.001803E-30  1.000391E-30  1.001517E-30  1.000569E-30
      6  1.724777641531E-14  1.005958E-30  1.000000E-30  1.005128E-30  1.000162E-30  1.004812E-30  1.001060E-30  1.004041E-30  1.001518E-30
      7  4.527785414179E-14  1.015352E-30  1.000000E-30  1.013245E-30  1.000546E-30  1.012434E-30  1.002857E-30  1.010396E-30  1.003912E-30
      8  1.231582592127E-13  1.039680E-30  1.000000E-30  1.034463E-30  1.002301E-30  1.032390E-30  1.008242E-30  1.026760E-30  1.010124E-30
      9  4.001734798240E-13  1.108272E-30  1.000000E-30  1.096269E-30  1.013926E-30  1.090700E-30  1.029779E-30  1.072067E-30  1.027715E-30
     10  1.150918682670E-12  1.205786E-30  1.011506E-30  1.192560E-30  1.053297E-30  1.181241E-30  1.081261E-30  1.133039E-30  1.052672E-30
     11  2.802808442389E-12  1.265314E-30  1.046682E-30  1.255601E-30  1.093361E-30  1.238584E-30  1.124098E-30  1.161458E-30  1.065248E-30
     12  6.912921996243E-12  1.276478E-30  1.055783E-30  1.265644E-30  1.101162E-30  1.246013E-30  1.131336E-30  1.164395E-30  1.066667E-30
     13  1.659368270033E-11  1.282902E-30  1.060374E-30  1.280333E-30  1.110723E-30  1.281565E-30  1.144125E-30  1.190569E-30  1.079111E-30
     14  1.134012897413E-10  1.227336E-30  1.019265E-30  1.194568E-30  1.037196E-30  1.149675E-30  1.026108E-30  1.000000E-30  1.000000E-30
     15  1.081477360150E-09  1.000000E-30  1.000000E-30  1.000000E-30  1.000000E-30  1.000000E-30  1.000000E-30  1.000000E-30  1.000000E-30
     16  1.076223806424E-08  1.000000E-30  1.000000E-30  1.000000E-30  1.000000E-30  1.000000E-30  1.000000E-30  1.000000E-30  1.000000E-30
     17  6.834096797002E-08  1.000000E-30  1.000000E-30  1.000000E-30  1.000000E-30  1.000000E-30  1.000000E-30  1.000000E-30  1.000000E-30
     18  2.542122411654E-07  1.000000E-30  1.000000E-30  1.000000E-30  1.000000E-30  1.000000E-30  1.000000E-30  1.000000E-30  1.000000E-30
     19  7.007518887657E-07  1.000000E-30  1.000000E-30  1.000000E-30  1.000000E-30  1.000000E-30  1.000000E-30  1.000000E-30  1.000000E-30
     20  1.724661805125E-06  1.000000E-30  1.000000E-30  1.000000E-30  1.000000E-30  1.000000E-30  1.000000E-30  1.000000E-30  1.000000E-30
     21  4.267664185819E-06  1.000000E-30  1.000000E-30  1.000000E-30  1.000000E-30  1.000000E-30  1.000000E-30  1.000000E-30  1.000000E-30
     22  1.786211798807E-05  1.000000E-30  1.000000E-30  1.000000E-30  1.000000E-30  1.000000E-30  1.000000E-30  1.000000E-30  1.000000E-30
     23  6.929007850093E-05  1.000000E-30  1.000000E-30  1.000000E-30  1.000000E-30  1.000000E-30  1.000000E-30  1.000000E-30  1.000000E-30
     24  5.835696836295E-04  1.000000E-30  1.000000E-30  1.000000E-30  1.000000E-30  1.000000E-30  1.000000E-30  1.000000E-30  1.000000E-30
     25  1.496090518789E-03  1.000000E-30  1.000000E-30  1.000000E-30  1.000000E-30  1.000000E-30  1.000000E-30  1.000000E-30  1.000000E-30
     26  2.379765156362E-03  1.000000E-30  1.000000E-30  1.000000E-30  1.000000E-30  1.000000E-30  1.000000E-30  1.000000E-30  1.000000E-30
     27  3.772948503579E-03  1.000000E-30  1.000000E-30  1.000000E-30  1.000000E-30  1.000000E-30  1.000000E-30  1.000000E-30  1.000000E-30
     28  4.957278025650E-03  1.000000E-30  1.000000E-30  1.000000E-30  1.000000E-30  1.000000E-30  1.000000E-30  1.000000E-30  1.000000E-30
     29  5.758110286319E-03  1.000000E-30  1.000000E-30  1.000000E-30  1.000000E-30  1.000000E-30  1.000000E-30  1.000000E-30  1.000000E-30
     30  6.636115041812E-03  1.000000E-30  1.000000E-30  1.000000E-30  1.000000E-30  1.000000E-30  1.000000E-30  1.000000E-30  1.000000E-30
     31  7.490864585256E-03  1.000000E-30  1.000000E-30  1.000000E-30  1.000000E-30  1.000000E-30  1.000000E-30  1.000000E-30  1.000000E-30
     32  8.026631019591E-03  1.000000E-30  1.000000E-30  1.000000E-30  1.000000E-30  1.000000E-30  1.000000E-30  1.000000E-30  1.000000E-30
     33  8.451616658664E-03  1.000000E-30  1.000000E-30  1.000000E-30  1.000000E-30  1.000000E-30  1.000000E-30  1.000000E-30  1.000000E-30
     34  9.803471762980E-03  1.000000E-30  1.000000E-30  1.000000E-30  1.000000E-30  1.000000E-30  1.000000E-30  1.000000E-30  1.000000E-30
     35  1.116687552369E-02  1.000000E-30  1.000000E-30  1.000000E-30  1.000000E-30  1.000000E-30  1.000000E-30  1.000000E-30  1.000000E-30
     36  1.219012310682E-02  1.000000E-30  1.000000E-30  1.000000E-30  1.000000E-30  1.000000E-30  1.000000E-30  1.000000E-30  1.000000E-30
     37  1.314647137106E-02  1.000000E-30  1.000000E-30  1.000000E-30  1.000000E-30  1.000000E-30  1.000000E-30  1.000000E-30  1.000000E-30
     38  1.431720408173E-02  1.000000E-30  1.000000E-30  1.000000E-30  1.000000E-30  1.000000E-30  1.000000E-30  1.000000E-30  1.000000E-30
     39  1.545287753035E-02  1.000000E-30  1.000000E-30  1.000000E-30  1.000000E-30  1.000000E-30  1.000000E-30  1.000000E-30  1.000000E-30
     40  1.716820108076E-02  1.000000E-30  1.000000E-30  1.000000E-30  1.000000E-30  1.000000E-30  1.000000E-30  1.000000E-30  1.000000E-30
     41  1.871872199221E-02  1.000000E-30  1.000000E-30  1.000000E-30  1.000000E-30  1.000000E-30  1.000000E-30  1.000000E-30  1.000000E-30
     42  2.131412024987E-02  1.000000E-30  1.000000E-30  1.000000E-30  1.000000E-30  1.000000E-30  1.000000E-30  1.000000E-30  1.000000E-30
     43  2.288535686070E-02  1.000000E-30  1.000000E-30  1.000000E-30  1.000000E-30  1.000000E-30  1.000000E-30  1.000000E-30  1.000000E-30
     44  2.437102778700E-02  1.000000E-30  1.000000E-30  1.000000E-30  1.000000E-30  1.000000E-30  1.000000E-30  1.000000E-30  1.000000E-30
     45  2.666254430666E-02  1.000000E-30  1.000000E-30  1.000000E-30  1.000000E-30  1.000000E-30  1.000000E-30  1.000000E-30  1.000000E-30
     46  2.807329513827E-02  1.000000E-30  1.000000E-30  1.000000E-30  1.000000E-30  1.000000E-30  1.000000E-30  1.000000E-30  1.000000E-30
     47  2.946719119355E-02  1.000000E-30  1.000000E-30  1.000000E-30  1.000000E-30  1.000000E-30  1.000000E-30  1.000000E-30  1.000000E-30
     48  2.982466835475E-02  1.000000E-30  1.000000E-30  1.000000E-30  1.000000E-30  1.000000E-30  1.000000E-30  1.000000E-30  1.000000E-30
     49  3.017238950627E-02  1.000000E-30  1.000000E-30  1.000000E-30  1.000000E-30  1.000000E-30  1.000000E-30  1.000000E-30  1.000000E-30
     50  3.052509122072E-02  1.000000E-30  1.000000E-30  1.000000E-30  1.000000E-30  1.000000E-30  1.000000E-30  1.000000E-30  1.000000E-30
     51  3.066477686677E-02  1.000000E-30  1.000000E-30  1.000000E-30  1.000000E-30  1.000000E-30  1.000000E-30  1.000000E-30  1.000000E-30
     52  3.080037159611E-02  1.000000E-30  1.000000E-30  1.000000E-30  1.000000E-30  1.000000E-30  1.000000E-30  1.000000E-30  1.000000E-30
     53  3.111325257314E-02  1.000000E-30  1.000000E-30  1.000000E-30  1.000000E-30  1.000000E-30  1.000000E-30  1.000000E-30  1.000000E-30
     54  3.147800645819E-02  1.000000E-30  1.000000E-30  1.000000E-30  1.000000E-30  1.000000E-30  1.000000E-30  1.000000E-30  1.000000E-30
     55  3.181357346897E-02  1.000000E-30  1.000000E-30  1.000000E-30  1.000000E-30  1.000000E-30  1.000000E-30  1.000000E-30  1.000000E-30
     56  3.217197145871E-02  1.000000E-30  1.000000E-30  1.000000E-30  1.000000E-30  1.000000E-30  1.000000E-30  1.000000E-30  1.000000E-30
     57  3.249951277145E-02  1.000000E-30  1.000000E-30  1.000000E-30  1.000000E-30  1.000000E-30  1.000000E-30  1.000000E-30  1.000000E-30
     58  3.262595809504E-02  1.000000E-30  1.000000E-30  1.000000E-30  1.000000E-30  1.000000E-30  1.000000E-30  1.000000E-30  1.000000E-30
     59  3.272641576722E-02  1.000000E-30  1.000000E-30  1.000000E-30  1.000000E-30  1.000000E-30  1.000000E-30  1.000000E-30  1.000000E-30
     60  3.304841700500E-02  1.000000E-30  1.000000E-30  1.000000E-30  1.000000E-30  1.000000E-30  1.000000E-30  1.000000E-30  1.000000E-30
     61  3.362823507679E-02  1.000000E-30  1.000000E-30  1.000000E-30  1.000000E-30  1.000000E-30  1.000000E-30  1.000000E-30  1.000000E-30
     62  3.417743618412E-02  1.000000E-30  1.000000E-30  1.000000E-30  1.000000E-30  1.000000E-30  1.000000E-30  1.000000E-30  1.000000E-30
     63  3.448472684867E-02  1.000000E-30  1.000000E-30  1.000000E-30  1.000000E-30  1.000000E-30  1.000000E-30  1.000000E-30  1.000000E-30
     64  3.459225947862E-02  1.000000E-30  1.000000E-30  1.000000E-30  1.000000E-30  1.000000E-30  1.000000E-30  1.000000E-30  1.000000E-30
     65  3.468161085917E-02  1.000000E-30  1.000000E-30  1.000000E-30  1.000000E-30  1.000000E-30  1.000000E-30  1.000000E-30  1.000000E-30
     66  3.501586344154E-02  1.000000E-30  1.000000E-30  1.000000E-30  1.000000E-30  1.000000E-30  1.000000E-30  1.000000E-30  1.000000E-30
     67  3.563385967804E-02  1.000000E-30  1.000000E-30  1.000000E-30  1.000000E-30  1.000000E-30  1.000000E-30  1.000000E-30  1.000000E-30
     68  3.619390900501E-02  1.000000E-30  1.000000E-30  1.000000E-30  1.000000E-30  1.000000E-30  1.000000E-30  1.000000E-30  1.000000E-30
     69  3.661379630041E-02  1.000000E-30  1.000000E-30  1.000000E-30  1.000000E-30  1.000000E-30  1.000000E-30  1.000000E-30  1.000000E-30
     70  3.704099468238E-02  1.000000E-30  1.000000E-30  1.000000E-30  1.000000E-30  1.000000E-30  1.000000E-30  1.000000E-30  1.000000E-30
     71  3.731378163516E-02  1.000000E-30  1.000000E-30  1.000000E-30  1.000000E-30  1.000000E-30  1.000000E-30  1.000000E-30  1.000000E-30
     72  3.757630769329E-02  1.000000E-30  1.000000E-30  1.000000E-30  1.000000E-30  1.000000E-30  1.000000E-30  1.000000E-30  1.000000E-30
     73  3.788075418501E-02  1.000000E-30  1.000000E-30  1.000000E-30  1.000000E-30  1.000000E-30  1.000000E-30  1.000000E-30  1.000000E-30
     74  3.819794660071E-02  1.000000E-30  1.000000E-30  1.000000E-30  1.000000E-30  1.000000E-30  1.000000E-30  1.000000E-30  1.000000E-30
     75  3.838080203158E-02  1.000000E-30  1.000000E-30  1.000000E-30  1.000000E-30  1.000000E-30  1.000000E-30  1.000000E-30  1.000000E-30
     76  3.859219912978E-02  1.000000E-30  1.000000E-30  1.000000E-30  1.000000E-30  1.000000E-30  1.000000E-30  1.000000E-30  1.000000E-30
     77  3.884096228080E-02  1.000000E-30  1.000000E-30  1.000000E-30  1.000000E-30  1.000000E-30  1.000000E-30  1.000000E-30  1.000000E-30
     78  3.907668434759E-02  1.000000E-30  1.000000E-30  1.000000E-30  1.000000E-30  1.000000E-30  1.000000E-30  1.000000E-30  1.000000E-30
     79  3.934936577490E-02  1.000000E-30  1.000000E-30  1.000000E-30  1.000000E-30  1.000000E-30  1.000000E-30  1.000000E-30  1.000000E-30
     80  3.961640452516E-02  1.000000E-30  1.000000E-30  1.000000E-30  1.000000E-30  1.000000E-30  1.000000E-30  1.000000E-30  1.000000E-30
     81  3.991996766101E-02  1.000000E-30  1.000000E-30  1.000000E-30  1.000000E-30  1.000000E-30  1.000000E-30  1.000000E-30  1.000000E-30
     82  4.019473378510E-02  1.000000E-30  1.000000E-30  1.000000E-30  1.000000E-30  1.000000E-30  1.000000E-30  1.000000E-30  1.000000E-30
     83  4.046928694587E-02  1.000000E-30  1.000000E-30  1.000000E-30  1.000000E-30  1.000000E-30  1.000000E-30  1.000000E-30  1.000000E-30
     84  4.074955599116E-02  1.000000E-30  1.000000E-30  1.000000E-30  1.000000E-30  1.000000E-30  1.000000E-30  1.000000E-30  1.000000E-30
     85  4.099011663524E-02  1.000000E-30  1.000000E-30  1.000000E-30  1.000000E-30  1.000000E-30  1.000000E-30  1.000000E-30  1.000000E-30
     86  4.118445936105E-02  1.000000E-30  1.000000E-30  1.000000E-30  1.000000E-30  1.000000E-30  1.000000E-30  1.000000E-30  1.000000E-30
     87  4.137235583218E-02  1.000000E-30  1.000000E-30  1.000000E-30  1.000000E-30  1.000000E-30  1.000000E-30  1.000000E-30  1.000000E-30
     88  4.152714488067E-02  1.000000E-30  1.000000E-30  1.000000E-30  1.000000E-30  1.000000E-30  1.000000E-30  1.000000E-30  1.000000E-30
     89  4.165981986900E-02  1.000000E-30  1.000000E-30  1.000000E-30  1.000000E-30  1.000000E-30  1.000000E-30  1.000000E-30  1.000000E-30
     90  4.188596337322E-02  1.000000E-30  1.000000E-30  1.000000E-30  1.000000E-30  1.000000E-30  1.000000E-30  1.000000E-30  1.000000E-30
     91  4.208159634323E-02  1.000000E-30  1.000000E-30  1.000000E-30  1.000000E-30  1.000000E-30  1.000000E-30  1.000000E-30  1.000000E-30
     92  4.230932596557E-02  1.000000E-30  1.000000E-30  1.000000E-30  1.000000E-30  1.000000E-30  1.000000E-30  1.000000E-30  1.000000E-30
     93  4.251598135750E-02  1.000000E-30  1.000000E-30  1.000000E-30  1.000000E-30  1.000000E-30  1.000000E-30  1.000000E-30  1.000000E-30
     94  4.274368410830E-02  1.000000E-30  1.000000E-30  1.000000E-30  1.000000E-30  1.000000E-30  1.000000E-30  1.000000E-30  1.000000E-30
     95  4.294191711445E-02  1.000000E-30  1.000000E-30  1.000000E-30  1.000000E-30  1.000000E-30  1.000000E-30  1.000000E-30  1.000000E-30
     96  4.316569238790E-02  1.000000E-30  1.000000E-30  1.000000E-30  1.000000E-30  1.000000E-30  1.000000E-30  1.000000E-30  1.000000E-30
     97  4.339365876136E-02  1.000000E-30  1.000000E-30  1.000000E-30  1.000000E-30  1.000000E-30  1.000000E-30  1.000000E-30  1.000000E-30
     98  4.362382833621E-02  1.000000E-30  1.000000E-30  1.000000E-30  1.000000E-30  1.000000E-30  1.000000E-30  1.000000E-30  1.000000E-30
     99  4.384703699487E-02  1.000000E-30  1.000000E-30  1.000000E-30  1.000000E-30  1.000000E-30  1.000000E-30  1.000000E-30  1.000000E-30
    100  4.408801045744E-02  1.000000E-30  1.000000E-30  1.000000E-30  1.000000E-30  1.000000E-30  1.000000E-30  1.000000E-30  1.000000E-30
    101  4.430336182063E-02  1.000000E-30  1.000000E-30  1.000000E-30  1.000000E-30  1.000000E-30  1.000000E-30  1.000000E-30  1.000000E-30
    102  4.453208602613E-02  1.000000E-30  1.000000E-30  1.000000E-30  1.000000E-30  1.000000E-30  1.000000E-30  1.000000E-30  1.000000E-30
    103  4.474836808964E-02  1.000000E-30  1.000000E-30  1.000000E-30  1.000000E-30  1.000000E-30  1.000000E-30  1.000000E-30  1.000000E-30
    104  4.497736119052E-02  1.000000E-30  1.000000E-30  1.000000E-30  1.000000E-30  1.000000E-30  1.000000E-30  1.000000E-30  1.000000E-30
    105  4.517199675598E-02  1.000000E-30  1.000000E-30  1.000000E-30  1.000000E-30  1.000000E-30  1.000000E-30  1.000000E-30  1.000000E-30
    106  4.536038532241E-02  1.000000E-30  1.000000E-30  1.000000E-30  1.000000E-30  1.000000E-30  1.000000E-30  1.000000E-30  1.000000E-30
    107  4.552484255766E-02  1.000000E-30  1.000000E-30  1.000000E-30  1.000000E-30  1.000000E-30  1.000000E-30  1.000000E-30  1.000000E-30
    108  4.581275722245E-02  1.000000E-30  1.000000E-30  1.000000E-30  1.000000E-30  1.000000E-30  1.000000E-30  1.000000E-30  1.000000E-30
    109  4.603616864208E-02  1.000000E-30  1.000000E-30  1.000000E-30  1.000000E-30  1.000000E-30  1.000000E-30  1.000000E-30  1.000000E-30
    110  4.624194314299E-02  1.000000E-30  1.000000E-30  1.000000E-30  1.000000E-30  1.000000E-30  1.000000E-30  1.000000E-30  1.000000E-30
    111  4.641297951594E-02  1.000000E-30  1.000000E-30  1.000000E-30  1.000000E-30  1.000000E-30  1.000000E-30  1.000000E-30  1.000000E-30
    112  4.656990459822E-02  1.000000E-30  1.000000E-30  1.000000E-30  1.000000E-30  1.000000E-30  1.000000E-30  1.000000E-30  1.000000E-30
    113  4.671253119976E-02  1.000000E-30  1.000000E-30  1.000000E-30  1.000000E-30  1.000000E-30  1.000000E-30  1.000000E-30  1.000000E-30
    114  4.684580987606E-02  1.000000E-30  1.000000E-30  1.000000E-30  1.000000E-30  1.000000E-30  1.000000E-30  1.000000E-30  1.000000E-30
    115  4.697520204195E-02  1.000000E-30  1.000000E-30  1.000000E-30  1.000000E-30  1.000000E-30  1.000000E-30  1.000000E-30  1.000000E-30
    116  4.709649788536E-02  1.000000E-30  1.000000E-30  1.000000E-30  1.000000E-30  1.000000E-30  1.000000E-30  1.000000E-30  1.000000E-30
    117  4.721637454993E-02  1.000000E-30  1.000000E-30  1.000000E-30  1.000000E-30  1.000000E-30  1.000000E-30  1.000000E-30  1.000000E-30
    118  4.732862910872E-02  1.000000E-30  1.000000E-30  1.000000E-30  1.000000E-30  1.000000E-30  1.000000E-30  1.000000E-30  1.000000E-30
    119  4.750539400184E-02  1.000000E-30  1.000000E-30  1.000000E-30  1.000000E-30  1.000000E-30  1.000000E-30  1.000000E-30  1.000000E-30
    120  4.767210524850E-02  1.000000E-30  1.000000E-30  1.000000E-30  1.000000E-30  1.000000E-30  1.000000E-30  1.000000E-30  1.000000E-30
    121  4.783406579930E-02  1.000000E-30  1.000000E-30  1.000000E-30  1.000000E-30  1.000000E-30  1.000000E-30  1.000000E-30  1.000000E-30
    122  4.799263518131E-02  1.000000E-30  1.000000E-30  1.000000E-30  1.000000E-30  1.000000E-30  1.000000E-30  1.000000E-30  1.000000E-30
    123  4.815339657435E-02  1.000000E-30  1.000000E-30  1.000000E-30  1.000000E-30  1.000000E-30  1.000000E-30  1.000000E-30  1.000000E-30
    124  4.832264594384E-02  1.000000E-30  1.000000E-30  1.000000E-30  1.000000E-30  1.000000E-30  1.000000E-30  1.000000E-30  1.000000E-30
    125  4.849826454798E-02  1.000000E-30  1.000000E-30  1.000000E-30  1.000000E-30  1.000000E-30  1.000000E-30  1.000000E-30  1.000000E-30
    126  4.867786870736E-02  1.000000E-30  1.000000E-30  1.000000E-30  1.000000E-30  1.000000E-30  1.000000E-30  1.000000E-30  1.000000E-30
    127  4.885872256535E-02  1.000000E-30  1.000000E-30  1.000000E-30  1.000000E-30  1.000000E-30  1.000000E-30  1.000000E-30  1.000000E-30
    128  4.903755607841E-02  1.000000E-30  1.000000E-30  1.000000E-30  1.000000E-30  1.000000E-30  1.000000E-30  1.000000E-30  1.000000E-30
    129  4.921259737621E-02  1.000000E-30  1.000000E-30  1.000000E-30  1.000000E-30  1.000000E-30  1.000000E-30  1.000000E-30  1.000000E-30
    130  4.938368810460E-02  1.000000E-30  1.000000E-30  1.000000E-30  1.000000E-30  1.000000E-30  1.000000E-30  1.000000E-30  1.000000E-30
    131  4.955132280349E-02  1.000000E-30  1.000000E-30  1.000000E-30  1.000000E-30  1.000000E-30  1.000000E-30  1.000000E-30  1.000000E-30
    132  4.971624312404E-02  1.000000E-30  1.000000E-30  1.000000E-30  1.000000E-30  1.000000E-30  1.000000E-30  1.000000E-30  1.000000E-30
    133  4.987811857735E-02  1.000000E-30  1.000000E-30  1.000000E-30  1.000000E-30  1.000000E-30  1.000000E-30  1.000000E-30  1.000000E-30
    134  5.003799836445E-02  1.000000E-30  1.000000E-30  1.000000E-30  1.000000E-30  1.000000E-30  1.000000E-30  1.000000E-30  1.000000E-30
    135  5.019682549602E-02  1.000000E-30  1.000000E-30  1.000000E-30  1.000000E-30  1.000000E-30  1.000000E-30  1.000000E-30  1.000000E-30
    136  5.035511419132E-02  1.000000E-30  1.000000E-30  1.000000E-30  1.000000E-30  1.000000E-30  1.000000E-30  1.000000E-30  1.000000E-30
    137  5.051299755300E-02  1.000000E-30  1.000000E-30  1.000000E-30  1.000000E-30  1.000000E-30  1.000000E-30  1.000000E-30  1.000000E-30
    138  5.067010535678E-02  1.000000E-30  1.000000E-30  1.000000E-30  1.000000E-30  1.000000E-30  1.000000E-30  1.000000E-30  1.000000E-30
    139  5.082726902819E-02  1.000000E-30  1.000000E-30  1.000000E-30  1.000000E-30  1.000000E-30  1.000000E-30  1.000000E-30  1.000000E-30
    140  5.098506829486E-02  1.000000E-30  1.000000E-30  1.000000E-30  1.000000E-30  1.000000E-30  1.000000E-30  1.000000E-30  1.000000E-30
    141  5.114361869269E-02  1.000000E-30  1.000000E-30  1.000000E-30  1.000000E-30  1.000000E-30  1.000000E-30  1.000000E-30  1.000000E-30
    142  5.130328078870E-02  1.000000E-30  1.000000E-30  1.000000E-30  1.000000E-30  1.000000E-30  1.000000E-30  1.000000E-30  1.000000E-30
    143  5.146205644840E-02  1.000000E-30  1.000000E-30  1.000000E-30  1.000000E-30  1.000000E-30  1.000000E-30  1.000000E-30  1.000000E-30
    144  5.162089365231E-02  1.000000E-30  1.000000E-30  1.000000E-30  1.000000E-30  1.000000E-30  1.000000E-30  1.000000E-30  1.000000E-30
    145  5.177902725711E-02  1.000000E-30  1.000000E-30  1.000000E-30  1.000000E-30  1.000000E-30  1.000000E-30  1.000000E-30  1.000000E-30
    146  5.193558292952E-02  1.000000E-30  1.000000E-30  1.000000E-30  1.000000E-30  1.000000E-30  1.000000E-30  1.000000E-30  1.000000E-30
    147  5.207655208218E-02  1.000000E-30  1.000000E-30  1.000000E-30  1.000000E-30  1.000000E-30  1.000000E-30  1.000000E-30  1.000000E-30
    148  5.220437120847E-02  1.000000E-30  1.000000E-30  1.000000E-30  1.000000E-30  1.000000E-30  1.000000E-30  1.000000E-30  1.000000E-30
    149  5.240275279905E-02  1.000000E-30  1.000000E-30  1.000000E-30  1.000000E-30  1.000000E-30  1.000000E-30  1.000000E-30  1.000000E-30
    150  5.258707116153E-02  1.000000E-30  1.000000E-30  1.000000E-30  1.000000E-30  1.000000E-30  1.000000E-30  1.000000E-30  1.000000E-30
    151  5.276353482958E-02  1.000000E-30  1.000000E-30  1.000000E-30  1.000000E-30  1.000000E-30  1.000000E-30  1.000000E-30  1.000000E-30
    152  5.293536770993E-02  1.000000E-30  1.000000E-30  1.000000E-30  1.000000E-30  1.000000E-30  1.000000E-30  1.000000E-30  1.000000E-30
    153  5.310288915571E-02  1.000000E-30  1.000000E-30  1.000000E-30  1.000000E-30  1.000000E-30  1.000000E-30  1.000000E-30  1.000000E-30
    154  5.325369291828E-02  1.000000E-30  1.000000E-30  1.000000E-30  1.000000E-30  1.000000E-30  1.000000E-30  1.000000E-30  1.000000E-30
    155  5.339308966526E-02  1.000000E-30  1.000000E-30  1.000000E-30  1.000000E-30  1.000000E-30  1.000000E-30  1.000000E-30  1.000000E-30
    156  5.362726198018E-02  1.000000E-30  1.000000E-30  1.000000E-30  1.000000E-30  1.000000E-30  1.000000E-30  1.000000E-30  1.000000E-30
    157  5.383816121000E-02  1.000000E-30  1.000000E-30  1.000000E-30  1.000000E-30  1.000000E-30  1.000000E-30  1.000000E-30  1.000000E-30
    158  5.403768730975E-02  1.000000E-30  1.000000E-30  1.000000E-30  1.000000E-30  1.000000E-30  1.000000E-30  1.000000E-30  1.000000E-30
    159  5.422986619970E-02  1.000000E-30  1.000000E-30  1.000000E-30  1.000000E-30  1.000000E-30  1.000000E-30  1.000000E-30  1.000000E-30
    160  5.440569294967E-02  1.000000E-30  1.000000E-30  1.000000E-30  1.000000E-30  1.000000E-30  1.000000E-30  1.000000E-30  1.000000E-30
    161  5.456994612052E-02  1.000000E-30  1.000000E-30  1.000000E-30  1.000000E-30  1.000000E-30  1.000000E-30  1.000000E-30  1.000000E-30
    162  5.485681963417E-02  1.000000E-30  1.000000E-30  1.000000E-30  1.000000E-30  1.000000E-30  1.000000E-30  1.000000E-30  1.000000E-30
    163  5.511708850657E-02  1.000000E-30  1.000000E-30  1.000000E-30  1.000000E-30  1.000000E-30  1.000000E-30  1.000000E-30  1.000000E-30
    164  5.536560227933E-02  1.000000E-30  1.000000E-30  1.000000E-30  1.000000E-30  1.000000E-30  1.000000E-30  1.000000E-30  1.000000E-30
    165  5.559867087093E-02  1.000000E-30  1.000000E-30  1.000000E-30  1.000000E-30  1.000000E-30  1.000000E-30  1.000000E-30  1.000000E-30
    166  5.582344501454E-02  1.000000E-30  1.000000E-30  1.000000E-30  1.000000E-30  1.000000E-30  1.000000E-30  1.000000E-30  1.000000E-30
    167  5.608267729631E-02  1.000000E-30  1.000000E-30  1.000000E-30  1.000000E-30  1.000000E-30  1.000000E-30  1.000000E-30  1.000000E-30
    168  5.632179590432E-02  1.000000E-30  1.000000E-30  1.000000E-30  1.000000E-30  1.000000E-30  1.000000E-30  1.000000E-30  1.000000E-30
    169  5.658568452696E-02  1.000000E-30  1.000000E-30  1.000000E-30  1.000000E-30  1.000000E-30  1.000000E-30  1.000000E-30  1.000000E-30
    170  5.682194908758E-02  1.000000E-30  1.000000E-30  1.000000E-30  1.000000E-30  1.000000E-30  1.000000E-30  1.000000E-30  1.000000E-30
    171  5.707748662895E-02  1.000000E-30  1.000000E-30  1.000000E-30  1.000000E-30  1.000000E-30  1.000000E-30  1.000000E-30  1.000000E-30
    172  5.730159219632E-02  1.000000E-30  1.000000E-30  1.000000E-30  1.000000E-30  1.000000E-30  1.000000E-30  1.000000E-30  1.000000E-30
    173  5.769211250520E-02  1.000000E-30  1.000000E-30  1.000000E-30  1.000000E-30  1.000000E-30  1.000000E-30  1.000000E-30  1.000000E-30
    174  5.804755660481E-02  1.000000E-30  1.000000E-30  1.000000E-30  1.000000E-30  1.000000E-30  1.000000E-30  1.000000E-30  1.000000E-30
    175  5.837706807704E-02  1.000000E-30  1.000000E-30  1.000000E-30  1.000000E-30  1.000000E-30  1.000000E-30  1.000000E-30  1.000000E-30
    176  5.868213309337E-02  1.000000E-30  1.000000E-30  1.000000E-30  1.000000E-30  1.000000E-30  1.000000E-30  1.000000E-30  1.000000E-30
    177  5.897372529375E-02  1.000000E-30  1.000000E-30  1.000000E-30  1.000000E-30  1.000000E-30  1.000000E-30  1.000000E-30  1.000000E-30
    178  5.927019313219E-02  1.000000E-30  1.000000E-30  1.000000E-30  1.000000E-30  1.000000E-30  1.000000E-30  1.000000E-30  1.000000E-30
    179  5.955970264735E-02  1.000000E-30  1.000000E-30  1.000000E-30  1.000000E-30  1.000000E-30  1.000000E-30  1.000000E-30  1.000000E-30
    180  5.987296131417E-02  1.000000E-30  1.000000E-30  1.000000E-30  1.000000E-30  1.000000E-30  1.000000E-30  1.000000E-30  1.000000E-30
    181  6.018239261751E-02  1.000000E-30  1.000000E-30  1.000000E-30  1.000000E-30  1.000000E-30  1.000000E-30  1.000000E-30  1.000000E-30
    182  6.051941164510E-02  1.000000E-30  1.000000E-30  1.000000E-30  1.000000E-30  1.000000E-30  1.000000E-30  1.000000E-30  1.000000E-30
    183  6.081686890997E-02  1.000000E-30  1.000000E-30  1.000000E-30  1.000000E-30  1.000000E-30  1.000000E-30  1.000000E-30  1.000000E-30
    184  6.107970107709E-02  1.000000E-30  1.000000E-30  1.000000E-30  1.000000E-30  1.000000E-30  1.000000E-30  1.000000E-30  1.000000E-30
    185  6.149099227918E-02  1.000000E-30  1.000000E-30  1.000000E-30  1.000000E-30  1.000000E-30  1.000000E-30  1.000000E-30  1.000000E-30
    186  6.184187848266E-02  1.000000E-30  1.000000E-30  1.000000E-30  1.000000E-30  1.000000E-30  1.000000E-30  1.000000E-30  1.000000E-30
    187  6.212841772032E-02  1.000000E-30  1.000000E-30  1.000000E-30  1.000000E-30  1.000000E-30  1.000000E-30  1.000000E-30  1.000000E-30
    188  6.241083345826E-02  1.000000E-30  1.000000E-30  1.000000E-30  1.000000E-30  1.000000E-30  1.000000E-30  1.000000E-30  1.000000E-30
    189  6.286334795077E-02  1.000000E-30  1.000000E-30  1.000000E-30  1.000000E-30  1.000000E-30  1.000000E-30  1.000000E-30  1.000000E-30
    190  6.324448148531E-02  1.000000E-30  1.000000E-30  1.000000E-30  1.000000E-30  1.000000E-30  1.000000E-30  1.000000E-30  1.000000E-30
    191  6.354755735680E-02  1.000000E-30  1.000000E-30  1.000000E-30  1.000000E-30  1.000000E-30  1.000000E-30  1.000000E-30  1.000000E-30
    192  6.382753282149E-02  1.000000E-30  1.000000E-30  1.000000E-30  1.000000E-30  1.000000E-30  1.000000E-30  1.000000E-30  1.000000E-30
    193  6.429792763326E-02  1.000000E-30  1.000000E-30  1.000000E-30  1.000000E-30  1.000000E-30  1.000000E-30  1.000000E-30  1.000000E-30
    194  6.470641913937E-02  1.000000E-30  1.000000E-30  1.000000E-30  1.000000E-30  1.000000E-30  1.000000E-30  1.000000E-30  1.000000E-30
    195  6.514351188605E-02  1.000000E-30  1.000000E-30  1.000000E-30  1.000000E-30  1.000000E-30  1.000000E-30  1.000000E-30  1.000000E-30
    196  6.551961572666E-02  1.000000E-30  1.000000E-30  1.000000E-30  1.000000E-30  1.000000E-30  1.000000E-30  1.000000E-30  1.000000E-30
    197  6.614173306661E-02  1.000000E-30  1.000000E-30  1.000000E-30  1.000000E-30  1.000000E-30  1.000000E-30  1.000000E-30  1.000000E-30
    198  6.666431851744E-02  1.000000E-30  1.000000E-30  1.000000E-30  1.000000E-30  1.000000E-30  1.000000E-30  1.000000E-30  1.000000E-30
    199  6.714973898932E-02  1.000000E-30  1.000000E-30  1.000000E-30  1.000000E-30  1.000000E-30  1.000000E-30  1.000000E-30  1.000000E-30
    200  6.763365269933E-02  1.000000E-30  1.000000E-30  1.000000E-30  1.000000E-30  1.000000E-30  1.000000E-30  1.000000E-30  1.000000E-30
    201  6.810748363549E-02  1.000000E-30  1.000000E-30  1.000000E-30  1.000000E-30  1.000000E-30  1.000000E-30  1.000000E-30  1.000000E-30
    202  6.886988901479E-02  1.000000E-30  1.000000E-30  1.000000E-30  1.000000E-30  1.000000E-30  1.000000E-30  1.000000E-30  1.000000E-30
    203  6.932442343830E-02  1.000000E-30  1.000000E-30  1.000000E-30  1.000000E-30  1.000000E-30  1.000000E-30  1.000000E-30  1.000000E-30
    204  6.977291475786E-02  1.000000E-30  1.000000E-30  1.000000E-30  1.000000E-30  1.000000E-30  1.000000E-30  1.000000E-30  1.000000E-30
    205  7.051837306122E-02  1.000000E-30  1.000000E-30  1.000000E-30  1.000000E-30  1.000000E-30  1.000000E-30  1.000000E-30  1.000000E-30
    206  7.120724846930E-02  1.000000E-30  1.000000E-30  1.000000E-30  1.000000E-30  1.000000E-30  1.000000E-30  1.000000E-30  1.000000E-30
    207  7.185571854523E-02  1.000000E-30  1.000000E-30  1.000000E-30  1.000000E-30  1.000000E-30  1.000000E-30  1.000000E-30  1.000000E-30
    208  7.250556240022E-02  1.000000E-30  1.000000E-30  1.000000E-30  1.000000E-30  1.000000E-30  1.000000E-30  1.000000E-30  1.000000E-30
    209  7.308358088908E-02  1.000000E-30  1.000000E-30  1.000000E-30  1.000000E-30  1.000000E-30  1.000000E-30  1.000000E-30  1.000000E-30
    210  7.365083251161E-02  1.000000E-30  1.000000E-30  1.000000E-30  1.000000E-30  1.000000E-30  1.000000E-30  1.000000E-30  1.000000E-30
    211  7.420607479025E-02  1.000000E-30  1.000000E-30  1.000000E-30  1.000000E-30  1.000000E-30  1.000000E-30  1.000000E-30  1.000000E-30
    212  7.477269193766E-02  1.000000E-30  1.000000E-30  1.000000E-30  1.000000E-30  1.000000E-30  1.000000E-30  1.000000E-30  1.000000E-30
    213  7.532671922740E-02  1.000000E-30  1.000000E-30  1.000000E-30  1.000000E-30  1.000000E-30  1.000000E-30  1.000000E-30  1.000000E-30
    214  7.590819975934E-02  1.000000E-30  1.000000E-30  1.000000E-30  1.000000E-30  1.000000E-30  1.000000E-30  1.000000E-30  1.000000E-30
    215  7.648106882397E-02  1.000000E-30  1.000000E-30  1.000000E-30  1.000000E-30  1.000000E-30  1.000000E-30  1.000000E-30  1.000000E-30
    216  7.706864365518E-02  1.000000E-30  1.000000E-30  1.000000E-30  1.000000E-30  1.000000E-30  1.000000E-30  1.000000E-30  1.000000E-30
    217  7.765097184480E-02  1.000000E-30  1.000000E-30  1.000000E-30  1.000000E-30  1.000000E-30  1.000000E-30  1.000000E-30  1.000000E-30
    218  7.824188421090E-02  1.000000E-30  1.000000E-30  1.000000E-30  1.000000E-30  1.000000E-30  1.000000E-30  1.000000E-30  1.000000E-30
    219  7.883216312169E-02  1.000000E-30  1.000000E-30  1.000000E-30  1.000000E-30  1.000000E-30  1.000000E-30  1.000000E-30  1.000000E-30
    220  7.934760137230E-02  1.000000E-30  1.000000E-30  1.000000E-30  1.000000E-30  1.000000E-30  1.000000E-30  1.000000E-30  1.000000E-30
    221  7.991019390762E-02  1.000000E-30  1.000000E-30  1.000000E-30  1.000000E-30  1.000000E-30  1.000000E-30  1.000000E-30  1.000000E-30
    222  8.044081450283E-02  1.000000E-30  1.000000E-30  1.000000E-30  1.000000E-30  1.000000E-30  1.000000E-30  1.000000E-30  1.000000E-30
    223  8.103419684334E-02  1.000000E-30  1.000000E-30  1.000000E-30  1.000000E-30  1.000000E-30  1.000000E-30  1.000000E-30  1.000000E-30
    224  8.158988408622E-02  1.000000E-30  1.000000E-30  1.000000E-30  1.000000E-30  1.000000E-30  1.000000E-30  1.000000E-30  1.000000E-30
    225  8.219791245697E-02  1.000000E-30  1.000000E-30  1.000000E-30  1.000000E-30  1.000000E-30  1.000000E-30  1.000000E-30  1.000000E-30
    226  8.273529679330E-02  1.000000E-30  1.000000E-30  1.000000E-30  1.000000E-30  1.000000E-30  1.000000E-30  1.000000E-30  1.000000E-30
    227  8.327310875316E-02  1.000000E-30  1.000000E-30  1.000000E-30  1.000000E-30  1.000000E-30  1.000000E-30  1.000000E-30  1.000000E-30
    228  8.381967664174E-02  1.000000E-30  1.000000E-30  1.000000E-30  1.000000E-30  1.000000E-30  1.000000E-30  1.000000E-30  1.000000E-30
    229  8.442137901789E-02  1.000000E-30  1.000000E-30  1.000000E-30  1.000000E-30  1.000000E-30  1.000000E-30  1.000000E-30  1.000000E-30
    230  8.496109010092E-02  1.000000E-30  1.000000E-30  1.000000E-30  1.000000E-30  1.000000E-30  1.000000E-30  1.000000E-30  1.000000E-30
    231  8.556251684447E-02  1.000000E-30  1.000000E-30  1.000000E-30  1.000000E-30  1.000000E-30  1.000000E-30  1.000000E-30  1.000000E-30
    232  8.609514523980E-02  1.000000E-30  1.000000E-30  1.000000E-30  1.000000E-30  1.000000E-30  1.000000E-30  1.000000E-30  1.000000E-30
    233  8.668730402486E-02  1.000000E-30  1.000000E-30  1.000000E-30  1.000000E-30  1.000000E-30  1.000000E-30  1.000000E-30  1.000000E-30
    234  8.725638446658E-02  1.000000E-30  1.000000E-30  1.000000E-30  1.000000E-30  1.000000E-30  1.000000E-30  1.000000E-30  1.000000E-30
    235  8.784892152766E-02  1.000000E-30  1.000000E-30  1.000000E-30  1.000000E-30  1.000000E-30  1.000000E-30  1.000000E-30  1.000000E-30
    236  8.837914431516E-02  1.000000E-30  1.000000E-30  1.000000E-30  1.000000E-30  1.000000E-30  1.000000E-30  1.000000E-30  1.000000E-30
    237  8.927467123273E-02  1.000000E-30  1.000000E-30  1.000000E-30  1.000000E-30  1.000000E-30  1.000000E-30  1.000000E-30  1.000000E-30
    238  9.009385267910E-02  1.000000E-30  1.000000E-30  1.000000E-30  1.000000E-30  1.000000E-30  1.000000E-30  1.000000E-30  1.000000E-30
    239  9.088007009323E-02  1.000000E-30  1.000000E-30  1.000000E-30  1.000000E-30  1.000000E-30  1.000000E-30  1.000000E-30  1.000000E-30
    240  9.160938796651E-02  1.000000E-30  1.000000E-30  1.000000E-30  1.000000E-30  1.000000E-30  1.000000E-30  1.000000E-30  1.000000E-30
    241  9.231864750676E-02  1.000000E-30  1.000000E-30  1.000000E-30  1.000000E-30  1.000000E-30  1.000000E-30  1.000000E-30  1.000000E-30
    242  9.335415502949E-02  1.000000E-30  1.000000E-30  1.000000E-30  1.000000E-30  1.000000E-30  1.000000E-30  1.000000E-30  1.000000E-30
    243  9.429165011748E-02  1.000000E-30  1.000000E-30  1.000000E-30  1.000000E-30  1.000000E-30  1.000000E-30  1.000000E-30  1.000000E-30
    244  9.514750284226E-02  1.000000E-30  1.000000E-30  1.000000E-30  1.000000E-30  1.000000E-30  1.000000E-30  1.000000E-30  1.000000E-30
    245  9.592869681963E-02  1.000000E-30  1.000000E-30  1.000000E-30  1.000000E-30  1.000000E-30  1.000000E-30  1.000000E-30  1.000000E-30
    246  9.638259128200E-02  1.000000E-30  1.000000E-30  1.000000E-30  1.000000E-30  1.000000E-30  1.000000E-30  1.000000E-30  1.000000E-30
    247  9.686466198075E-02  1.000000E-30  1.000000E-30  1.000000E-30  1.000000E-30  1.000000E-30  1.000000E-30  1.000000E-30  1.000000E-30
    248  9.745016881397E-02  1.000000E-30  1.000000E-30  1.000000E-30  1.000000E-30  1.000000E-30  1.000000E-30  1.000000E-30  1.000000E-30
    249  9.798964068785E-02  1.000000E-30  1.000000E-30  1.000000E-30  1.000000E-30  1.000000E-30  1.000000E-30  1.000000E-30  1.000000E-30
    250  9.892639389759E-02  1.000000E-30  1.000000E-30  1.000000E-30  1.000000E-30  1.000000E-30  1.000000E-30  1.000000E-30  1.000000E-30
    251  9.977784733458E-02  1.000000E-30  1.000000E-30  1.000000E-30  1.000000E-30  1.000000E-30  1.000000E-30  1.000000E-30  1.000000E-30
    252  1.005622893962E-01  1.000000E-30  1.000000E-30  1.000000E-30  1.000000E-30  1.000000E-30  1.000000E-30  1.000000E-30  1.000000E-30
    253  1.013070552067E-01  1.000000E-30  1.000000E-30  1.000000E-30  1.000000E-30  1.000000E-30  1.000000E-30  1.000000E-30  1.000000E-30
    254  1.019791947326E-01  1.000000E-30  1.000000E-30  1.000000E-30  1.000000E-30  1.000000E-30  1.000000E-30  1.000000E-30  1.000000E-30
    255  1.025982572428E-01  1.000000E-30  1.000000E-30  1.000000E-30  1.000000E-30  1.000000E-30  1.000000E-30  1.000000E-30  1.000000E-30
    256  1.032644197032E-01  1.000000E-30  1.000000E-30  1.000000E-30  1.000000E-30  1.000000E-30  1.000000E-30  1.000000E-30  1.000000E-30
    257  1.039121745974E-01  1.000000E-30  1.000000E-30  1.000000E-30  1.000000E-30  1.000000E-30  1.000000E-30  1.000000E-30  1.000000E-30
    258  1.045193471709E-01  1.000000E-30  1.000000E-30  1.000000E-30  1.000000E-30  1.000000E-30  1.000000E-30  1.000000E-30  1.000000E-30
    259  1.051181778144E-01  1.000000E-30  1.000000E-30  1.000000E-30  1.000000E-30  1.000000E-30  1.000000E-30  1.000000E-30  1.000000E-30
    260  1.056826419982E-01  1.000000E-30  1.000000E-30  1.000000E-30  1.000000E-30  1.000000E-30  1.000000E-30  1.000000E-30  1.000000E-30
    261  1.062431336111E-01  1.000000E-30  1.000000E-30  1.000000E-30  1.000000E-30  1.000000E-30  1.000000E-30  1.000000E-30  1.000000E-30
    262  1.068146627648E-01  1.000000E-30  1.000000E-30  1.000000E-30  1.000000E-30  1.000000E-30  1.000000E-30  1.000000E-30  1.000000E-30
    263  1.073656177930E-01  1.000000E-30  1.000000E-30  1.000000E-30  1.000000E-30  1.000000E-30  1.000000E-30  1.000000E-30  1.000000E-30
    264  1.079139362418E-01  1.000000E-30  1.000000E-30  1.000000E-30  1.000000E-30  1.000000E-30  1.000000E-30  1.000000E-30  1.000000E-30
    265  1.084202130578E-01  1.000000E-30  1.000000E-30  1.000000E-30  1.000000E-30  1.000000E-30  1.000000E-30  1.000000E-30  1.000000E-30
    266  1.089957947327E-01  1.000000E-30  1.000000E-30  1.000000E-30  1.000000E-30  1.000000E-30  1.000000E-30  1.000000E-30  1.000000E-30
    267  1.095139929398E-01  1.000000E-30  1.000000E-30  1.000000E-30  1.000000E-30  1.000000E-30  1.000000E-30  1.000000E-30  1.000000E-30
    268  1.100036617482E-01  1.000000E-30  1.000000E-30  1.000000E-30  1.000000E-30  1.000000E-30  1.000000E-30  1.000000E-30  1.000000E-30
    269  1.105581599754E-01  1.000000E-30  1.000000E-30  1.000000E-30  1.000000E-30  1.000000E-30  1.000000E-30  1.000000E-30  1.000000E-30
    270  1.111738162549E-01  1.000000E-30  1.000000E-30  1.000000E-30  1.000000E-30  1.000000E-30  1.000000E-30  1.000000E-30  1.000000E-30
    271  1.117276452796E-01  1.000000E-30  1.000000E-30  1.000000E-30  1.000000E-30  1.000000E-30  1.000000E-30  1.000000E-30  1.000000E-30
    272  1.122547306619E-01  1.000000E-30  1.000000E-30  1.000000E-30  1.000000E-30  1.000000E-30  1.000000E-30  1.000000E-30  1.000000E-30
    273  1.128196390807E-01  1.000000E-30  1.000000E-30  1.000000E-30  1.000000E-30  1.000000E-30  1.000000E-30  1.000000E-30  1.000000E-30
    274  1.134172103791E-01  1.000000E-30  1.000000E-30  1.000000E-30  1.000000E-30  1.000000E-30  1.000000E-30  1.000000E-30  1.000000E-30
    275  1.139661173569E-01  1.000000E-30  1.000000E-30  1.000000E-30  1.000000E-30  1.000000E-30  1.000000E-30  1.000000E-30  1.000000E-30
    276  1.145721141816E-01  1.000000E-30  1.000000E-30  1.000000E-30  1.000000E-30  1.000000E-30  1.000000E-30  1.000000E-30  1.000000E-30
    277  1.151138636995E-01  1.000000E-30  1.000000E-30  1.000000E-30  1.000000E-30  1.000000E-30  1.000000E-30  1.000000E-30  1.000000E-30
    278  1.160623872824E-01  1.000000E-30  1.000000E-30  1.000000E-30  1.000000E-30  1.000000E-30  1.000000E-30  1.000000E-30  1.000000E-30
    279  1.166131253687E-01  1.000000E-30  1.000000E-30  1.000000E-30  1.000000E-30  1.000000E-30  1.000000E-30  1.000000E-30  1.000000E-30
    280  1.171578902390E-01  1.000000E-30  1.000000E-30  1.000000E-30  1.000000E-30  1.000000E-30  1.000000E-30  1.000000E-30  1.000000E-30
    281  1.179966344325E-01  1.000000E-30  1.000000E-30  1.000000E-30  1.000000E-30  1.000000E-30  1.000000E-30  1.000000E-30  1.000000E-30
    282  1.184626561866E-01  1.000000E-30  1.000000E-30  1.000000E-30  1.000000E-30  1.000000E-30  1.000000E-30  1.000000E-30  1.000000E-30
    283  1.189221956404E-01  1.000000E-30  1.000000E-30  1.000000E-30  1.000000E-30  1.000000E-30  1.000000E-30  1.000000E-30  1.000000E-30
    284  1.197605220964E-01  1.000000E-30  1.000000E-30  1.000000E-30  1.000000E-30  1.000000E-30  1.000000E-30  1.000000E-30  1.000000E-30
    285  1.205341475296E-01  1.000000E-30  1.000000E-30  1.000000E-30  1.000000E-30  1.000000E-30  1.000000E-30  1.000000E-30  1.000000E-30
    286  1.212540834288E-01  1.078213E-30  1.000000E-30  1.000000E-30  1.000000E-30  1.000000E-30  1.000000E-30  1.000000E-30  1.000000E-30
    287  1.219299358624E-01  1.401773E-30  1.000000E-30  1.000000E-30  1.000000E-30  1.000000E-30  1.000000E-30  1.000000E-30  1.000000E-30
    288  1.225766858039E-01  1.798374E-30  1.000000E-30  1.000000E-30  1.000000E-30  1.000000E-30  1.000000E-30  1.000000E-30  1.000000E-30
    289  1.231854533608E-01  2.275672E-30  1.000000E-30  1.000000E-30  1.000000E-30  1.000000E-30  1.000000E-30  1.000000E-30  1.000000E-30
    290  1.237219182154E-01  2.801924E-30  1.000000E-30  1.000000E-30  1.000000E-30  1.000000E-30  1.000000E-30  1.000000E-30  1.000000E-30
    291  1.242404039059E-01  3.428587E-30  1.000000E-30  1.000000E-30  1.000000E-30  1.000000E-30  1.000000E-30  1.000000E-30  1.000000E-30
    292  1.248086455930E-01  4.284380E-30  1.000000E-30  1.000000E-30  1.000000E-30  1.000000E-30  1.000000E-30  1.000000E-30  1.000000E-30
    293  1.253177247642E-01  5.234368E-30  1.000000E-30  1.000000E-30  1.000000E-30  1.000000E-30  1.000000E-30  1.000000E-30  1.000000E-30
    294  1.258810647447E-01  6.543317E-30  1.000000E-30  1.000000E-30  1.000000E-30  1.000000E-30  1.000000E-30  1.000000E-30  1.000000E-30
    295  1.264205598797E-01  8.110416E-30  1.000000E-30  1.000000E-30  1.000000E-30  1.000000E-30  1.000000E-30  1.000000E-30  1.000000E-30
    296  1.270317883483E-01  1.036525E-29  1.000000E-30  1.000000E-30  1.000000E-30  1.000000E-30  1.000000E-30  1.000000E-30  1.000000E-30
    297  1.275757308169E-01  1.290378E-29  1.000000E-30  1.000000E-30  1.000000E-30  1.000000E-30  1.000000E-30  1.000000E-30  1.000000E-30
    298  1.286048671531E-01  1.971726E-29  1.225174E-30  1.000000E-30  1.000000E-30  1.000000E-30  1.000000E-30  1.000000E-30  1.000000E-30
    299  1.290949488661E-01  2.408746E-29  1.618680E-30  1.000000E-30  1.000000E-30  1.000000E-30  1.000000E-30  1.000000E-30  1.000000E-30
    300  1.295345101683E-01  2.884063E-29  2.034719E-30  1.000000E-30  1.000000E-30  1.000000E-30  1.000000E-30  1.000000E-30  1.000000E-30
    301  1.303954523490E-01  4.130124E-29  3.214120E-30  1.000000E-30  1.000000E-30  1.000000E-30  1.000000E-30  1.000000E-30  1.000000E-30
    302  1.308549873199E-01  4.998727E-29  4.101748E-30  1.000000E-30  1.000000E-30  1.000000E-30  1.000000E-30  1.000000E-30  1.000000E-30
    303  1.312776310019E-01  5.960994E-29  5.130763E-30  1.000000E-30  1.000000E-30  1.000000E-30  1.000000E-30  1.000000E-30  1.000000E-30
    304  1.320787884157E-01  8.363987E-29  7.900883E-30  1.000000E-30  1.000000E-30  1.000000E-30  1.000000E-30  1.000000E-30  1.000000E-30
    305  1.327308179063E-01  1.102639E-28  1.124484E-29  1.000000E-30  1.000000E-30  1.000000E-30  1.000000E-30  1.000000E-30  1.000000E-30
    306  1.333821207310E-01  1.455257E-28  1.602472E-29  1.000000E-30  1.000000E-30  1.000000E-30  1.000000E-30  1.000000E-30  1.000000E-30
    307  1.339749669338E-01  1.874850E-28  2.215499E-29  1.000000E-30  1.000000E-30  1.000000E-30  1.000000E-30  1.000000E-30  1.000000E-30
    308  1.345530840576E-01  2.402628E-28  3.043353E-29  1.000000E-30  1.000000E-30  1.000000E-30  1.000000E-30  1.000000E-30  1.000000E-30
    309  1.351098094661E-01  3.053304E-28  4.136312E-29  1.000000E-30  1.000000E-30  1.000000E-30  1.000000E-30  1.000000E-30  1.000000E-30
    310  1.359304916944E-01  4.360888E-28  6.529309E-29  1.000000E-30  1.000000E-30  1.000000E-30  1.000000E-30  1.000000E-30  1.000000E-30
    311  1.363572082699E-01  5.244332E-28  8.274547E-29  1.000000E-30  1.000000E-30  1.000000E-30  1.000000E-30  1.000000E-30  1.000000E-30
    312  1.367788244083E-01  6.295361E-28  1.046370E-28  1.072983E-30  1.000000E-30  1.000000E-30  1.000000E-30  1.000000E-30  1.000000E-30
    313  1.375777712339E-01  8.926445E-28  1.638848E-28  1.780677E-30  1.000000E-30  1.000000E-30  1.000000E-30  1.000000E-30  1.000000E-30
    314  1.380438267916E-01  1.093248E-27  2.127968E-28  2.388379E-30  1.000000E-30  1.000000E-30  1.000000E-30  1.000000E-30  1.000000E-30
    315  1.384690951451E-01  1.315502E-27  2.701716E-28  3.124135E-30  1.000000E-30  1.000000E-30  1.000000E-30  1.000000E-30  1.000000E-30
    316  1.391087445178E-01  1.739637E-27  3.875177E-28  4.688137E-30  1.361760E-30  1.000000E-30  1.000000E-30  1.000000E-30  1.000000E-30
    317  1.397002518981E-01  2.251620E-27  5.409976E-28  6.825605E-30  2.225355E-30  1.000000E-30  1.000000E-30  1.000000E-30  1.000000E-30
    318  1.402705851668E-01  2.886265E-27  7.463730E-28  9.808370E-30  3.452083E-30  1.000000E-30  1.000000E-30  1.000000E-30  1.000000E-30
    319  1.408634912375E-01  3.734790E-27  1.043078E-27  1.430368E-29  5.434978E-30  1.000000E-30  1.000000E-30  1.000000E-30  1.000000E-30
    320  1.414089642241E-01  4.729326E-27  1.418456E-27  2.023452E-29  8.268352E-30  1.000000E-30  1.000000E-30  1.000000E-30  1.000000E-30
    321  1.419220762512E-01  5.899108E-27  1.892833E-27  2.802873E-29  1.226585E-29  1.000000E-30  1.000000E-30  1.000000E-30  1.000000E-30
    322  1.422771704232E-01  6.868274E-27  2.309803E-27  3.510299E-29  1.611827E-29  1.000000E-30  1.000000E-30  1.000000E-30  1.000000E-30
    323  1.426029315631E-01  7.892594E-27  2.771679E-27  4.314122E-29  2.070199E-29  1.000000E-30  1.000000E-30  1.000000E-30  1.000000E-30
    324  1.430135230101E-01  9.398555E-27  3.486395E-27  5.593271E-29  2.838735E-29  1.000000E-30  1.000000E-30  1.000000E-30  1.000000E-30
    325  1.434683796643E-01  1.139260E-26  4.491861E-27  7.453078E-29  4.025680E-29  1.000000E-30  1.000000E-30  1.000000E-30  1.000000E-30
    326  1.440315208021E-01  1.443560E-26  6.140888E-27  1.062526E-28  6.202349E-29  1.000000E-30  1.000000E-30  1.000000E-30  1.000000E-30
    327  1.445490332405E-01  1.790786E-26  8.172820E-27  1.469923E-28  9.218305E-29  1.334816E-30  1.000000E-30  1.000000E-30  1.000000E-30
    328  1.451370980342E-01  2.282179E-26  1.128736E-26  2.121945E-28  1.444516E-28  2.170310E-30  1.000000E-30  1.000000E-30  1.000000E-30
    329  1.457052374241E-01  2.875848E-26  1.538007E-26  3.018425E-28  2.225379E-28  3.479515E-30  1.592970E-30  1.000000E-30  1.000000E-30
    330  1.463107957421E-01  3.668306E-26  2.133636E-26  4.385056E-28  3.521991E-28  5.747231E-30  2.914074E-30  1.000000E-30  1.000000E-30
    331  1.468752132891E-01  4.586443E-26  2.886398E-26  6.194452E-28  5.391462E-28  9.157068E-30  5.019136E-30  1.000000E-30  1.000000E-30
    332  1.475510939381E-01  5.967925E-26  4.130245E-26  9.338527E-28  8.954581E-28  1.596175E-29  9.623317E-30  1.000000E-30  1.000000E-30
    333  1.481899111058E-01  7.619130E-26  5.772901E-26  1.371711E-27  1.442451E-27  2.692292E-29  1.778201E-29  1.000000E-30  1.000000E-30
    334  1.491767377555E-01  1.102876E-25  9.624242E-26  2.470827E-27  3.000001E-27  6.015625E-29  4.578016E-29  1.353115E-30  1.000000E-30
    335  1.497116139607E-01  1.339920E-25  1.263213E-25  3.383282E-27  4.444258E-27  9.268746E-29  7.622672E-29  2.417293E-30  1.708865E-30
    336  1.502421520731E-01  1.620540E-25  1.650374E-25  4.610824E-27  6.551733E-27  1.420976E-28  1.262775E-28  4.188455E-30  3.186769E-30
    337  1.509052103900E-01  2.047122E-25  2.297466E-25  6.768833E-27  1.061701E-26  2.419013E-28  2.369977E-28  8.323153E-30  6.946057E-30
    338  1.515352476696E-01  2.544931E-25  3.134356E-25  9.716069E-27  1.675037E-26  4.000847E-28  4.303175E-28  1.596228E-29  1.455817E-29
    339  1.521327102765E-01  3.117793E-25  4.196854E-25  1.365673E-26  2.577029E-26  6.438959E-28  7.571867E-28  2.959418E-29  2.938654E-29
    340  1.526678407657E-01  3.728836E-25  5.438239E-25  1.848796E-26  3.784743E-26  9.848813E-28  1.255190E-27  5.142578E-29  5.512441E-29
    341  1.532481602429E-01  4.515612E-25  7.187518E-25  2.563027E-26  5.734347E-26  1.559911E-27  2.170397E-27  9.361816E-29  1.091028E-28
    342  1.535863948111E-01  5.041238E-25  8.446052E-25  3.097278E-26  7.299805E-26  2.038051E-27  2.985222E-27  1.327052E-28  1.624178E-28
    343  1.538995751697E-01  5.578730E-25  9.803189E-25  3.689693E-26  9.127661E-26  2.610710E-27  4.011472E-27  1.833952E-28  2.349218E-28
    344  1.546020187628E-01  6.992183E-25  1.368267E-24  5.461077E-26  1.506920E-25  4.551677E-27  7.790839E-27  3.794308E-28  5.386448E-28
    345  1.552062305672E-01  8.469271E-25  1.819174E-24  7.639468E-26  2.317143E-25  7.337717E-27  1.379010E-26  7.094605E-28  1.100995E-27
    346  1.557875935888E-01  1.016712E-24  2.390396E-24  1.054507E-25  3.505597E-25  1.162137E-26  2.391210E-26  1.297322E-27  2.194815E-27
    347  1.566447447202E-01  1.328552E-24  3.572742E-24  1.695772E-25  6.460245E-25  2.292390E-26  5.396235E-26  3.167909E-27  6.092546E-27
    348  1.574294426159E-01  1.692680E-24  5.153353E-24  2.617139E-25  1.130745E-24  4.272980E-26  1.139163E-25  7.194330E-27  1.558047E-26
    349  1.581710514975E-01  2.124561E-24  7.281995E-24  3.944482E-25  1.921822E-24  7.711432E-26  2.315075E-25  1.567397E-26  3.800284E-26
    350  1.588328903187E-01  2.598132E-24  9.905976E-24  5.686124E-25  3.086184E-24  1.307005E-25  4.365780E-25  3.146755E-26  8.446036E-26
    351  1.594606073659E-01  3.140715E-24  1.325726E-23  8.043084E-25  4.839504E-24  2.157940E-25  7.981658E-25  6.107492E-26  1.806476E-25
    352  1.600565792087E-01  3.756503E-24  1.747881E-23  1.118075E-24  7.425134E-24  3.478102E-25  1.418317E-24  1.149141E-25  3.729984E-25
    353  1.607059625219E-01  4.558695E-24  2.360192E-23  1.600025E-24  1.183953E-23  5.854011E-25  2.656700E-24  2.291868E-25  8.237367E-25
    354  1.613957576202E-01  5.586248E-24  3.242306E-23  2.338923E-24  1.942974E-23  1.017899E-24  5.179261E-24  4.778014E-25  1.914873E-24
    355  1.620398820205E-01  6.731601E-24  4.351179E-23  3.327764E-24  3.082768E-23  1.705367E-24  9.665215E-24  9.497974E-25  4.218350E-24
    356  1.627691861850E-01  8.260278E-24  6.036278E-23  4.934789E-24  5.175950E-23  3.046721E-24  1.952424E-23  2.061972E-24  1.029453E-23
    357  1.634667099868E-01  9.931127E-24  8.169014E-23  7.121582E-24  8.419801E-23  5.261809E-24  3.795857E-23  4.297047E-24  2.401365E-23
    358  1.645369737572E-01  1.257543E-23  1.242223E-22  1.196019E-23  1.701396E-22  1.166258E-23  1.010666E-22  1.274220E-23  8.491781E-23
    359  1.651200899964E-01  1.361185E-23  1.487315E-22  1.512611E-23  2.382405E-22  1.718332E-23  1.646031E-22  2.200584E-23  1.611860E-22
    360  1.656939516385E-01  1.379534E-23  1.666977E-22  1.790525E-23  3.123164E-22  2.370449E-23  2.511694E-22  3.561843E-23  2.869434E-22
    361  1.664404283242E-01  1.206537E-23  1.661158E-22  1.915484E-23  3.815423E-22  3.095084E-23  3.743028E-22  5.736770E-23  5.244407E-22
    362  1.671401020014E-01  9.180044E-24  1.421196E-22  1.741628E-23  3.861402E-22  3.302191E-23  4.431972E-22  7.228731E-23  7.345737E-22
    363  1.682228463170E-01  1.000000E-30  1.000000E-30  5.513653E-23  4.064054E-21  4.859327E-22  1.036158E-20  2.079259E-21  2.528232E-20
    364  1.688914277275E-01  7.965786E-23  1.878557E-21  2.865771E-22  9.059276E-21  8.811157E-22  1.515759E-20  2.798700E-21  3.618254E-20
    365  1.695862681704E-01  5.026446E-23  1.084726E-21  1.626145E-22  5.157171E-21  5.325279E-22  1.091891E-20  2.321386E-21  3.678381E-20
    366  1.708796298676E-01  1.144165E-23  2.761728E-22  4.322521E-23  1.515080E-21  1.685011E-22  5.308493E-21  1.693148E-21  4.153906E-20
    367  1.720689125062E-01  1.000000E-30  1.000000E-30  1.000000E-30  4.913155E-22  1.038761E-22  4.405507E-21  1.292443E-21  2.820573E-20
    368  1.730357271347E-01  6.065975E-25  3.576389E-23  7.182549E-24  4.944722E-22  6.712511E-23  2.174979E-21  6.092766E-22  1.743360E-20
    369  1.739185931198E-01  2.031462E-25  9.415639E-24  2.088036E-24  1.406640E-22  2.090695E-23  1.004169E-21  3.506663E-22  1.159627E-20
    370  1.748109107026E-01  4.742570E-26  2.583600E-24  6.281503E-25  4.495984E-23  7.091770E-24  4.023864E-22  1.652177E-22  7.357236E-21
    371  1.757092013639E-01  1.304116E-27  1.776485E-25  7.318326E-26  1.528527E-23  3.425585E-24  2.255604E-22  8.546005E-23  3.550050E-21
    372  1.765567714958E-01  2.238818E-27  1.662940E-25  4.751386E-26  5.484178E-24  1.030413E-24  7.662986E-23  3.657872E-23  2.148797E-21
    373  1.775373762473E-01  2.459517E-28  2.203416E-26  7.072071E-27  1.100735E-24  2.807480E-25  3.036986E-23  1.598710E-23  1.031676E-21
    374  1.784803688374E-01  1.043052E-29  2.748281E-27  1.473555E-27  3.675101E-25  9.566899E-26  1.065024E-23  6.054071E-24  4.792584E-22
    375  1.795112536071E-01  9.653691E-30  8.060360E-28  3.885013E-28  8.224026E-26  2.217287E-26  3.174032E-24  2.100658E-24  2.048206E-22
    376  1.804824008025E-01  4.438174E-30  1.566733E-28  6.562318E-29  1.795699E-26  5.732502E-27  1.025711E-24  7.589007E-25  8.868556E-23
    377  1.815169070317E-01  3.581181E-30  3.212651E-29  1.229393E-29  3.812900E-27  1.353781E-27  2.946417E-25  2.464069E-25  3.533417E-23
    378  1.825428215499E-01  3.478675E-30  1.718334E-29  4.333960E-30  8.034382E-28  3.114725E-28  8.306930E-26  7.892896E-26  1.389432E-23
    379  1.841355644659E-01  4.983813E-30  2.075842E-29  4.087542E-30  8.481455E-29  3.084156E-29  1.055200E-26  1.272727E-26  3.143456E-24
    380  1.856860183354E-01  4.698548E-30  1.827124E-29  3.635060E-30  2.206644E-29  9.464931E-30  1.544261E-27  2.297405E-27  7.262897E-25
    381  1.870847965371E-01  3.954156E-30  1.614026E-29  3.248876E-30  4.110130E-29  1.967861E-29  9.724282E-28  1.617814E-27  3.047184E-25
    382  1.883699545972E-01  3.468434E-30  1.371145E-29  2.880530E-30  4.161496E-29  2.412479E-29  1.299659E-27  2.484643E-27  2.742893E-25
    383  1.895671856375E-01  3.100022E-30  1.170141E-29  2.596387E-30  3.037000E-29  1.912472E-29  1.176068E-27  2.635283E-27  2.381419E-25
    384  1.907324824205E-01  2.895016E-30  1.072590E-29  2.223182E-30  2.080131E-29  1.324959E-29  9.148203E-28  2.410984E-27  1.992342E-25
    385  1.917913284253E-01  2.589015E-30  9.305839E-30  1.965365E-30  1.438352E-29  8.980446E-30  6.806057E-28  2.078755E-27  1.722761E-25
    386  1.928179034582E-01  2.394626E-30  8.650617E-30  1.804348E-30  1.078248E-29  6.224783E-30  4.901244E-28  1.727648E-27  1.541970E-25
    387  1.939781308337E-01  2.646174E-30  9.205512E-30  1.973193E-30  9.633784E-30  4.727186E-30  3.276955E-28  1.354722E-27  1.396351E-25
    388  1.950365569225E-01  2.275050E-30  8.032971E-30  1.715662E-30  7.452557E-30  3.485244E-30  2.204720E-28  1.056475E-27  1.286355E-25
    389  1.963061656501E-01  2.650291E-30  9.181235E-30  1.985027E-30  8.051683E-30  3.290321E-30  1.352531E-28  7.648018E-28  1.162901E-25
    390  1.975160386553E-01  2.414084E-30  8.479675E-30  1.795097E-30  6.775086E-30  2.784175E-30  8.302160E-29  5.498539E-28  1.046833E-25
    391  1.988970783448E-01  2.659060E-30  9.171930E-30  1.972860E-30  7.184216E-30  2.895918E-30  4.807147E-29  3.691181E-28  9.161428E-26
    392  2.001908516564E-01  2.241508E-30  8.531412E-30  1.776752E-30  6.379502E-30  2.524274E-30  2.857811E-29  2.496073E-28  7.986092E-26
    393  2.023233395230E-01  3.543617E-30  1.314283E-29  2.864682E-30  9.815775E-30  3.763192E-30  1.614960E-29  1.280397E-28  6.221324E-26
    394  2.035207364909E-01  1.923265E-30  7.009045E-30  1.485437E-30  5.019816E-30  2.038219E-30  8.885570E-30  8.569331E-29  5.346989E-26
    395  2.047171141817E-01  1.811616E-30  6.389473E-30  1.399170E-30  4.796939E-30  1.910420E-30  6.517220E-30  5.733465E-29  4.562569E-26
    396  2.061861175315E-01  2.244318E-30  8.076554E-30  1.650799E-30  5.698759E-30  2.185027E-30  5.853690E-30  3.507412E-29  3.721753E-26
    397  2.075162532616E-01  1.945948E-30  7.201392E-30  1.503921E-30  5.011438E-30  2.031320E-30  4.826393E-30  2.226935E-29  3.070747E-26
    398  2.088103947538E-01  1.748176E-30  6.567306E-30  1.351307E-30  4.348097E-30  1.817184E-30  4.038212E-30  1.430767E-29  2.529483E-26
    399  2.102374295066E-01  1.905688E-30  7.178736E-30  1.473579E-30  4.868541E-30  1.971603E-30  4.225761E-30  9.108492E-30  2.027780E-26
    400  2.116254943500E-01  1.708305E-30  6.541087E-30  1.321316E-30  4.244706E-30  1.759080E-30  3.747139E-30  5.882650E-30  1.624256E-26
    401  2.137594200207E-01  2.453422E-30  9.519070E-30  1.889606E-30  6.159318E-30  2.549266E-30  5.203713E-30  3.928000E-30  1.140424E-26
    402  2.149968302441E-01  1.392097E-30  5.414165E-30  1.078010E-30  3.414194E-30  1.417467E-30  3.017711E-30  2.449614E-30  9.226569E-27
    403  2.163578604848E-01  1.413434E-30  5.456861E-30  1.094759E-30  3.576164E-30  1.431260E-30  3.118300E-30  1.985508E-30  7.267891E-27
    404  2.188327022992E-01  2.356992E-30  9.897091E-30  1.856470E-30  6.092720E-30  2.411239E-30  5.332250E-30  2.292654E-30  4.647162E-27
    405  2.210861741802E-01  2.142392E-30  8.640414E-30  1.598328E-30  5.031620E-30  2.102391E-30  4.529858E-30  1.835917E-30  3.043253E-27
    406  2.231360986547E-01  1.725673E-30  7.354406E-30  1.339623E-30  4.242797E-30  1.705144E-30  3.810413E-30  1.610059E-30  2.045081E-27
    407  2.249661932162E-01  1.474185E-30  6.280511E-30  1.145533E-30  3.850648E-30  1.444898E-30  3.093955E-30  1.398905E-30  1.420450E-27
    408  2.266023391923E-01  1.273552E-30  5.526942E-30  1.000000E-30  3.244671E-30  1.239171E-30  2.855748E-30  1.258734E-30  1.017909E-27
    409  2.291569547831E-01  1.829344E-30  8.126326E-30  1.423747E-30  4.802671E-30  1.764829E-30  4.189837E-30  1.729376E-30  5.985085E-28
    410  2.305971902523E-01  1.026769E-30  4.690712E-30  1.000000E-30  2.527035E-30  1.000000E-30  2.296103E-30  1.107089E-30  4.389832E-28
    411  2.319348711247E-01  1.000000E-30  3.952151E-30  1.000000E-30  2.203496E-30  1.000000E-30  1.934623E-30  1.023478E-30  3.286629E-28
    412  2.335360820165E-01  1.038275E-30  4.578838E-30  1.000000E-30  2.710757E-30  1.000000E-30  2.230840E-30  1.153695E-30  2.321716E-28
    413  2.351317971316E-01  1.000000E-30  4.447387E-30  1.000000E-30  2.481649E-30  1.000000E-30  2.160678E-30  1.169481E-30  1.637377E-28
    414  2.376293164755E-01  1.438531E-30  6.779224E-30  1.124966E-30  3.712110E-30  1.330997E-30  3.164866E-30  1.528193E-30  9.659342E-29
    415  2.399259738388E-01  1.275758E-30  6.095699E-30  1.000000E-30  3.169902E-30  1.165239E-30  2.859526E-30  1.703586E-30  6.068972E-29
    416  2.420046682363E-01  1.046114E-30  4.947675E-30  1.000000E-30  2.748771E-30  1.000000E-30  2.610364E-30  2.049584E-30  4.216348E-29
    417  2.451201276448E-01  1.438717E-30  7.151195E-30  1.129874E-30  3.801630E-30  1.278207E-30  3.601624E-30  3.726660E-30  3.289687E-29
    418  2.467564269033E-01  1.000000E-30  3.704972E-30  1.000000E-30  1.977795E-30  1.000000E-30  2.637734E-30  4.721959E-30  3.248601E-29
    419  2.483354027874E-01  1.000000E-30  3.569528E-30  1.000000E-30  1.871538E-30  1.000000E-30  3.034806E-30  6.820107E-30  3.800948E-29
    420  2.499258654919E-01  1.000000E-30  3.501554E-30  1.000000E-30  1.826810E-30  1.000000E-30  3.713047E-30  1.004132E-29  4.904947E-29
    421  2.515152656983E-01  1.000000E-30  3.248505E-30  1.000000E-30  1.604946E-30  1.000000E-30  4.571522E-30  1.484498E-29  6.724023E-29
    422  2.542060864984E-01  1.063838E-30  5.507951E-30  1.000000E-30  2.651715E-30  1.000000E-30  8.650087E-30  2.931380E-29  1.249242E-28
    423  2.556901221114E-01  1.000000E-30  3.360321E-30  1.000000E-30  1.597405E-30  1.000000E-30  1.047745E-29  4.189922E-29  1.763613E-28
    424  2.570805114381E-01  1.000000E-30  2.501958E-30  1.000000E-30  1.205378E-30  1.000000E-30  1.381263E-29  5.873933E-29  2.457237E-28
    425  2.598984391343E-01  1.000000E-30  5.096909E-30  1.000000E-30  2.219993E-30  1.000000E-30  2.669581E-29  1.155604E-28  4.819085E-28
    426  2.622653138568E-01  1.000000E-30  4.670541E-30  1.000000E-30  1.942502E-30  1.000000E-30  4.403977E-29  2.001716E-28  8.372820E-28
    427  2.644885215151E-01  1.000000E-30  4.032188E-30  1.000000E-30  1.799687E-30  1.000000E-30  7.089205E-29  3.312401E-28  1.392150E-27
    428  2.667229470066E-01  1.000000E-30  3.972005E-30  1.000000E-30  1.755560E-30  1.000000E-30  1.137889E-28  5.427451E-28  2.294334E-27
    429  2.687894382327E-01  1.000000E-30  3.291515E-30  1.000000E-30  1.464007E-30  1.000000E-30  1.746924E-28  8.475904E-28  3.604095E-27
    430  2.709436570286E-01  1.000000E-30  3.393280E-30  1.000000E-30  1.483690E-30  1.000000E-30  2.712966E-28  1.334702E-27  5.711964E-27
    431  2.728595154549E-01  1.000000E-30  2.991601E-30  1.000000E-30  1.359454E-30  1.000000E-30  3.980586E-28  1.981105E-27  8.528462E-27
    432  2.763050324764E-01  1.000000E-30  5.983353E-30  1.000000E-30  2.835665E-30  1.000000E-30  7.804254E-28  3.951361E-27  1.719683E-26
    433  2.797281875476E-01  1.000000E-30  6.111310E-30  1.000000E-30  2.743210E-30  1.000000E-30  1.487608E-27  7.659619E-27  3.370928E-26
    434  2.831107064370E-01  1.000000E-30  6.762432E-30  1.000000E-30  2.831054E-30  1.000000E-30  2.758262E-27  1.441402E-26  6.415283E-26
    435  2.863632962154E-01  1.000288E-30  7.457922E-30  1.114940E-30  3.781171E-30  1.181996E-30  4.907338E-27  2.597455E-26  1.168871E-25
    436  2.894106333807E-01  1.007740E-30  7.374396E-30  1.378411E-30  4.836448E-30  1.599987E-30  8.296925E-27  4.439361E-26  2.018810E-25
    437  2.941185503109E-01  1.821146E-30  1.458416E-29  2.888241E-30  1.043399E-29  3.388907E-30  1.821002E-26  9.885041E-26  4.569955E-25
    438  2.983685787405E-01  3.045863E-30  2.590453E-29  5.726595E-30  1.969325E-29  6.539300E-30  3.615711E-26  1.984263E-25  9.313339E-25
    439  3.021949729112E-01  5.222653E-30  4.473209E-29  1.075290E-29  3.683428E-29  1.219416E-29  6.594408E-26  3.648219E-25  1.736126E-24
    440  3.059150641439E-01  9.396479E-30  8.189284E-29  2.034565E-29  6.949588E-29  2.252977E-29  1.167910E-25  6.501709E-25  3.136280E-24
    441  3.094680949786E-01  1.696899E-29  1.506036E-28  3.770397E-29  1.283622E-28  4.052538E-29  1.997292E-25  1.116922E-24  5.458575E-24
    442  3.127856926026E-01  2.963929E-29  2.676301E-28  6.707612E-29  2.276069E-28  6.998690E-29  3.276049E-25  1.837451E-24  9.090764E-24
    443  3.178598433803E-01  7.210794E-29  6.690479E-28  1.634829E-28  5.515413E-28  1.617503E-28  6.929801E-25  3.895196E-24  1.963867E-23
    444  3.224504526026E-01  1.596964E-28  1.516698E-27  3.631652E-28  1.218905E-27  3.426304E-28  1.357088E-24  7.624829E-24  3.910832E-23
    445  3.266870398371E-01  3.294148E-28  3.193045E-27  7.494823E-28  2.503606E-27  6.762753E-28  2.507987E-24  1.405770E-23  7.325785E-23
    446  3.305577136787E-01  6.279294E-28  6.195735E-27  1.428319E-27  4.750966E-27  1.237103E-27  4.358061E-24  2.433501E-23  1.286719E-22
    447  3.362681054783E-01  1.572343E-27  1.590002E-26  3.569176E-27  1.180052E-26  2.909147E-27  9.631536E-24  5.333265E-23  2.881052E-22
    448  3.414589872690E-01  3.493585E-27  3.606846E-26  7.914262E-27  2.603326E-26  6.105513E-27  1.926767E-23  1.055856E-22  5.815720E-22
    449  3.462773530350E-01  7.143924E-27  7.507807E-26  1.614840E-26  5.289129E-26  1.184131E-26  3.581343E-23  1.939188E-22  1.087480E-21
    450  3.508856189623E-01  1.389548E-26  1.483363E-25  3.133793E-26  1.022722E-25  2.189964E-26  6.354669E-23  3.394825E-22  1.936599E-21
    451  3.552628710565E-01  2.577785E-26  2.789600E-25  5.800076E-26  1.887397E-25  3.873962E-26  1.079037E-22  5.681188E-22  3.293548E-21
    452  3.595141079779E-01  4.646557E-26  5.089478E-25  1.043013E-25  3.386463E-25  6.670741E-26  1.782778E-22  9.239998E-22  5.440594E-21
    453  3.636744849418E-01  8.196823E-26  9.074807E-25  1.835529E-25  5.950216E-25  1.125853E-25  2.885555E-22  1.470585E-21  8.790512E-21
    454  3.676260234901E-01  1.395315E-25  1.558957E-24  3.117239E-25  1.009633E-24  1.838746E-25  4.524083E-22  2.266153E-21  1.373969E-20
    455  3.714655117309E-01  2.325967E-25  2.619417E-24  5.184320E-25  1.678793E-24  2.946133E-25  6.960359E-22  3.424554E-21  2.104855E-20
    456  3.752653942304E-01  3.837910E-25  4.352036E-24  8.534289E-25  2.764903E-24  4.677574E-25  1.060701E-21  5.121500E-21  3.190244E-20
    457  3.809506426681E-01  8.057031E-25  9.215034E-24  1.785258E-24  5.795889E-24  9.283369E-25  1.976590E-21  9.261867E-21  5.884237E-20
    458  3.865190953769E-01  1.654661E-24  1.904575E-23  3.653334E-24  1.190568E-23  1.807782E-24  3.610953E-21  1.639673E-20  1.061661E-19
    459  3.928522091207E-01  3.732322E-24  4.316732E-23  8.206582E-24  2.692164E-23  3.847896E-24  7.123918E-21  3.114339E-20  2.059495E-19
    460  3.991093841216E-01  8.322211E-24  9.646536E-23  1.822188E-23  6.032729E-23  8.124872E-24  1.389596E-20  5.838643E-20  3.940380E-19
    461  4.054183851758E-01  1.870960E-23  2.167978E-22  4.078572E-23  1.366743E-22  1.734283E-23  2.724775E-20  1.097886E-19  7.558621E-19
    462  4.147392755742E-01  6.246005E-23  7.200741E-22  1.352351E-22  4.640168E-22  5.395727E-23  7.408231E-20  2.796813E-19  1.981030E-18
    463  4.232199499949E-01  1.890499E-22  2.159187E-21  4.066947E-22  1.434937E-21  1.542978E-22  1.858284E-19  6.597100E-19  4.789025E-18
    464  4.316976825025E-01  5.779800E-22  6.511289E-21  1.235114E-21  4.510446E-21  4.490771E-22  4.714880E-19  1.571345E-18  1.167582E-17
    465  4.393401554526E-01  1.596356E-21  1.769884E-20  3.389797E-21  1.284556E-20  1.194719E-21  1.103905E-18  3.469793E-18  2.630230E-17
    466  4.465935084243E-01  4.217456E-21  4.591284E-20  8.898942E-21  3.511588E-20  3.065833E-21  2.495299E-18  7.418235E-18  5.724649E-17
    467  4.537106765818E-01  1.102253E-20  1.175363E-19  2.310188E-20  9.536044E-20  7.836029E-21  5.602512E-18  1.575880E-17  1.236420E-16
    468  4.602314649238E-01  2.676478E-20  2.793876E-19  5.572284E-20  2.408254E-19  1.874865E-20  1.183406E-17  3.163931E-17  2.518033E-16
    469  4.709552966107E-01  1.168969E-19  1.172971E-18  2.404496E-19  1.131776E-18  8.092776E-20  4.103521E-17  1.009482E-16  8.208122E-16
    470  4.769745726746E-01  2.695576E-19  2.639836E-18  5.504261E-19  2.732473E-18  1.867366E-19  8.310445E-17  1.950562E-16  1.603545E-15
    471  4.828178172001E-01  6.094961E-19  5.821856E-18  1.235516E-18  6.482280E-18  4.248215E-19  1.657352E-16  3.716637E-16  3.085640E-15
    472  4.927188450138E-01  2.445914E-18  2.233973E-17  4.897819E-18  2.844553E-17  1.746110E-18  5.398995E-16  1.120927E-15  9.444927E-15
    473  5.000000000000E-01  6.800215E-18  6.001245E-17  1.350437E-17  8.503300E-17  4.999963E-18  1.299280E-15  2.545603E-15  2.165331E-14
