 *                                      
 * expansion:  temp0=  1.000E+10 den0=  3.000E+06 temp_stop=  1.000E+07
 *          time                ga75          ga76          ga77          ga78          ga79          ga80          ga81          ga82 
      1  0.000000000000E+00  1.000000E-30  1.000000E-30  1.000000E-30  1.000000E-30  1.000000E-30  1.000000E-30  1.000000E-30  1.000000E-30
      2  1.000000000000E-16  1.000000E-30  1.003094E-30  1.000154E-30  1.000000E-30  1.001192E-30  1.000093E-30  1.000000E-30  1.000122E-30
      3  6.264265632874E-16  1.000000E-30  1.019108E-30  1.000951E-30  1.000000E-30  1.007329E-30  1.000571E-30  1.000000E-30  1.000748E-30
      4  2.206990590178E-15  1.000000E-30  1.064523E-30  1.003188E-30  1.000000E-30  1.024427E-30  1.001881E-30  1.000000E-30  1.002506E-30
      5  6.425069294186E-15  1.000000E-30  1.168200E-30  1.008156E-30  1.000000E-30  1.061615E-30  1.004620E-30  1.000000E-30  1.006402E-30
      6  1.724777641531E-14  1.000000E-30  1.346688E-30  1.016320E-30  1.000000E-30  1.118288E-30  1.008422E-30  1.000000E-30  1.012635E-30
      7  4.527785414179E-14  1.000000E-30  1.523250E-30  1.028886E-30  1.010276E-30  1.159446E-30  1.010741E-30  1.000000E-30  1.018365E-30
      8  1.231582592127E-13  1.000000E-30  1.611405E-30  1.048555E-30  1.021732E-30  1.165338E-30  1.010958E-30  1.000017E-30  1.089654E-30
      9  4.001734798240E-13  1.638839E-30  1.707021E-30  1.060084E-30  1.026320E-30  1.167520E-30  1.009926E-30  1.000000E-30  1.117037E-30
     10  1.150918682670E-12  1.957642E-30  1.758040E-30  1.061765E-30  1.030761E-30  1.171372E-30  1.014028E-30  1.000000E-30  1.117905E-30
     11  2.802808442389E-12  1.646938E-30  1.735974E-30  1.065623E-30  1.032179E-30  1.176844E-30  1.043453E-30  1.041034E-30  1.147892E-30
     12  6.912921996243E-12  1.212202E-30  1.637065E-30  1.031515E-30  1.002900E-30  1.130177E-30  1.000749E-30  1.008306E-30  1.122206E-30
     13  1.659368270033E-11  1.000000E-30  1.389289E-30  1.000000E-30  1.000000E-30  1.000000E-30  1.000000E-30  1.000000E-30  1.000000E-30
     14  1.134012897413E-10  1.000000E-30  1.000000E-30  1.000000E-30  1.000000E-30  1.000000E-30  1.000000E-30  1.000000E-30  1.000000E-30
     15  1.081477360150E-09  1.000000E-30  1.000000E-30  1.000000E-30  1.000000E-30  1.000000E-30  1.000000E-30  1.000000E-30  1.000000E-30
     16  1.076223806424E-08  1.000000E-30  1.000000E-30  1.000000E-30  1.000000E-30  1.000000E-30  1.000000E-30  1.000000E-30  1.000000E-30
     17  6.834096797002E-08  1.000000E-30  1.000000E-30  1.000000E-30  1.000000E-30  1.000000E-30  1.000000E-30  1.000000E-30  1.000000E-30
     18  2.542122411654E-07  1.000000E-30  1.000000E-30  1.000000E-30  1.000000E-30  1.000000E-30  1.000000E-30  1.000000E-30  1.000000E-30
     19  7.007518887657E-07  1.000000E-30  1.000000E-30  1.000000E-30  1.000000E-30  1.000000E-30  1.000000E-30  1.000000E-30  1.000000E-30
     20  1.724661805125E-06  1.000000E-30  1.000000E-30  1.000000E-30  1.000000E-30  1.000000E-30  1.000000E-30  1.000000E-30  1.000000E-30
     21  4.267664185819E-06  1.000000E-30  1.000000E-30  1.000000E-30  1.000000E-30  1.000000E-30  1.000000E-30  1.000000E-30  1.000000E-30
     22  1.786211798807E-05  1.000000E-30  1.000000E-30  1.000000E-30  1.000000E-30  1.000000E-30  1.000000E-30  1.000000E-30  1.000000E-30
     23  6.929007850093E-05  1.000000E-30  1.000000E-30  1.000000E-30  1.000000E-30  1.000000E-30  1.000000E-30  1.000000E-30  1.000000E-30
     24  5.835696836295E-04  1.000000E-30  1.000000E-30  1.000000E-30  1.000000E-30  1.000000E-30  1.000000E-30  1.000000E-30  1.000000E-30
     25  1.496090518789E-03  1.000000E-30  1.000000E-30  1.000000E-30  1.000000E-30  1.000000E-30  1.000000E-30  1.000000E-30  1.000000E-30
     26  2.379765156362E-03  1.000000E-30  1.000000E-30  1.000000E-30  1.000000E-30  1.000000E-30  1.000000E-30  1.000000E-30  1.000000E-30
     27  3.772948503579E-03  1.000000E-30  1.000000E-30  1.000000E-30  1.000000E-30  1.000000E-30  1.000000E-30  1.000000E-30  1.000000E-30
     28  4.957278025650E-03  1.000000E-30  1.000000E-30  1.000000E-30  1.000000E-30  1.000000E-30  1.000000E-30  1.000000E-30  1.000000E-30
     29  5.758110286319E-03  1.000000E-30  1.000000E-30  1.000000E-30  1.000000E-30  1.000000E-30  1.000000E-30  1.000000E-30  1.000000E-30
     30  6.636115041812E-03  1.000000E-30  1.000000E-30  1.000000E-30  1.000000E-30  1.000000E-30  1.000000E-30  1.000000E-30  1.000000E-30
     31  7.490864585256E-03  1.000000E-30  1.000000E-30  1.000000E-30  1.000000E-30  1.000000E-30  1.000000E-30  1.000000E-30  1.000000E-30
     32  8.026631019591E-03  1.000000E-30  1.000000E-30  1.000000E-30  1.000000E-30  1.000000E-30  1.000000E-30  1.000000E-30  1.000000E-30
     33  8.451616658664E-03  1.000000E-30  1.000000E-30  1.000000E-30  1.000000E-30  1.000000E-30  1.000000E-30  1.000000E-30  1.000000E-30
     34  9.803471762980E-03  1.000000E-30  1.000000E-30  1.000000E-30  1.000000E-30  1.000000E-30  1.000000E-30  1.000000E-30  1.000000E-30
     35  1.116687552369E-02  1.000000E-30  1.000000E-30  1.000000E-30  1.000000E-30  1.000000E-30  1.000000E-30  1.000000E-30  1.000000E-30
     36  1.219012310682E-02  1.000000E-30  1.000000E-30  1.000000E-30  1.000000E-30  1.000000E-30  1.000000E-30  1.000000E-30  1.000000E-30
     37  1.314647137106E-02  1.000000E-30  1.000000E-30  1.000000E-30  1.000000E-30  1.000000E-30  1.000000E-30  1.000000E-30  1.000000E-30
     38  1.431720408173E-02  1.000000E-30  1.000000E-30  1.000000E-30  1.000000E-30  1.000000E-30  1.000000E-30  1.000000E-30  1.000000E-30
     39  1.545287753035E-02  1.000000E-30  1.000000E-30  1.000000E-30  1.000000E-30  1.000000E-30  1.000000E-30  1.000000E-30  1.000000E-30
     40  1.716820108076E-02  1.000000E-30  1.000000E-30  1.000000E-30  1.000000E-30  1.000000E-30  1.000000E-30  1.000000E-30  1.000000E-30
     41  1.871872199221E-02  1.000000E-30  1.000000E-30  1.000000E-30  1.000000E-30  1.000000E-30  1.000000E-30  1.000000E-30  1.000000E-30
     42  2.131412024987E-02  1.000000E-30  1.000000E-30  1.000000E-30  1.000000E-30  1.000000E-30  1.000000E-30  1.000000E-30  1.000000E-30
     43  2.288535686070E-02  1.000000E-30  1.000000E-30  1.000000E-30  1.000000E-30  1.000000E-30  1.000000E-30  1.000000E-30  1.000000E-30
     44  2.437102778700E-02  1.000000E-30  1.000000E-30  1.000000E-30  1.000000E-30  1.000000E-30  1.000000E-30  1.000000E-30  1.000000E-30
     45  2.666254430666E-02  1.000000E-30  1.000000E-30  1.000000E-30  1.000000E-30  1.000000E-30  1.000000E-30  1.000000E-30  1.000000E-30
     46  2.807329513827E-02  1.000000E-30  1.000000E-30  1.000000E-30  1.000000E-30  1.000000E-30  1.000000E-30  1.000000E-30  1.000000E-30
     47  2.946719119355E-02  1.000000E-30  1.000000E-30  1.000000E-30  1.000000E-30  1.000000E-30  1.000000E-30  1.000000E-30  1.000000E-30
     48  2.982466835475E-02  1.000000E-30  1.000000E-30  1.000000E-30  1.000000E-30  1.000000E-30  1.000000E-30  1.000000E-30  1.000000E-30
     49  3.017238950627E-02  1.000000E-30  1.000000E-30  1.000000E-30  1.000000E-30  1.000000E-30  1.000000E-30  1.000000E-30  1.000000E-30
     50  3.052509122072E-02  1.000000E-30  1.000000E-30  1.000000E-30  1.000000E-30  1.000000E-30  1.000000E-30  1.000000E-30  1.000000E-30
     51  3.066477686677E-02  1.000000E-30  1.000000E-30  1.000000E-30  1.000000E-30  1.000000E-30  1.000000E-30  1.000000E-30  1.000000E-30
     52  3.080037159611E-02  1.000000E-30  1.000000E-30  1.000000E-30  1.000000E-30  1.000000E-30  1.000000E-30  1.000000E-30  1.000000E-30
     53  3.111325257314E-02  1.000000E-30  1.000000E-30  1.000000E-30  1.000000E-30  1.000000E-30  1.000000E-30  1.000000E-30  1.000000E-30
     54  3.147800645819E-02  1.000000E-30  1.000000E-30  1.000000E-30  1.000000E-30  1.000000E-30  1.000000E-30  1.000000E-30  1.000000E-30
     55  3.181357346897E-02  1.000000E-30  1.000000E-30  1.000000E-30  1.000000E-30  1.000000E-30  1.000000E-30  1.000000E-30  1.000000E-30
     56  3.217197145871E-02  1.000000E-30  1.000000E-30  1.000000E-30  1.000000E-30  1.000000E-30  1.000000E-30  1.000000E-30  1.000000E-30
     57  3.249951277145E-02  1.000000E-30  1.000000E-30  1.000000E-30  1.000000E-30  1.000000E-30  1.000000E-30  1.000000E-30  1.000000E-30
     58  3.262595809504E-02  1.000000E-30  1.000000E-30  1.000000E-30  1.000000E-30  1.000000E-30  1.000000E-30  1.000000E-30  1.000000E-30
     59  3.272641576722E-02  1.000000E-30  1.000000E-30  1.000000E-30  1.000000E-30  1.000000E-30  1.000000E-30  1.000000E-30  1.000000E-30
     60  3.304841700500E-02  1.401886E-30  1.000000E-30  1.000000E-30  1.000000E-30  1.000000E-30  1.000000E-30  1.000000E-30  1.000000E-30
     61  3.362823507679E-02  7.127112E-30  1.000000E-30  1.000000E-30  1.000000E-30  1.000000E-30  1.000000E-30  1.000000E-30  1.000000E-30
     62  3.417743618412E-02  3.421462E-29  1.000000E-30  1.000000E-30  1.000000E-30  1.000000E-30  1.000000E-30  1.000000E-30  1.000000E-30
     63  3.448472684867E-02  8.353835E-29  2.245479E-30  1.922938E-30  1.000000E-30  1.000000E-30  1.000000E-30  1.000000E-30  1.000000E-30
     64  3.459225947862E-02  1.160141E-28  3.140395E-30  2.745733E-30  1.000000E-30  1.000000E-30  1.000000E-30  1.000000E-30  1.000000E-30
     65  3.468161085917E-02  1.531818E-28  4.168739E-30  3.686077E-30  1.000000E-30  1.000000E-30  1.000000E-30  1.000000E-30  1.000000E-30
     66  3.501586344154E-02  4.352875E-28  1.208714E-29  1.115245E-29  1.000000E-30  1.000000E-30  1.000000E-30  1.000000E-30  1.000000E-30
     67  3.563385967804E-02  3.079266E-27  8.902214E-29  8.931365E-29  1.711071E-30  1.000000E-30  1.000000E-30  1.000000E-30  1.000000E-30
     68  3.619390900501E-02  1.740980E-26  5.201612E-28  5.581153E-28  1.146868E-29  3.541086E-30  1.000000E-30  1.000000E-30  1.000000E-30
     69  3.661379630041E-02  6.535096E-26  2.006204E-27  2.274710E-27  4.838478E-29  1.594134E-29  1.000000E-30  1.000000E-30  1.000000E-30
     70  3.704099468238E-02  2.514809E-25  7.932526E-27  9.495955E-27  2.089791E-28  7.203877E-29  1.346746E-30  1.000000E-30  1.000000E-30
     71  3.731378163516E-02  5.926434E-25  1.901059E-26  2.352380E-26  5.285779E-28  1.872917E-28  3.587497E-30  1.000000E-30  1.000000E-30
     72  3.757630769329E-02  1.361732E-24  4.444120E-26  5.689053E-26  1.306017E-27  4.759986E-28  9.255411E-30  1.000000E-30  1.000000E-30
     73  3.788075418501E-02  3.564773E-24  1.186939E-25  1.580128E-25  3.718700E-27  1.400280E-27  2.770723E-29  1.462832E-30  1.000000E-30
     74  3.819794660071E-02  9.700923E-24  3.298789E-25  4.574640E-25  1.104982E-26  4.304865E-27  8.674842E-29  4.792439E-30  1.000000E-30
     75  3.838080203158E-02  1.724688E-23  5.936719E-25  8.428715E-25  2.066759E-26  8.211381E-27  1.672214E-28  9.419975E-30  1.000000E-30
     76  3.859219912978E-02  3.362706E-23  1.174078E-24  1.713071E-24  4.274599E-26  1.737434E-26  3.581689E-28  2.064077E-29  1.000000E-30
     77  3.884096228080E-02  7.366783E-23  2.615752E-24  3.941401E-24  1.004014E-25  4.191831E-26  8.766723E-28  5.189694E-29  1.000000E-30
     78  3.907668434759E-02  1.545669E-22  5.577027E-24  8.663723E-24  2.250721E-25  9.639086E-26  2.043643E-27  1.241079E-28  1.000000E-30
     79  3.934936577490E-02  3.635216E-22  1.336409E-23  2.150772E-23  5.716421E-25  2.521421E-25  5.431216E-27  3.397563E-28  1.000000E-30
     80  3.961640452516E-02  8.375044E-22  3.136221E-23  5.225331E-23  1.420347E-24  6.448818E-25  1.410876E-26  9.087043E-28  1.230021E-30
     81  3.991996766101E-02  2.156210E-21  8.246880E-23  1.429339E-22  3.986142E-24  1.870441E-24  4.165339E-26  2.773505E-27  3.803558E-30
     82  4.019473378510E-02  5.057389E-21  1.971957E-22  3.542293E-22  1.011199E-23  4.888923E-24  1.106400E-25  7.593447E-27  1.051216E-29
     83  4.046928694587E-02  1.182190E-20  4.699139E-22  8.746506E-22  2.555404E-23  1.272627E-23  2.926338E-25  2.069558E-26  2.891897E-29
     84  4.074955599116E-02  2.812128E-20  1.140400E-21  2.202195E-21  6.590998E-23  3.384930E-23  7.913532E-25  5.774277E-26  8.147428E-29
     85  4.099011663524E-02  5.900081E-20  2.434479E-21  4.852700E-21  1.482981E-22  7.821144E-23  1.854869E-24  1.390607E-25  1.978697E-28
     86  4.118445936105E-02  1.070460E-19  4.479066E-21  9.158337E-21  2.846045E-22  1.533246E-22  3.678194E-24  2.817991E-25  4.036756E-28
     87  4.137235583218E-02  1.901575E-19  8.065675E-21  1.690417E-20  5.339367E-22  2.936462E-22  7.123319E-24  5.573614E-25  8.036436E-28
     88  4.152714488067E-02  3.048279E-19  1.307574E-20  2.796740E-20  8.953263E-22  5.008414E-22  1.226146E-23  9.762066E-25  1.415152E-27
     89  4.165981986900E-02  4.564302E-19  1.976928E-20  4.302892E-20  1.393494E-21  7.909793E-22  1.951772E-23  1.577299E-24  2.297105E-27
     90  4.188596337322E-02  9.069112E-19  3.993819E-20  8.955934E-20  2.958241E-21  1.721548E-21  4.305517E-23  3.569334E-24  5.239334E-27
     91  4.208159634323E-02  1.640058E-18  7.327464E-20  1.686197E-19  5.666140E-21  3.369555E-21  8.526194E-23  7.227014E-24  1.068131E-26
     92  4.230932596557E-02  3.267724E-18  1.484832E-19  3.521517E-19  1.207292E-20  7.362913E-21  1.888626E-22  1.642813E-23  2.447479E-26
     93  4.251598135750E-02  6.109749E-18  2.819332E-19  6.872461E-19  2.399510E-20  1.497358E-20  3.888699E-22  3.463309E-23  5.197301E-26
     94  4.274368410830E-02  1.217874E-17  5.716623E-19  1.436335E-18  5.117167E-20  3.275131E-20  8.622756E-22  7.882145E-23  1.192372E-25
     95  4.294191711445E-02  2.221418E-17  1.058390E-18  2.730291E-18  9.899741E-20  6.477307E-20  1.725769E-21  1.613760E-22  2.458311E-25
     96  4.316569238790E-02  4.385975E-17  2.125391E-18  5.648784E-18  2.089440E-19  1.401618E-19  3.785027E-21  3.631514E-22  5.575893E-25
     97  4.339365876136E-02  8.798445E-17  4.338569E-18  1.188902E-17  4.488737E-19  3.089208E-19  8.458645E-21  8.333256E-22  1.289942E-24
     98  4.362382833621E-02  1.782587E-16  8.946570E-18  2.528445E-17  9.745931E-19  6.882672E-19  1.911052E-20  1.933654E-21  3.017789E-24
     99  4.384703699487E-02  3.549766E-16  1.812513E-17  5.278317E-17  2.075956E-18  1.503303E-18  4.231115E-20  4.393804E-21  6.912043E-24
    100  4.408801045744E-02  7.504688E-16  3.904182E-17  1.174417E-16  4.720921E-18  3.512659E-18  1.003269E-19  1.071549E-20  1.700257E-23
    101  4.430336182063E-02  1.473294E-15  7.794350E-17  2.413769E-16  9.894891E-18  7.543738E-18  2.183154E-19  2.391368E-20  3.823866E-23
    102  4.453208602613E-02  3.028687E-15  1.631283E-16  5.210439E-16  2.180995E-17  1.706342E-17  5.007747E-19  5.634747E-20  9.084382E-23
    103  4.474836808964E-02  5.997299E-15  3.285784E-16  1.080746E-15  4.614470E-17  3.700000E-17  1.100407E-18  1.270246E-19  2.063944E-22
    104  4.497736119052E-02  1.234587E-14  6.887847E-16  2.337031E-15  1.019073E-16  8.386535E-17  2.529589E-18  3.000184E-19  4.915250E-22
    105  4.517199675598E-02  2.270689E-14  1.286593E-15  4.482245E-15  1.989851E-16  1.674176E-16  5.110557E-18  6.202610E-19  1.023345E-21
    106  4.536038532241E-02  4.067096E-14  2.339427E-15  8.361779E-15  3.777383E-16  3.247104E-16  1.002800E-17  1.244663E-18  2.067581E-21
    107  4.552484255766E-02  6.709293E-14  3.910444E-15  1.429316E-14  6.555855E-16  5.742035E-16  1.791387E-17  2.267338E-18  3.788874E-21
    108  4.581275722245E-02  1.572527E-13  9.380418E-15  3.565729E-14  1.679754E-15  1.520252E-15  4.827784E-17  6.323064E-18  1.067666E-20
    109  4.603616864208E-02  2.968202E-13  1.803064E-14  7.067154E-14  3.399696E-15  3.157036E-15  1.016650E-16  1.367935E-17  2.328805E-20
    110  4.624194314299E-02  5.209091E-13  3.217866E-14  1.297365E-13  6.362707E-15  6.050079E-15  1.973455E-16  2.722100E-17  4.669215E-20
    111  4.641297951594E-02  8.172001E-13  5.119282E-14  2.112971E-13  1.053053E-14  1.021205E-14  3.366765E-16  4.740889E-17  8.183135E-20
    112  4.656990459822E-02  1.218480E-12  7.732021E-14  3.260894E-13  1.649332E-14  1.628604E-14  5.422131E-16  7.781350E-17  1.350863E-19
    113  4.671253119976E-02  1.732513E-12  1.112376E-13  4.784199E-13  2.452579E-14  2.461884E-14  8.269785E-16  1.207480E-16  2.107212E-19
    114  4.684580987606E-02  2.385242E-12  1.548419E-13  6.782822E-13  3.521234E-14  3.589358E-14  1.215813E-15  1.804157E-16  3.163940E-19
    115  4.697520204195E-02  3.227288E-12  2.117628E-13  9.443028E-13  4.962699E-14  5.134877E-14  1.753487E-15  2.643259E-16  4.657583E-19
    116  4.709649788536E-02  4.255564E-12  2.820619E-13  1.278987E-12  6.799393E-14  7.134627E-14  2.454988E-15  3.755760E-16  6.647501E-19
    117  4.721637454993E-02  5.559345E-12  3.721752E-13  1.715740E-12  9.225798E-14  9.815896E-14  3.403139E-15  5.282939E-16  9.391953E-19
    118  4.732862910872E-02  7.103301E-12  4.800141E-13  2.247435E-12  1.221462E-13  1.316593E-13  4.596925E-15  7.234603E-16  1.291500E-18
    119  4.750539400184E-02  1.035248E-11  7.100189E-13  3.406501E-12  1.882865E-13  2.071471E-13  7.313425E-15  1.176062E-15  2.113188E-18
    120  4.767210524850E-02  1.462569E-11  1.017258E-12  4.994499E-12  2.805001E-13  3.146364E-13  1.122602E-14  1.842574E-15  3.331340E-18
    121  4.783406579930E-02  2.029630E-11  1.431087E-12  7.185702E-12  4.098783E-13  4.685029E-13  1.688796E-14  2.827633E-15  5.143142E-18
    122  4.799263518131E-02  2.778093E-11  1.985296E-12  1.019010E-11  5.901768E-13  6.871631E-13  2.501993E-14  4.271829E-15  7.815918E-18
    123  4.815339657435E-02  3.795858E-11  2.749893E-12  1.443350E-11  8.489856E-13  1.007218E-12  3.704913E-14  6.452449E-15  1.187655E-17
    124  4.832264594384E-02  5.240316E-11  3.851468E-12  2.069715E-11  1.237475E-12  1.497434E-12  5.567650E-14  9.901730E-15  1.834079E-17
    125  4.849826454798E-02  7.278628E-11  5.430502E-12  2.990540E-11  1.818686E-12  2.246433E-12  8.446403E-14  1.535209E-14  2.862363E-17
    126  4.867786870736E-02  1.012703E-10  7.673016E-12  4.332658E-11  2.681211E-12  3.382255E-12  1.286347E-13  2.390822E-14  4.487714E-17
    127  4.885872256535E-02  1.404752E-10  1.081057E-11  6.260414E-11  3.942932E-12  5.080553E-12  1.954699E-13  3.715798E-14  7.022260E-17
    128  4.903755607841E-02  1.932180E-10  1.510113E-11  8.966419E-11  5.746556E-12  7.561798E-12  2.942819E-13  5.720462E-14  1.088367E-16
    129  4.921259737621E-02  2.628538E-10  2.085787E-11  1.269158E-10  8.274347E-12  1.111464E-11  4.374278E-13  8.691279E-14  1.664528E-16
    130  4.938368810460E-02  3.537704E-10  2.849344E-11  1.775816E-10  1.177321E-11  1.613654E-11  6.420849E-13  1.303420E-13  2.512437E-16
    131  4.955132280349E-02  4.716685E-10  3.854952E-11  2.459691E-10  1.657776E-11  2.317558E-11  9.321697E-13  1.932556E-13  3.748823E-16
    132  4.971624312404E-02  6.239612E-10  5.173882E-11  3.378566E-10  2.314336E-11  3.299080E-11  1.341133E-12  2.838734E-13  5.541149E-16
    133  4.987811857735E-02  8.187522E-10  6.886402E-11  4.600315E-10  3.201959E-11  4.652630E-11  1.911236E-12  4.128899E-13  8.109171E-16
    134  5.003799836445E-02  1.067978E-09  9.110132E-11  6.224447E-10  4.401429E-11  6.517891E-11  2.705274E-12  5.963642E-13  1.178399E-15
    135  5.019682549602E-02  1.386845E-09  1.199752E-10  8.382947E-10  6.021776E-11  9.087129E-11  3.810636E-12  8.571145E-13  1.703907E-15
    136  5.035511419132E-02  1.794376E-09  1.574260E-10  1.124834E-09  8.208098E-11  1.262165E-10  5.347438E-12  1.227200E-12  2.454394E-15
    137  5.051299755300E-02  2.313633E-09  2.058546E-10  1.504058E-09  1.114916E-10  1.746938E-10  7.477586E-12  1.750871E-12  3.522919E-15
    138  5.067010535678E-02  2.970860E-09  2.680647E-10  2.002619E-09  1.507927E-10  2.407396E-10  1.041049E-11  2.486915E-12  5.034087E-15
    139  5.082726902819E-02  3.803646E-09  3.480727E-10  2.658870E-09  2.033763E-10  3.308363E-10  1.445392E-11  3.522831E-12  7.174121E-15
    140  5.098506829486E-02  4.859129E-09  4.510080E-10  3.523133E-09  2.737761E-10  4.538347E-10  2.003292E-11  4.982178E-12  1.020771E-14
    141  5.114361869269E-02  6.193283E-09  5.831104E-10  4.658754E-09  3.678296E-10  6.214240E-10  2.771642E-11  7.034602E-12  1.450101E-14
    142  5.130328078870E-02  7.877426E-09  7.524556E-10  6.149684E-09  4.934048E-10  8.496744E-10  3.829513E-11  9.920925E-12  2.057708E-14
    143  5.146205644840E-02  9.965563E-09  9.657151E-10  8.072893E-09  6.581561E-10  1.155182E-09  5.260962E-11  1.391064E-11  2.902962E-14
    144  5.162089365231E-02  1.255282E-08  1.234128E-09  1.055269E-08  8.742375E-10  1.564003E-09  7.197563E-11  1.942502E-11  4.078723E-14
    145  5.177902725711E-02  1.572013E-08  1.567971E-09  1.371293E-08  1.154375E-09  2.104823E-09  9.787778E-11  2.696071E-11  5.695810E-14
    146  5.193558292952E-02  1.954488E-08  1.977563E-09  1.768620E-08  1.512677E-09  2.810667E-09  1.320568E-10  3.712055E-11  7.890028E-14
    147  5.207655208218E-02  2.366723E-08  2.425818E-09  2.213710E-08  1.920674E-09  3.629988E-09  1.721465E-10  4.928254E-11  1.053263E-13
    148  5.220437120847E-02  2.803265E-08  2.907217E-09  2.702025E-08  2.375055E-09  4.558613E-09  2.180198E-10  6.346063E-11  1.363043E-13
    149  5.240275279905E-02  3.613874E-08  3.817115E-09  3.650145E-08  3.274111E-09  6.437080E-09  3.119353E-10  9.317548E-11  2.016835E-13
    150  5.258707116153E-02  4.528512E-08  4.865442E-09  4.777327E-08  4.366691E-09  8.779034E-09  4.306583E-10  1.317693E-10  2.872840E-13
    151  5.276353482958E-02  5.562812E-08  6.075394E-09  6.118584E-08  5.694739E-09  1.169687E-08  5.805651E-10  1.817834E-10  3.990737E-13
    152  5.293536770993E-02  6.725934E-08  7.464168E-09  7.705407E-08  7.299364E-09  1.530919E-08  7.686062E-10  2.461424E-10  5.440190E-13
    153  5.310288915571E-02  8.008302E-08  9.027411E-09  9.546763E-08  9.201007E-09  1.969514E-08  9.999202E-10  3.273428E-10  7.282687E-13
    154  5.325369291828E-02  9.282892E-08  1.061306E-08  1.147037E-07  1.122826E-08  2.448040E-08  1.255455E-09  4.192302E-10  9.382543E-13
    155  5.339308966526E-02  1.055345E-07  1.222465E-08  1.348063E-07  1.338755E-08  2.968892E-08  1.536840E-09  5.227047E-10  1.176285E-12
    156  5.362726198018E-02  1.285334E-07  1.522105E-08  1.736298E-07  1.766671E-08  4.031665E-08  2.120019E-09  7.436957E-10  1.689158E-12
    157  5.383816121000E-02  1.504771E-07  1.817864E-08  2.138000E-07  2.223587E-08  5.207199E-08  2.777253E-09  1.001854E-09  2.294613E-12
    158  5.403768730975E-02  1.716589E-07  2.113398E-08  2.558631E-07  2.716946E-08  6.520354E-08  3.524672E-09  1.305623E-09  3.014146E-12
    159  5.422986619970E-02  1.918221E-07  2.405261E-08  2.994498E-07  3.244255E-08  7.972120E-08  4.365723E-09  1.659099E-09  3.859599E-12
    160  5.440569294967E-02  2.095655E-07  2.672261E-08  3.413161E-07  3.766520E-08  9.458149E-08  5.241454E-09  2.039179E-09  4.777166E-12
    161  5.456994612052E-02  2.251566E-07  2.916616E-08  3.815525E-07  4.283715E-08  1.097711E-07  6.151293E-09  2.446283E-09  5.768630E-12
    162  5.485681963417E-02  2.492316E-07  3.318822E-08  4.527329E-07  5.238487E-08  1.390780E-07  7.946659E-09  3.283882E-09  7.833087E-12
    163  5.511708850657E-02  2.667706E-07  3.642874E-08  5.162209E-07  6.139497E-08  1.683442E-07  9.790998E-09  4.190230E-09  1.010020E-11
    164  5.536560227933E-02  2.791875E-07  3.905534E-08  5.739677E-07  7.008354E-08  1.981953E-07  1.172462E-08  5.188949E-09  1.263363E-11
    165  5.559867087093E-02  2.868151E-07  4.104423E-08  6.241826E-07  7.812452E-08  2.274366E-07  1.367085E-08  6.243986E-09  1.534627E-11
    166  5.582344501454E-02  2.905158E-07  4.249837E-08  6.680395E-07  8.564027E-08  2.564108E-07  1.565212E-08  7.370348E-09  1.828046E-11
    167  5.608267729631E-02  2.905840E-07  4.360506E-08  7.121598E-07  9.386093E-08  2.902881E-07  1.803908E-08  8.799343E-09  2.205595E-11
    168  5.632179590432E-02  2.870523E-07  4.410330E-08  7.462044E-07  1.009007E-07  3.215573E-07  2.031464E-08  1.023803E-08  2.591350E-11
    169  5.658568452696E-02  2.797256E-07  4.411618E-08  7.761640E-07  1.079720E-07  3.556940E-07  2.288531E-08  1.195767E-08  3.059442E-11
    170  5.682194908758E-02  2.706596E-07  4.370150E-08  7.962842E-07  1.136287E-07  3.856325E-07  2.522156E-08  1.361260E-08  3.516777E-11
    171  5.707748662895E-02  2.587900E-07  4.286540E-08  8.112731E-07  1.190116E-07  4.171397E-07  2.777159E-08  1.552533E-08  4.053316E-11
    172  5.730159219632E-02  2.470761E-07  4.185525E-08  8.190161E-07  1.231031E-07  4.438833E-07  3.001759E-08  1.730781E-08  4.560658E-11
    173  5.769211250520E-02  2.248276E-07  3.961549E-08  8.217036E-07  1.288690E-07  4.882545E-07  3.393203E-08  2.065030E-08  5.529980E-11
    174  5.804755660481E-02  2.036776E-07  3.720600E-08  8.139537E-07  1.327172E-07  5.261400E-07  3.749038E-08  2.397373E-08  6.515665E-11
    175  5.837706807704E-02  1.841840E-07  3.479494E-08  7.998500E-07  1.352268E-07  5.591616E-07  4.078113E-08  2.730808E-08  7.524894E-11
    176  5.868213309337E-02  1.667035E-07  3.249285E-08  7.820461E-07  1.367402E-07  5.879681E-07  4.381848E-08  3.062457E-08  8.547493E-11
    177  5.897372529375E-02  1.507751E-07  3.028399E-08  7.616733E-07  1.375452E-07  6.140136E-07  4.671732E-08  3.401771E-08  9.611840E-11
    178  5.927019313219E-02  1.355288E-07  2.806950E-08  7.383493E-07  1.377952E-07  6.390833E-07  4.966313E-08  3.770770E-08  1.078880E-10
    179  5.955970264735E-02  1.216419E-07  2.596299E-08  7.135892E-07  1.375408E-07  6.622242E-07  5.253792E-08  4.155992E-08  1.203792E-10
    180  5.987296131417E-02  1.077592E-07  2.376487E-08  6.850803E-07  1.367565E-07  6.857608E-07  5.564206E-08  4.602105E-08  1.350908E-10
    181  6.018239261751E-02  9.526085E-08  2.170199E-08  6.558652E-07  1.355544E-07  7.076612E-07  5.871297E-08  5.075398E-08  1.509680E-10
    182  6.051941164510E-02  8.298816E-08  1.959018E-08  6.233664E-07  1.338260E-07  7.300510E-07  6.206411E-08  5.630400E-08  1.699169E-10
    183  6.081686890997E-02  7.326446E-08  1.784867E-08  5.944528E-07  1.319860E-07  7.485958E-07  6.502872E-08  6.156980E-08  1.882058E-10
    184  6.107970107709E-02  6.548718E-08  1.640653E-08  5.689366E-07  1.301450E-07  7.640525E-07  6.765296E-08  6.652728E-08  2.056848E-10
    185  6.149099227918E-02  5.472758E-08  1.432760E-08  5.293510E-07  1.268992E-07  7.864493E-07  7.175997E-08  7.489264E-08  2.357227E-10
    186  6.184187848266E-02  4.677314E-08  1.271644E-08  4.960587E-07  1.237944E-07  8.036616E-07  7.524316E-08  8.264054E-08  2.641243E-10
    187  6.212841772032E-02  4.104933E-08  1.151148E-08  4.694782E-07  1.210839E-07  8.165255E-07  7.807787E-08  8.941664E-08  2.893933E-10
    188  6.241083345826E-02  3.602348E-08  1.041667E-08  4.439074E-07  1.182784E-07  8.281438E-07  8.085862E-08  9.651023E-08  3.162571E-10
    189  6.286334795077E-02  2.910613E-08  8.842639E-09  4.043878E-07  1.135438E-07  8.444933E-07  8.527057E-08  1.087744E-07  3.636494E-10
    190  6.324448148531E-02  2.423009E-08  7.675922E-09  3.725990E-07  1.093599E-07  8.559900E-07  8.892270E-08  1.199965E-07  4.080219E-10
    191  6.354755735680E-02  2.088191E-08  6.840368E-09  3.482389E-07  1.058946E-07  8.633768E-07  9.174843E-08  1.295022E-07  4.463447E-10
    192  6.382753282149E-02  1.816257E-08  6.137220E-09  3.265410E-07  1.026107E-07  8.688361E-07  9.429107E-08  1.387548E-07  4.842752E-10
    193  6.429792763326E-02  1.430496E-08  5.093995E-09  2.919598E-07  9.696922E-08  8.751090E-07  9.840326E-08  1.553510E-07  5.538129E-10
    194  6.470641913937E-02  1.157479E-08  4.315061E-09  2.638702E-07  9.197941E-08  8.775184E-07  1.017791E-07  1.708404E-07  6.204125E-10
    195  6.514351188605E-02  9.185041E-09  3.597293E-09  2.358206E-07  8.658519E-08  8.768738E-07  1.051498E-07  1.885178E-07  6.983860E-10
    196  6.551961572666E-02  7.493519E-09  3.062868E-09  2.132359E-07  8.189194E-08  8.732990E-07  1.077820E-07  2.045744E-07  7.710479E-10
    197  6.614173306661E-02  5.305529E-09  2.328474E-09  1.791539E-07  7.414505E-08  8.615892E-07  1.115588E-07  2.328094E-07  9.030233E-10
    198  6.666431851744E-02  3.938368E-09  1.835768E-09  1.536755E-07  6.774957E-08  8.464887E-07  1.141388E-07  2.580645E-07  1.025613E-09
    199  6.714973898932E-02  2.966656E-09  1.462956E-09  1.324866E-07  6.195891E-08  8.283454E-07  1.160055E-07  2.826543E-07  1.149172E-09
    200  6.763365269933E-02  2.219625E-09  1.158286E-09  1.135122E-07  5.632440E-08  8.059438E-07  1.172399E-07  3.079414E-07  1.280876E-09
    201  6.810748363549E-02  1.660232E-09  9.160489E-10  9.701699E-08  5.102912E-08  7.806332E-07  1.178883E-07  3.333918E-07  1.418280E-09
    202  6.886988901479E-02  1.027185E-09  6.204005E-10  7.448660E-08  4.305711E-08  7.338987E-07  1.177623E-07  3.753462E-07  1.656125E-09
    203  6.932442343830E-02  7.650717E-10  4.879107E-10  6.315885E-08  3.863843E-08  7.027569E-07  1.169502E-07  4.005160E-07  1.806399E-09
    204  6.977291475786E-02  5.684228E-10  3.826176E-10  5.336881E-08  3.453833E-08  6.699775E-07  1.156004E-07  4.251403E-07  1.959710E-09
    205  7.051837306122E-02  3.426148E-10  2.524503E-10  3.988791E-08  2.836007E-08  6.126635E-07  1.123081E-07  4.652937E-07  2.224610E-09
    206  7.120724846930E-02  2.115177E-10  1.695743E-10  3.008740E-08  2.335063E-08  5.576238E-07  1.081532E-07  5.006478E-07  2.476689E-09
    207  7.185571854523E-02  1.324639E-10  1.150592E-10  2.278925E-08  1.922020E-08  5.047985E-07  1.032959E-07  5.312681E-07  2.714746E-09
    208  7.250556240022E-02  8.189663E-11  7.713592E-11  1.706816E-08  1.565453E-08  4.525360E-07  9.775033E-08  5.590581E-07  2.951953E-09
    209  7.308358088908E-02  5.283991E-11  5.351557E-11  1.307547E-08  1.292791E-08  4.072219E-07  9.233325E-08  5.807282E-07  3.157911E-09
    210  7.365083251161E-02  3.399843E-11  3.699707E-11  9.970294E-09  1.061751E-08  3.640808E-07  8.660538E-08  5.983861E-07  3.350022E-09
    211  7.420607479025E-02  2.188845E-11  2.556570E-11  7.586457E-09  8.691411E-09  3.240003E-07  8.079997E-08  6.123607E-07  3.528127E-09
    212  7.477269193766E-02  1.384459E-11  1.738961E-11  5.695588E-09  7.033171E-09  2.856377E-07  7.477615E-08  6.230740E-07  3.697469E-09
    213  7.532671922740E-02  8.751289E-12  1.180862E-11  4.262939E-09  5.667629E-09  2.504622E-07  6.877849E-08  6.292510E-07  3.844424E-09
    214  7.590819975934E-02  5.354057E-12  7.792881E-12  3.117363E-09  4.480693E-09  2.164704E-07  6.252460E-08  6.313434E-07  3.977853E-09
    215  7.648106882397E-02  3.268532E-12  5.128298E-12  2.270681E-09  3.525796E-09  1.860558E-07  5.650181E-08  6.290544E-07  4.086537E-09
    216  7.706864365518E-02  1.947431E-12  3.301940E-12  1.623589E-09  2.730316E-09  1.578306E-07  5.047737E-08  6.216191E-07  4.167986E-09
    217  7.765097184480E-02  1.150804E-12  2.108436E-12  1.151079E-09  2.096069E-09  1.327091E-07  4.469422E-08  6.086841E-07  4.212254E-09
    218  7.824188421090E-02  6.664905E-13  1.321623E-12  8.026738E-10  1.585237E-09  1.101257E-07  3.909945E-08  5.900336E-07  4.217276E-09
    219  7.883216312169E-02  3.806568E-13  8.172990E-13  5.524364E-10  1.183748E-09  9.027094E-08  3.379834E-08  5.654237E-07  4.175001E-09
    220  7.934760137230E-02  2.298728E-13  5.293477E-13  3.931546E-10  9.051010E-10  7.492414E-08  2.939313E-08  5.384191E-07  4.090973E-09
    221  7.991019390762E-02  1.304857E-13  3.244705E-13  2.671879E-10  6.654453E-10  6.027098E-08  2.488845E-08  5.035645E-07  3.948348E-09
    222  8.044081450283E-02  7.522054E-14  2.011763E-13  1.826539E-10  4.901071E-10  4.833892E-08  2.095629E-08  4.658656E-07  3.763470E-09
    223  8.103419684334E-02  3.966610E-14  1.151556E-13  1.167176E-10  3.406019E-10  3.697957E-08  1.693426E-08  4.185914E-07  3.497217E-09
    224  8.158988408622E-02  2.128057E-14  6.674878E-14  7.504438E-11  2.370083E-10  2.816918E-08  1.358318E-08  3.710437E-07  3.199884E-09
    225  8.219791245697E-02  1.050242E-14  3.586778E-14  4.518631E-11  1.556680E-10  2.043639E-08  1.043103E-08  3.180059E-07  2.840091E-09
    226  8.273529679330E-02  5.507450E-15  2.028773E-14  2.827966E-11  1.052523E-10  1.509588E-08  8.105074E-09  2.724403E-07  2.510116E-09
    227  8.327310875316E-02  2.834372E-15  1.126889E-14  1.739528E-11  6.998635E-11  1.097446E-08  6.200473E-09  2.299793E-07  2.186483E-09
    228  8.381967664174E-02  1.426801E-15  6.132563E-15  1.050422E-11  4.575940E-11  7.859607E-09  4.678320E-09  1.918569E-07  1.883634E-09
    229  8.442137901789E-02  6.671865E-16  3.126044E-15  6.005944E-12  2.856936E-11  5.427024E-09  3.422595E-09  1.568421E-07  1.595797E-09
    230  8.496109010092E-02  3.380416E-16  1.712418E-15  3.650517E-12  1.880344E-11  3.913093E-09  2.600208E-09  1.317620E-07  1.384587E-09
    231  8.556251684447E-02  1.612062E-16  8.912512E-16  2.134083E-12  1.201738E-11  2.769946E-09  1.951762E-09  1.106892E-07  1.206101E-09
    232  8.609514523980E-02  8.584536E-17  5.130195E-16  1.361818E-12  8.301777E-12  2.095626E-09  1.555897E-09  9.752905E-08  1.097681E-09
    233  8.668730402486E-02  4.413912E-17  2.878036E-16  8.573559E-13  5.711959E-12  1.596458E-09  1.256785E-09  8.812648E-08  1.028522E-09
    234  8.725638446658E-02  2.422955E-17  1.718825E-16  5.724074E-13  4.155845E-12  1.281922E-09  1.068068E-09  8.347838E-08  1.009162E-09
    235  8.784892152766E-02  1.352256E-17  1.047819E-16  3.920081E-13  3.113917E-12  1.064899E-09  9.416157E-10  8.243627E-08  1.034067E-09
    236  8.837914431516E-02  8.261652E-18  6.931455E-17  2.879124E-13  2.479837E-12  9.305465E-10  8.681200E-10  8.416512E-08  1.091529E-09
    237  8.927467123273E-02  3.736257E-18  3.589517E-17  1.782293E-13  1.762171E-12  7.747578E-10  7.919242E-10  9.137897E-08  1.254419E-09
    238  9.009385267910E-02  1.845909E-18  2.009459E-17  1.175619E-13  1.319867E-12  6.714305E-10  7.467659E-10  1.011340E-07  1.463375E-09
    239  9.088007009323E-02  9.351852E-19  1.149642E-17  7.888841E-14  1.001928E-12  5.872689E-10  7.088885E-10  1.121511E-07  1.707860E-09
    240  9.160938796651E-02  4.954084E-19  6.819166E-18  5.426460E-14  7.732078E-13  5.173001E-10  6.741762E-10  1.233094E-07  1.969914E-09
    241  9.231864750676E-02  2.652299E-19  4.079017E-18  3.752544E-14  5.985022E-13  4.558060E-10  6.404261E-10  1.350035E-07  2.260637E-09
    242  9.335415502949E-02  1.055723E-19  1.912186E-18  2.178551E-14  4.103203E-13  3.783947E-10  5.940831E-10  1.544321E-07  2.772208E-09
    243  9.429165011748E-02  4.573524E-20  9.623102E-19  1.332505E-14  2.921490E-13  3.208722E-10  5.577099E-10  1.755287E-07  3.358633E-09
    244  9.514750284226E-02  2.126282E-20  5.136820E-19  8.515814E-15  2.148135E-13  2.772979E-10  5.294523E-10  1.988210E-07  4.035653E-09
    245  9.592869681963E-02  1.058424E-20  2.903537E-19  5.676671E-15  1.628796E-13  2.438536E-10  5.077075E-10  2.241633E-07  4.804970E-09
    246  9.638259128200E-02  7.037189E-21  2.080033E-19  4.480923E-15  1.386652E-13  2.265100E-10  4.961507E-10  2.409359E-07  5.332218E-09
    247  9.686466198075E-02  4.561576E-21  1.459886E-19  3.487169E-15  1.169708E-13  2.096838E-10  4.848813E-10  2.606052E-07  5.968032E-09
    248  9.745016881397E-02  2.693826E-21  9.499461E-20  2.572874E-15  9.521628E-14  1.911610E-10  4.723340E-10  2.872500E-07  6.859219E-09
    249  9.798964068785E-02  1.655249E-21  6.386275E-20  1.942846E-15  7.875713E-14  1.756159E-10  4.614493E-10  3.146432E-07  7.811062E-09
    250  9.892639389759E-02  7.044460E-22  3.181569E-20  1.186733E-15  5.643991E-14  1.513437E-10  4.429666E-10  3.692745E-07  9.814563E-09
    251  9.977784733458E-02  3.224098E-22  1.682417E-20  7.554881E-16  4.158760E-14  1.319971E-10  4.265932E-10  4.272513E-07  1.209179E-08
    252  1.005622893962E-01  1.550101E-22  9.254404E-21  4.940177E-16  3.116755E-14  1.158130E-10  4.105089E-10  4.880421E-07  1.464564E-08
    253  1.013070552067E-01  7.688085E-23  5.219738E-21  3.283530E-16  2.359734E-14  1.019136E-10  3.946675E-10  5.525262E-07  1.753995E-08
    254  1.019791947326E-01  4.052629E-23  3.092517E-21  2.256791E-16  1.825688E-14  9.040609E-11  3.794867E-10  6.163742E-07  2.059630E-08
    255  1.025982572428E-01  2.226605E-23  1.894121E-21  1.586391E-16  1.432704E-14  8.058008E-11  3.645459E-10  6.798666E-07  2.382715E-08
    256  1.032644197032E-01  1.162766E-23  1.112377E-21  1.079950E-16  1.098528E-14  7.089056E-11  3.478334E-10  7.530252E-07  2.779329E-08
    257  1.039121745974E-01  6.128625E-24  6.578863E-22  7.375883E-17  8.430245E-15  6.224995E-11  3.307463E-10  8.286610E-07  3.217915E-08
    258  1.045193471709E-01  3.334180E-24  3.989236E-22  5.119940E-17  6.533201E-15  5.480694E-11  3.139653E-10  9.032528E-07  3.680256E-08
    259  1.051181778144E-01  1.819724E-24  2.424487E-22  3.553307E-17  5.056799E-15  4.812828E-11  2.971016E-10  9.799164E-07  4.188080E-08
    260  1.056826419982E-01  1.022165E-24  1.508206E-22  2.503977E-17  3.951736E-15  4.238960E-11  2.809176E-10  1.054566E-06  4.716550E-08
    261  1.062431336111E-01  5.714149E-25  9.337197E-23  1.755221E-17  3.072513E-15  3.716682E-11  2.644347E-10  1.130538E-06  5.291492E-08
    262  1.068146627648E-01  3.143456E-25  5.702638E-23  1.215583E-17  2.366053E-15  3.236455E-11  2.476755E-10  1.209397E-06  5.931256E-08
    263  1.073656177930E-01  1.760540E-25  3.533663E-23  8.491998E-18  1.831499E-15  2.821041E-11  2.316968E-10  1.286211E-06  6.600703E-08
    264  1.079139362418E-01  9.793054E-26  2.176192E-23  5.894308E-18  1.409446E-15  2.446951E-11  2.157407E-10  1.362868E-06  7.319593E-08
    265  1.084202130578E-01  5.676526E-26  1.385828E-23  4.186930E-18  1.101653E-15  2.137159E-11  2.012581E-10  1.433336E-06  8.030628E-08
    266  1.089957947327E-01  3.042491E-26  8.269671E-24  2.824350E-18  8.288198E-16  1.824666E-11  1.852744E-10  1.512452E-06  8.894333E-08
    267  1.095139929398E-01  1.727098E-26  5.174199E-24  1.970759E-18  6.383749E-16  1.575820E-11  1.713120E-10  1.582171E-06  9.722048E-08
    268  1.100036617482E-01  1.004321E-26  3.300839E-24  1.392908E-18  4.957570E-16  1.365344E-11  1.583971E-10  1.646199E-06  1.054721E-07
    269  1.105581599754E-01  5.418310E-27  1.978444E-24  9.356936E-19  3.706580E-16  1.155926E-11  1.444058E-10  1.715906E-06  1.153053E-07
    270  1.111738162549E-01  2.722897E-27  1.117951E-24  5.982274E-19  2.669857E-16  9.560299E-12  1.297337E-10  1.788965E-06  1.268025E-07
    271  1.117276452796E-01  1.453891E-27  6.641835E-25  3.964577E-19  1.971815E-16  8.008281E-12  1.171433E-10  1.849960E-06  1.376302E-07
    272  1.122547306619E-01  7.968213E-28  4.030964E-25  2.663115E-19  1.469405E-16  6.733238E-12  1.058417E-10  1.903166E-06  1.483182E-07
    273  1.128196390807E-01  4.175239E-28  2.357195E-25  1.729975E-19  1.067179E-16  5.566180E-12  9.455449E-11  1.954238E-06  1.601311E-07
    274  1.134172103791E-01  2.097773E-28  1.331633E-25  1.087841E-19  7.556852E-17  4.524052E-12  8.347587E-11  2.000742E-06  1.729499E-07
    275  1.139661173569E-01  1.107916E-28  7.839325E-26  7.039392E-20  5.459171E-17  3.715302E-12  7.400948E-11  2.035909E-06  1.849289E-07
    276  1.145721141816E-01  5.465366E-29  4.365274E-26  4.326552E-20  3.790693E-17  2.972924E-12  6.448067E-11  2.065615E-06  1.982608E-07
    277  1.151138636995E-01  2.904872E-29  2.587990E-26  2.785710E-20  2.722703E-17  2.424152E-12  5.675990E-11  2.083471E-06  2.101568E-07
    278  1.160623872824E-01  9.363332E-30  1.025214E-26  1.258849E-20  1.494502E-17  1.668595E-12  4.473862E-11  2.093315E-06  2.305473E-07
    279  1.166131253687E-01  4.885520E-30  6.003311E-27  7.880545E-21  1.047388E-17  1.333743E-12  3.871277E-11  2.085928E-06  2.418851E-07
    280  1.171578902390E-01  2.526034E-30  3.538263E-27  4.924747E-21  7.323650E-18  1.062691E-12  3.337886E-11  2.068794E-06  2.525425E-07
    281  1.179966344325E-01  1.000000E-30  1.560589E-27  2.340436E-21  4.146948E-18  7.382389E-13  2.621897E-11  2.022932E-06  2.674746E-07
    282  1.184626561866E-01  1.000000E-30  9.930228E-28  1.538232E-21  3.005702E-18  5.994942E-13  2.280557E-11  1.987397E-06  2.748041E-07
    283  1.189221956404E-01  1.000000E-30  6.375854E-28  1.012932E-21  2.179656E-18  4.862728E-13  1.980153E-11  1.945509E-06  2.812259E-07
    284  1.197605220964E-01  1.000000E-30  2.830349E-28  4.625326E-22  1.189597E-18  3.267603E-13  1.508462E-11  1.852174E-06  2.905434E-07
    285  1.205341475296E-01  1.000000E-30  1.348397E-28  2.211073E-22  6.708023E-19  2.233913E-13  1.159018E-11  1.748674E-06  2.960382E-07
    286  1.212540834288E-01  1.000000E-30  6.780813E-29  1.094677E-22  3.877785E-19  1.546896E-13  8.956080E-12  1.639516E-06  2.981789E-07
    287  1.219299358624E-01  1.000000E-30  3.562355E-29  5.568259E-23  2.284140E-19  1.081457E-13  6.947113E-12  1.528021E-06  2.974274E-07
    288  1.225766858039E-01  1.000000E-30  1.934710E-29  2.889351E-23  1.364087E-19  7.606059E-14  5.400255E-12  1.415501E-06  2.941818E-07
    289  1.231854533608E-01  1.000000E-30  1.089049E-29  1.536701E-23  8.290461E-20  5.400794E-14  4.216809E-12  1.306179E-06  2.888804E-07
    290  1.237219182154E-01  1.000000E-30  6.568281E-30  8.722341E-24  5.294790E-20  3.959335E-14  3.363364E-12  1.208624E-06  2.824799E-07
    291  1.242404039059E-01  1.000000E-30  4.037951E-30  5.016518E-24  3.412958E-20  2.914807E-14  2.687434E-12  1.114558E-06  2.748691E-07
    292  1.248086455930E-01  1.000000E-30  2.371323E-30  2.717420E-24  2.094661E-20  2.068398E-14  2.087194E-12  1.012912E-06  2.650539E-07
    293  1.253177247642E-01  1.000000E-30  1.466932E-30  1.549484E-24  1.337061E-20  1.506399E-14  1.649393E-12  9.239412E-07  2.550602E-07
    294  1.258810647447E-01  1.000000E-30  1.000000E-30  8.274947E-25  8.086663E-21  1.053155E-14  1.262703E-12  8.290007E-07  2.429045E-07
    295  1.264205598797E-01  1.000000E-30  1.000000E-30  4.520842E-25  4.972715E-21  7.427098E-15  9.717703E-13  7.423447E-07  2.303779E-07
    296  1.270317883483E-01  1.000000E-30  1.000000E-30  2.255035E-25  2.836017E-21  4.945785E-15  7.150347E-13  6.498303E-07  2.153439E-07
    297  1.275757308169E-01  1.000000E-30  1.000000E-30  1.206904E-25  1.708117E-21  3.413328E-15  5.396412E-13  5.731423E-07  2.014423E-07
    298  1.286048671531E-01  1.000000E-30  1.000000E-30  3.701571E-26  6.510220E-22  1.662851E-15  3.117066E-13  4.438346E-07  1.745566E-07
    299  1.290949488661E-01  1.000000E-30  1.000000E-30  2.096731E-26  4.082495E-22  1.166322E-15  2.373317E-13  3.895342E-07  1.617206E-07
    300  1.295345101683E-01  1.000000E-30  1.000000E-30  1.264884E-26  2.690838E-22  8.447456E-16  1.850695E-13  3.448926E-07  1.503513E-07
    301  1.303954523490E-01  1.000000E-30  1.000000E-30  4.799447E-27  1.204493E-22  4.444461E-16  1.125875E-13  2.682661E-07  1.287809E-07
    302  1.308549873199E-01  1.000000E-30  1.000000E-30  2.885247E-27  7.882576E-23  3.126507E-16  8.564019E-14  2.328675E-07  1.177463E-07
    303  1.312776310019E-01  1.000000E-30  1.000000E-30  1.824668E-27  5.379336E-23  2.253264E-16  6.633310E-14  2.035323E-07  1.079770E-07
    304  1.320787884157E-01  1.000000E-30  1.000000E-30  7.938818E-28  2.693195E-23  1.203924E-16  4.063766E-14  1.558563E-07  9.062661E-08
    305  1.327308179063E-01  1.000000E-30  1.000000E-30  4.167825E-28  1.586273E-23  7.183146E-17  2.710879E-14  1.239636E-07  7.772330E-08
    306  1.333821207310E-01  1.000000E-30  1.000000E-30  2.249599E-28  9.660211E-24  4.274035E-17  1.803398E-14  9.757106E-08  6.600115E-08
    307  1.339749669338E-01  1.000000E-30  1.000000E-30  1.317428E-28  6.354067E-24  2.677717E-17  1.249954E-14  7.776799E-08  5.639789E-08
    308  1.345530840576E-01  1.000000E-30  1.000000E-30  7.943648E-29  4.325789E-24  1.709160E-17  8.801006E-15  6.180829E-08  4.799682E-08
    309  1.351098094661E-01  1.000000E-30  1.000000E-30  4.918253E-29  3.036564E-24  1.120238E-17  6.338233E-15  4.914388E-08  4.078135E-08
    310  1.359304916944E-01  1.000000E-30  1.000000E-30  2.452464E-29  1.850210E-24  6.228891E-18  4.045447E-15  3.458558E-08  3.167525E-08
    311  1.363572082699E-01  1.000000E-30  1.000000E-30  1.725683E-29  1.440286E-24  4.684869E-18  3.268985E-15  2.863028E-08  2.761164E-08
    312  1.367788244083E-01  1.000000E-30  1.000000E-30  1.206389E-29  1.124566E-24  3.583834E-18  2.686041E-15  2.364605E-08  2.400703E-08
    313  1.375777712339E-01  1.000000E-30  1.000000E-30  5.969748E-30  7.059720E-25  2.258116E-18  1.941385E-15  1.628142E-08  1.823276E-08
    314  1.380438267916E-01  1.000000E-30  1.000000E-30  4.061642E-30  5.381455E-25  1.770704E-18  1.651768E-15  1.301557E-08  1.543967E-08
    315  1.384690951451E-01  1.000000E-30  1.000000E-30  2.788729E-30  4.183020E-25  1.436563E-18  1.446050E-15  1.056343E-08  1.321162E-08
    316  1.391087445178E-01  1.000000E-30  1.000000E-30  1.474280E-30  2.847013E-25  1.070331E-18  1.211198E-15  7.662023E-09  1.038204E-08
    317  1.397002518981E-01  1.000000E-30  1.000000E-30  1.000000E-30  1.985008E-25  8.291034E-19  1.047770E-15  5.654313E-09  8.254871E-09
    318  1.402705851668E-01  1.000000E-30  1.000000E-30  1.000000E-30  1.392296E-25  6.538340E-19  9.209346E-16  4.191214E-09  6.578525E-09
    319  1.408634912375E-01  1.000000E-30  1.000000E-30  1.000000E-30  9.528711E-26  5.125616E-19  8.099061E-16  3.048590E-09  5.162410E-09
    320  1.414089642241E-01  1.000000E-30  1.000000E-30  1.000000E-30  6.683828E-26  4.103231E-19  7.214202E-16  2.262564E-09  4.110305E-09
    321  1.419220762512E-01  1.000000E-30  1.000000E-30  1.000000E-30  4.765998E-26  3.326355E-19  6.470325E-16  1.701530E-09  3.303593E-09
    322  1.422771704232E-01  1.000000E-30  1.000000E-30  1.000000E-30  3.748945E-26  2.870396E-19  5.993327E-16  1.392469E-09  2.831717E-09
    323  1.426029315631E-01  1.000000E-30  1.000000E-30  1.000000E-30  2.998785E-26  2.503662E-19  5.580764E-16  1.156249E-09  2.453844E-09
    324  1.430135230101E-01  1.000000E-30  1.000000E-30  1.000000E-30  2.256559E-26  2.103475E-19  5.092805E-16  9.124743E-10  2.043943E-09
    325  1.434683796643E-01  1.000000E-30  1.000000E-30  1.000000E-30  1.641256E-26  1.729799E-19  4.590852E-16  6.997589E-10  1.664548E-09
    326  1.440315208021E-01  1.000000E-30  1.000000E-30  1.000000E-30  1.099988E-26  1.351457E-19  4.020751E-16  5.013391E-10  1.285219E-09
    327  1.445490332405E-01  1.000000E-30  1.000000E-30  1.000000E-30  7.535355E-27  1.070463E-19  3.541927E-16  3.668873E-10  1.008068E-09
    328  1.451370980342E-01  1.000000E-30  1.000000E-30  1.000000E-30  4.874179E-27  8.168301E-20  3.050811E-16  2.559333E-10  7.611947E-10
    329  1.457052374241E-01  1.000000E-30  1.000000E-30  1.000000E-30  3.183800E-27  6.255532E-20  2.627141E-16  1.797535E-10  5.774169E-10
    330  1.463107957421E-01  1.000000E-30  1.000000E-30  1.000000E-30  1.997613E-27  4.668043E-20  2.224741E-16  1.224123E-10  4.271453E-10
    331  1.468752132891E-01  1.000000E-30  1.000000E-30  1.000000E-30  1.283305E-27  3.529572E-20  1.893992E-16  8.501844E-11  3.206300E-10
    332  1.475510939381E-01  1.000000E-30  1.000000E-30  1.000000E-30  7.507915E-28  2.506452E-20  1.550635E-16  5.453074E-11  2.258333E-10
    333  1.481899111058E-01  1.000000E-30  1.000000E-30  1.000000E-30  4.464583E-28  1.795582E-20  1.272617E-16  3.549538E-11  1.607297E-10
    334  1.491767377555E-01  1.000000E-30  1.000000E-30  1.000000E-30  1.962430E-28  1.053993E-20  9.231002E-17  1.797152E-11  9.352998E-11
    335  1.497116139607E-01  1.000000E-30  1.000000E-30  1.000000E-30  1.249060E-28  7.832164E-21  7.695661E-17  1.232085E-11  6.919024E-11
    336  1.502421520731E-01  1.000000E-30  1.000000E-30  1.000000E-30  7.876278E-29  5.783425E-21  6.379905E-17  8.404129E-12  5.092569E-11
    337  1.509052103900E-01  1.000000E-30  1.000000E-30  1.000000E-30  4.396829E-29  3.924948E-21  5.005358E-17  5.164107E-12  3.443340E-11
    338  1.515352476696E-01  1.000000E-30  1.000000E-30  1.000000E-30  2.515713E-29  2.692135E-21  3.940761E-17  3.221944E-12  2.354070E-11
    339  1.521327102765E-01  1.000000E-30  1.000000E-30  1.000000E-30  1.461957E-29  1.861075E-21  3.110385E-17  2.037753E-12  1.624989E-11
    340  1.526678407657E-01  1.000000E-30  1.000000E-30  1.000000E-30  8.958995E-30  1.327086E-21  2.498483E-17  1.341997E-12  1.157969E-11
    341  1.532481602429E-01  1.000000E-30  1.000000E-30  1.000000E-30  5.268740E-30  9.130846E-22  1.955836E-17  8.471145E-13  7.965283E-12
    342  1.535863948111E-01  1.000000E-30  1.000000E-30  1.000000E-30  3.879463E-30  7.313632E-22  1.689242E-17  6.454122E-13  6.381935E-12
    343  1.538995751697E-01  1.000000E-30  1.000000E-30  1.000000E-30  2.907778E-30  5.931194E-22  1.470037E-17  5.000229E-13  5.181439E-12
    344  1.546020187628E-01  1.000000E-30  1.000000E-30  1.000000E-30  1.519546E-30  3.676854E-22  1.067236E-17  2.799020E-13  3.223278E-12
    345  1.552062305672E-01  1.000000E-30  1.000000E-30  1.000000E-30  1.000000E-30  2.417537E-22  8.031097E-18  1.686210E-13  2.127265E-12
    346  1.557875935888E-01  1.000000E-30  1.000000E-30  1.000000E-30  1.000000E-30  1.600020E-22  6.052546E-18  1.026938E-13  1.415236E-12
    347  1.566447447202E-01  1.000000E-30  1.000000E-30  1.000000E-30  1.000000E-30  8.595024E-23  3.928340E-18  4.885622E-14  7.674710E-13
    348  1.574294426159E-01  1.000000E-30  1.000000E-30  1.000000E-30  1.000000E-30  4.830963E-23  2.608797E-18  2.454246E-14  4.348604E-13
    349  1.581710514975E-01  1.000000E-30  1.000000E-30  1.000000E-30  1.000000E-30  2.781977E-23  1.745922E-18  1.269436E-14  2.522016E-13
    350  1.588328903187E-01  1.000000E-30  1.000000E-30  1.000000E-30  1.000000E-30  1.706961E-23  1.209454E-18  7.041815E-15  1.549627E-13
    351  1.594606073659E-01  1.000000E-30  1.000000E-30  1.000000E-30  1.000000E-30  1.082765E-23  8.470078E-19  4.030100E-15  9.773049E-14
    352  1.600565792087E-01  1.000000E-30  1.000000E-30  1.000000E-30  1.000000E-30  7.106497E-24  5.986983E-19  2.376383E-15  6.320690E-14
    353  1.607059625219E-01  1.000000E-30  1.000000E-30  1.000000E-30  1.000000E-30  4.604585E-24  4.075836E-19  1.347939E-15  3.965015E-14
    354  1.613957576202E-01  1.000000E-30  1.000000E-30  1.000000E-30  1.000000E-30  3.013000E-24  2.687274E-19  7.478570E-16  2.448788E-14
    355  1.620398820205E-01  1.000000E-30  1.000000E-30  1.000000E-30  1.000000E-30  2.110280E-24  1.804036E-19  4.378116E-16  1.585561E-14
    356  1.627691861850E-01  1.000000E-30  1.000000E-30  1.000000E-30  1.000000E-30  1.489513E-24  1.140792E-19  2.449823E-16  9.953418E-15
    357  1.634667099868E-01  1.000000E-30  1.000000E-30  1.000000E-30  1.000000E-30  1.122183E-24  7.290492E-20  1.443558E-16  6.557948E-15
    358  1.645369737572E-01  1.000000E-30  1.000000E-30  1.000000E-30  1.000000E-30  7.848452E-25  3.602864E-20  6.750913E-17  3.656541E-15
    359  1.651200899964E-01  1.000000E-30  1.000000E-30  1.000000E-30  1.000000E-30  6.645552E-25  2.435809E-20  4.576080E-17  2.734127E-15
    360  1.656939516385E-01  1.000000E-30  1.000000E-30  1.000000E-30  1.000000E-30  5.706683E-25  1.641962E-20  3.157200E-17  2.081931E-15
    361  1.664404283242E-01  1.000000E-30  1.000000E-30  1.000000E-30  1.000000E-30  4.737318E-25  9.753411E-21  1.980974E-17  1.488145E-15
    362  1.671401020014E-01  1.000000E-30  1.000000E-30  1.000000E-30  1.000000E-30  4.004221E-25  5.929467E-21  1.293571E-17  1.100140E-15
    363  1.682228463170E-01  1.000000E-30  1.000000E-30  1.000000E-30  1.000000E-30  3.095506E-25  2.680557E-21  6.724017E-18  6.953453E-16
    364  1.688914277275E-01  1.000000E-30  1.000000E-30  1.000000E-30  1.000000E-30  2.639486E-25  1.625993E-21  4.491951E-18  5.246784E-16
    365  1.695862681704E-01  1.000000E-30  1.000000E-30  1.000000E-30  1.000000E-30  2.229712E-25  9.532518E-22  2.930993E-18  3.891753E-16
    366  1.708796298676E-01  1.000000E-30  1.000000E-30  1.000000E-30  1.000000E-30  1.616183E-25  3.466848E-22  1.301966E-18  2.197797E-16
    367  1.720689125062E-01  1.000000E-30  1.000000E-30  1.000000E-30  1.000000E-30  1.186186E-25  1.348245E-22  5.976247E-19  1.260477E-16
    368  1.730357271347E-01  1.000000E-30  1.000000E-30  1.000000E-30  1.000000E-30  9.131718E-26  6.386843E-23  3.104563E-19  7.848697E-17
    369  1.739185931198E-01  1.000000E-30  1.000000E-30  1.000000E-30  1.000000E-30  7.120408E-26  3.377615E-23  1.673287E-19  4.989162E-17
    370  1.748109107026E-01  1.000000E-30  1.000000E-30  1.000000E-30  1.000000E-30  5.483724E-26  1.935666E-23  8.842093E-20  3.104516E-17
    371  1.757092013639E-01  1.000000E-30  1.000000E-30  1.000000E-30  1.000000E-30  4.163043E-26  1.234676E-23  4.586431E-20  1.886422E-17
    372  1.765567714958E-01  1.000000E-30  1.000000E-30  1.000000E-30  1.000000E-30  3.174961E-26  8.975121E-24  2.471594E-20  1.164453E-17
    373  1.775373762473E-01  1.000000E-30  1.000000E-30  1.000000E-30  1.000000E-30  2.279931E-26  6.783690E-24  1.218880E-20  6.521420E-18
    374  1.784803688374E-01  1.000000E-30  1.000000E-30  1.000000E-30  1.000000E-30  1.630977E-26  5.454464E-24  6.453482E-21  3.691974E-18
    375  1.795112536071E-01  1.000000E-30  1.000000E-30  1.000000E-30  1.000000E-30  1.104580E-26  4.372333E-24  3.489810E-21  1.944146E-18
    376  1.804824008025E-01  1.000000E-30  1.000000E-30  1.000000E-30  1.000000E-30  7.495800E-27  3.541703E-24  2.195270E-21  1.055526E-18
    377  1.815169070317E-01  1.000000E-30  1.000000E-30  1.000000E-30  1.000000E-30  4.832227E-27  2.787673E-24  1.511002E-21  5.445563E-19
    378  1.825428215499E-01  1.000000E-30  1.000000E-30  1.000000E-30  1.000000E-30  3.055000E-27  2.157757E-24  1.148434E-21  2.840239E-19
    379  1.841355644659E-01  1.000000E-30  1.000000E-30  1.000000E-30  1.000000E-30  1.430682E-27  1.391718E-24  8.222906E-22  1.071887E-19
    380  1.856860183354E-01  1.000000E-30  1.000000E-30  1.000000E-30  1.000000E-30  6.518073E-28  8.675078E-25  6.107070E-22  4.705012E-20
    381  1.870847965371E-01  1.000000E-30  1.000000E-30  1.000000E-30  1.000000E-30  3.117782E-28  5.476109E-25  4.633951E-22  2.726324E-20
    382  1.883699545972E-01  1.000000E-30  1.000000E-30  1.000000E-30  1.000000E-30  1.566539E-28  3.503332E-25  3.550451E-22  1.990477E-20
    383  1.895671856375E-01  1.000000E-30  1.000000E-30  1.000000E-30  1.000000E-30  8.276058E-29  2.266967E-25  2.735966E-22  1.674169E-20
    384  1.907324824205E-01  1.000000E-30  1.000000E-30  1.000000E-30  1.000000E-30  4.547985E-29  1.460840E-25  2.100078E-22  1.508454E-20
    385  1.917913284253E-01  1.000000E-30  1.000000E-30  1.000000E-30  1.000000E-30  2.753998E-29  9.686326E-26  1.637921E-22  1.408973E-20
    386  1.928179034582E-01  1.000000E-30  1.000000E-30  1.000000E-30  1.000000E-30  1.784686E-29  6.423274E-26  1.275436E-22  1.330931E-20
    387  1.939781308337E-01  1.000000E-30  1.000000E-30  1.000000E-30  1.000000E-30  1.189322E-29  3.990886E-26  9.533151E-23  1.250522E-20
    388  1.950365569225E-01  1.000000E-30  1.000000E-30  1.000000E-30  1.000000E-30  8.910850E-30  2.550352E-26  7.231940E-23  1.177659E-20
    389  1.963061656501E-01  1.000000E-30  1.000000E-30  1.000000E-30  1.000000E-30  6.869153E-30  1.467334E-26  5.128012E-23  1.087213E-20
    390  1.975160386553E-01  1.000000E-30  1.000000E-30  1.000000E-30  1.000000E-30  5.749464E-30  8.509116E-27  3.640541E-23  9.960543E-21
    391  1.988970783448E-01  1.000000E-30  1.000000E-30  1.000000E-30  1.000000E-30  4.926353E-30  4.451630E-27  2.406475E-23  8.850388E-21
    392  2.001908516564E-01  1.000000E-30  1.000000E-30  1.000000E-30  1.000000E-30  4.431227E-30  2.366963E-27  1.595121E-23  7.749483E-21
    393  2.023233395230E-01  1.000000E-30  1.000000E-30  1.000000E-30  1.000000E-30  3.727565E-30  7.922152E-28  7.619142E-24  5.858113E-21
    394  2.035207364909E-01  1.000000E-30  1.000000E-30  1.000000E-30  1.000000E-30  3.671493E-30  4.208017E-28  4.863026E-24  4.809139E-21
    395  2.047171141817E-01  1.000000E-30  1.000000E-30  1.000000E-30  1.000000E-30  3.496632E-30  2.259059E-28  3.031079E-24  3.817574E-21
    396  2.061861175315E-01  1.000000E-30  1.000000E-30  1.000000E-30  1.000000E-30  3.360733E-30  1.142099E-28  1.674217E-24  2.740602E-21
    397  2.075162532616E-01  1.000000E-30  1.000000E-30  1.000000E-30  1.000000E-30  3.401879E-30  7.230881E-29  9.971309E-25  1.940198E-21
    398  2.088103947538E-01  1.000000E-30  1.000000E-30  1.000000E-30  1.000000E-30  3.410795E-30  5.595526E-29  6.408043E-25  1.332930E-21
    399  2.102374295066E-01  1.000000E-30  1.000000E-30  1.000000E-30  1.000000E-30  3.542121E-30  5.023930E-29  4.465341E-25  8.470333E-22
    400  2.116254943500E-01  1.000000E-30  1.000000E-30  1.000000E-30  1.000000E-30  3.678980E-30  4.999200E-29  3.637781E-25  5.274757E-22
    401  2.137594200207E-01  1.000000E-30  1.000000E-30  1.000000E-30  1.000000E-30  3.926883E-30  5.365467E-29  3.266030E-25  2.424779E-22
    402  2.149968302441E-01  1.000000E-30  1.000000E-30  1.000000E-30  1.000000E-30  4.279567E-30  5.692186E-29  3.264107E-25  1.516520E-22
    403  2.163578604848E-01  1.000000E-30  1.000000E-30  1.000000E-30  1.000000E-30  4.506450E-30  6.115060E-29  3.336838E-25  8.935752E-23
    404  2.188327022992E-01  1.000000E-30  1.000000E-30  1.000000E-30  1.000000E-30  4.933075E-30  7.042837E-29  3.567453E-25  3.377632E-23
    405  2.210861741802E-01  1.000000E-30  1.000000E-30  1.000000E-30  1.000000E-30  5.545165E-30  8.071778E-29  3.844834E-25  1.410339E-23
    406  2.231360986547E-01  1.000000E-30  1.000000E-30  1.000000E-30  1.000000E-30  6.157445E-30  9.174424E-29  4.150427E-25  6.729810E-24
    407  2.249661932162E-01  1.000000E-30  1.000000E-30  1.000000E-30  1.000000E-30  6.808122E-30  1.030970E-28  4.473794E-25  3.808698E-24
    408  2.266023391923E-01  1.000000E-30  1.000000E-30  1.000000E-30  1.000000E-30  7.460385E-30  1.145942E-28  4.811356E-25  2.555806E-24
    409  2.291569547831E-01  1.000000E-30  1.000000E-30  1.000000E-30  1.000000E-30  8.487062E-30  1.354403E-28  5.450103E-25  1.743087E-24
    410  2.305971902523E-01  1.000000E-30  1.000000E-30  1.000000E-30  1.000000E-30  9.340143E-30  1.489836E-28  5.882266E-25  1.573995E-24
    411  2.319348711247E-01  1.000000E-30  1.000000E-30  1.000000E-30  1.000000E-30  1.004954E-29  1.628492E-28  6.338369E-25  1.510451E-24
    412  2.335360820165E-01  1.000000E-30  1.000000E-30  1.000000E-30  1.000000E-30  1.100366E-29  1.812719E-28  6.963360E-25  1.508476E-24
    413  2.351317971316E-01  1.000000E-30  1.000000E-30  1.000000E-30  1.000000E-30  1.205154E-29  2.018350E-28  7.684192E-25  1.561363E-24
    414  2.376293164755E-01  1.000000E-30  1.000000E-30  1.000000E-30  1.000000E-30  1.380515E-29  2.390811E-28  9.043896E-25  1.725133E-24
    415  2.399259738388E-01  1.000000E-30  1.000000E-30  1.000000E-30  1.000000E-30  1.574348E-29  2.797169E-28  1.059312E-24  1.950880E-24
    416  2.420046682363E-01  1.000000E-30  1.000000E-30  1.000000E-30  1.000000E-30  1.763930E-29  3.227191E-28  1.229400E-24  2.216766E-24
    417  2.451201276448E-01  1.000000E-30  1.000000E-30  1.000000E-30  1.000000E-30  2.076693E-29  4.004954E-28  1.549734E-24  2.735468E-24
    418  2.467564269033E-01  1.000000E-30  1.000000E-30  1.000000E-30  1.000000E-30  2.279443E-29  4.489368E-28  1.755842E-24  3.073381E-24
    419  2.483354027874E-01  1.000000E-30  1.000000E-30  1.000000E-30  1.000000E-30  2.471529E-29  5.014504E-28  1.984061E-24  3.448420E-24
    420  2.499258654919E-01  1.000000E-30  1.000000E-30  1.000000E-30  1.000000E-30  2.675763E-29  5.608137E-28  2.247131E-24  3.880569E-24
    421  2.515152656983E-01  1.000000E-30  1.000000E-30  1.000000E-30  1.000000E-30  2.886317E-29  6.274383E-28  2.547900E-24  4.373636E-24
    422  2.542060864984E-01  1.000000E-30  1.000000E-30  1.000000E-30  1.000000E-30  3.273795E-29  7.595475E-28  3.158466E-24  5.370114E-24
    423  2.556901221114E-01  1.000000E-30  1.000000E-30  1.000000E-30  1.000000E-30  3.513337E-29  8.444282E-28  3.558993E-24  6.020518E-24
    424  2.570805114381E-01  1.000000E-30  1.000000E-30  1.000000E-30  1.000000E-30  3.727820E-29  9.328519E-28  3.982063E-24  6.704924E-24
    425  2.598984391343E-01  1.000000E-30  1.000000E-30  1.000000E-30  1.000000E-30  4.192462E-29  1.142672E-27  5.005423E-24  8.350841E-24
    426  2.622653138568E-01  1.000000E-30  1.000000E-30  1.000000E-30  1.000000E-30  4.619619E-29  1.356418E-27  6.070594E-24  1.005224E-23
    427  2.644885215151E-01  1.000000E-30  1.000000E-30  1.000000E-30  1.000000E-30  5.033205E-29  1.594882E-27  7.280223E-24  1.197300E-23
    428  2.667229470066E-01  1.000000E-30  1.000000E-30  1.000000E-30  1.000000E-30  5.459550E-29  1.878423E-27  8.741795E-24  1.428117E-23
    429  2.687894382327E-01  1.000000E-30  1.000000E-30  1.000000E-30  1.000000E-30  5.858907E-29  2.187012E-27  1.035559E-23  1.681714E-23
    430  2.709436570286E-01  1.000000E-30  1.000000E-30  1.000000E-30  1.000000E-30  6.283448E-29  2.564811E-27  1.235766E-23  1.994892E-23
    431  2.728595154549E-01  1.000000E-30  1.000000E-30  1.000000E-30  1.000000E-30  6.666532E-29  2.957300E-27  1.446239E-23  2.322789E-23
    432  2.763050324764E-01  1.000000E-30  1.000000E-30  1.000000E-30  1.000000E-30  7.341713E-29  3.826494E-27  1.919223E-23  3.055995E-23
    433  2.797281875476E-01  1.000000E-30  1.000000E-30  1.000000E-30  1.000000E-30  7.995304E-29  4.952876E-27  2.542327E-23  4.016676E-23
    434  2.831107064370E-01  1.000000E-30  1.000000E-30  1.000000E-30  1.000000E-30  8.602441E-29  6.403758E-27  3.356384E-23  5.266187E-23
    435  2.863632962154E-01  1.000000E-30  1.000000E-30  1.000000E-30  1.000000E-30  9.133979E-29  8.213248E-27  4.383681E-23  6.837633E-23
    436  2.894106333807E-01  1.000000E-30  1.000000E-30  1.000000E-30  1.000000E-30  9.555999E-29  1.038640E-26  5.629087E-23  8.738192E-23
    437  2.941185503109E-01  1.000000E-30  1.000000E-30  1.000000E-30  1.000000E-30  1.007837E-28  1.497059E-26  8.280755E-23  1.277788E-22
    438  2.983685787405E-01  1.000000E-30  1.000000E-30  1.000000E-30  1.000000E-30  1.040543E-28  2.088642E-26  1.172811E-22  1.802796E-22
    439  3.021949729112E-01  1.000000E-30  1.000000E-30  1.000000E-30  1.000000E-30  1.058623E-28  2.825357E-26  1.603760E-22  2.459925E-22
    440  3.059150641439E-01  1.000000E-30  1.000000E-30  1.000000E-30  1.000000E-30  1.068179E-28  3.797602E-26  2.173135E-22  3.330363E-22
    441  3.094680949786E-01  1.000000E-30  1.000000E-30  1.000000E-30  1.000000E-30  1.075528E-28  5.046039E-26  2.903466E-22  4.451058E-22
    442  3.127856926026E-01  1.000000E-30  1.000000E-30  1.000000E-30  1.000000E-30  1.084900E-28  6.589740E-26  3.803852E-22  5.839222E-22
    443  3.178598433803E-01  1.000000E-30  1.000000E-30  1.000000E-30  1.000000E-30  1.134673E-28  9.937986E-26  5.744222E-22  8.853805E-22
    444  3.224504526026E-01  1.000000E-30  1.000000E-30  1.000000E-30  1.000000E-30  1.252903E-28  1.444992E-25  8.331573E-22  1.291655E-21
    445  3.266870398371E-01  1.000000E-30  1.000000E-30  1.000000E-30  1.000000E-30  1.474992E-28  2.045324E-25  1.173045E-21  1.831739E-21
    446  3.305577136787E-01  1.000000E-30  1.000000E-30  1.000000E-30  1.000000E-30  1.828183E-28  2.813803E-25  1.601926E-21  2.521968E-21
    447  3.362681054783E-01  1.000000E-30  1.000000E-30  1.000000E-30  1.000000E-30  2.791757E-28  4.514989E-25  2.531718E-21  4.045805E-21
    448  3.414589872690E-01  1.000000E-30  1.000000E-30  1.000000E-30  1.000000E-30  4.392703E-28  6.954418E-25  3.829253E-21  6.221929E-21
    449  3.462773530350E-01  1.000000E-30  1.000000E-30  1.000000E-30  1.000000E-30  6.815721E-28  1.039891E-24  5.609402E-21  9.281586E-21
    450  3.508856189623E-01  1.000000E-30  1.000000E-30  1.000000E-30  1.000000E-30  1.024914E-27  1.529219E-24  8.062337E-21  1.360955E-20
    451  3.552628710565E-01  1.000000E-30  1.000000E-30  1.000000E-30  1.000000E-30  1.469852E-27  2.206562E-24  1.135080E-20  1.957646E-20
    452  3.595141079779E-01  1.000000E-30  1.000000E-30  1.000000E-30  1.000000E-30  2.041515E-27  3.149818E-24  1.577928E-20  2.785733E-20
    453  3.636744849418E-01  1.000000E-30  1.000000E-30  1.000000E-30  1.000000E-30  2.832373E-27  4.457837E-24  2.170691E-20  3.931138E-20
    454  3.676260234901E-01  1.000000E-30  1.000000E-30  1.000000E-30  1.000000E-30  4.012072E-27  6.188860E-24  2.926943E-20  5.445152E-20
    455  3.714655117309E-01  1.000000E-30  1.000000E-30  1.000000E-30  1.000000E-30  5.909595E-27  8.490756E-24  3.895465E-20  7.459565E-20
    456  3.752653942304E-01  1.000000E-30  1.000000E-30  1.000000E-30  1.000000E-30  9.032724E-27  1.157306E-23  5.142463E-20  1.016405E-19
    457  3.809506426681E-01  1.000000E-30  1.000000E-30  1.000000E-30  1.883093E-30  1.782868E-26  1.825564E-23  7.706143E-20  1.607140E-19
    458  3.865190953769E-01  1.000000E-30  1.000000E-30  1.000000E-30  3.788901E-30  3.542986E-26  2.823907E-23  1.129191E-19  2.502832E-19
    459  3.928522091207E-01  1.000000E-30  1.000000E-30  1.000000E-30  8.323087E-30  7.771176E-26  4.578635E-23  1.713717E-19  4.115628E-19
    460  3.991093841216E-01  1.000000E-30  1.000000E-30  1.049479E-30  1.857361E-29  1.684123E-25  7.302976E-23  2.548882E-19  6.699951E-19
    461  4.054183851758E-01  1.000000E-30  1.000000E-30  1.000000E-30  4.159342E-29  3.655415E-25  1.165880E-22  3.775351E-19  1.096043E-18
    462  4.147392755742E-01  1.000000E-30  1.000000E-30  2.782676E-30  1.370806E-28  1.137490E-24  2.369654E-22  6.812874E-19  2.298792E-18
    463  4.232199499949E-01  1.000000E-30  1.000000E-30  5.561794E-30  4.027607E-28  3.160584E-24  4.699453E-22  1.203344E-18  4.609951E-18
    464  4.316976825025E-01  1.000000E-30  1.000000E-30  1.553199E-29  1.169327E-27  8.688243E-24  9.744404E-22  2.207963E-18  9.444107E-18
    465  4.393401554526E-01  1.085968E-30  1.000000E-30  4.100054E-29  3.029858E-27  2.142616E-23  1.948392E-21  3.933218E-18  1.830988E-17
    466  4.465935084243E-01  1.000000E-30  1.000000E-30  1.008323E-28  7.401030E-27  5.004727E-23  3.855918E-21  6.950471E-18  3.468662E-17
    467  4.537106765818E-01  1.000000E-30  1.000000E-30  2.470719E-28  1.761514E-26  1.141420E-22  7.679014E-21  1.234659E-17  6.543618E-17
    468  4.602314649238E-01  1.026767E-30  1.000000E-30  5.621741E-28  3.865057E-26  2.412262E-22  1.462201E-20  2.112517E-17  1.176663E-16
    469  4.709552966107E-01  1.555103E-30  1.036568E-30  2.162278E-27  1.381821E-25  8.134429E-22  4.300754E-20  5.193345E-17  3.113258E-16
    470  4.769745726746E-01  1.578427E-30  1.834157E-30  4.589496E-27  2.790913E-25  1.595745E-21  7.941472E-20  8.658605E-17  5.390483E-16
    471  4.828178172001E-01  1.851572E-30  3.960110E-30  9.502130E-27  5.484083E-25  3.051665E-21  1.445665E-19  1.426796E-16  9.197560E-16
    472  4.927188450138E-01  2.697108E-30  1.417359E-29  3.239689E-26  1.693951E-24  9.035665E-21  4.010849E-19  3.342907E-16  2.277745E-15
    473  5.000000000000E-01  2.977336E-30  3.841212E-29  7.935498E-26  3.824962E-24  1.986512E-20  8.511030E-19  6.269118E-16  4.436200E-15
