 *                                      
 * expansion:  temp0=  1.000E+10 den0=  3.000E+06 temp_stop=  1.000E+07
 *          time                lu171         lu172         lu173         lu174         lu175         lu176         lu177         lu178
      1  0.000000000000E+00  1.000000E-30  1.000000E-30  1.000000E-30  1.000000E-30  1.000000E-30  1.000000E-30  1.000000E-30  1.000000E-30
      2  1.000000000000E-16  1.002275E-30  1.000967E-30  1.002264E-30  1.000000E-30  1.011128E-30  1.000000E-30  1.000000E-30  1.000000E-30
      3  6.264265632874E-16  1.015630E-30  1.006233E-30  1.013983E-30  1.000000E-30  1.068954E-30  1.000000E-30  1.000000E-30  1.000000E-30
      4  2.206990590178E-15  1.068330E-30  1.023657E-30  1.047240E-30  1.000000E-30  1.235195E-30  1.000000E-30  1.000000E-30  1.000000E-30
      5  6.425069294186E-15  1.292402E-30  1.078677E-30  1.124105E-30  1.000000E-30  1.628908E-30  1.000000E-30  1.000000E-30  1.000000E-30
      6  1.724777641531E-14  2.755202E-30  1.261724E-30  1.333446E-30  1.110735E-30  2.371789E-30  1.000000E-30  1.000000E-30  1.000000E-30
      7  4.527785414179E-14  1.519859E-29  2.639428E-30  2.861195E-30  1.714614E-30  3.288208E-30  1.000001E-30  1.000001E-30  1.079553E-30
      8  1.231582592127E-13  4.303659E-29  8.404803E-30  7.146784E-30  2.417722E-30  3.931831E-30  1.000039E-30  1.000000E-30  1.263224E-30
      9  4.001734798240E-13  5.081083E-29  1.141316E-29  9.102856E-30  2.690499E-30  4.164721E-30  1.000000E-30  1.000000E-30  1.290541E-30
     10  1.150918682670E-12  4.131353E-29  1.025054E-29  8.206075E-30  2.623087E-30  4.099210E-30  1.000000E-30  1.000000E-30  1.294580E-30
     11  2.802808442389E-12  3.254053E-29  9.024716E-30  7.368199E-30  2.684786E-30  4.324549E-30  1.072800E-30  1.005105E-30  1.276161E-30
     12  6.912921996243E-12  2.130391E-29  6.915460E-30  5.756776E-30  2.449756E-30  4.066263E-30  1.042656E-30  1.000000E-30  1.243366E-30
     13  1.659368270033E-11  3.685713E-30  1.861879E-30  1.618636E-30  1.000000E-30  1.433452E-30  1.000000E-30  1.000000E-30  1.000000E-30
     14  1.134012897413E-10  1.001092E-30  1.000000E-30  1.000000E-30  1.000000E-30  1.000000E-30  1.000000E-30  1.000000E-30  1.000000E-30
     15  1.081477360150E-09  1.000000E-30  1.000000E-30  1.000000E-30  1.000000E-30  1.000000E-30  1.000000E-30  1.000000E-30  1.000000E-30
     16  1.076223806424E-08  1.000000E-30  1.000000E-30  1.000000E-30  1.000000E-30  1.000000E-30  1.000000E-30  1.000000E-30  1.000000E-30
     17  6.834096797002E-08  1.000000E-30  1.000000E-30  1.000000E-30  1.000000E-30  1.000000E-30  1.000000E-30  1.000000E-30  1.000000E-30
     18  2.542122411654E-07  1.000000E-30  1.000000E-30  1.000000E-30  1.000000E-30  1.000000E-30  1.000000E-30  1.000000E-30  1.000000E-30
     19  7.007518887657E-07  1.000000E-30  1.000000E-30  1.000000E-30  1.000000E-30  1.000000E-30  1.000000E-30  1.000000E-30  1.000000E-30
     20  1.724661805125E-06  1.000000E-30  1.000000E-30  1.000000E-30  1.000000E-30  1.000000E-30  1.000000E-30  1.000000E-30  1.000000E-30
     21  4.267664185819E-06  1.000000E-30  1.000000E-30  1.000000E-30  1.000000E-30  1.000000E-30  1.000000E-30  1.000000E-30  1.000000E-30
     22  1.786211798807E-05  1.000000E-30  1.000000E-30  1.000000E-30  1.000000E-30  1.000000E-30  1.000000E-30  1.000000E-30  1.000000E-30
     23  6.929007850093E-05  1.000000E-30  1.000000E-30  1.000000E-30  1.000000E-30  1.000000E-30  1.000000E-30  1.000000E-30  1.000000E-30
     24  5.835696836295E-04  1.000000E-30  1.000000E-30  1.000000E-30  1.000000E-30  1.000000E-30  1.000000E-30  1.000000E-30  1.000000E-30
     25  1.496090518789E-03  1.000000E-30  1.000000E-30  1.000000E-30  1.000000E-30  1.000000E-30  1.000000E-30  1.000000E-30  1.000000E-30
     26  2.379765156362E-03  1.000000E-30  1.000000E-30  1.000000E-30  1.000000E-30  1.000000E-30  1.000000E-30  1.000000E-30  1.000000E-30
     27  3.772948503579E-03  1.000000E-30  1.000000E-30  1.000000E-30  1.000000E-30  1.000000E-30  1.000000E-30  1.000000E-30  1.000000E-30
     28  4.957278025650E-03  1.000000E-30  1.000000E-30  1.000000E-30  1.000000E-30  1.000000E-30  1.000000E-30  1.000000E-30  1.000000E-30
     29  5.758110286319E-03  1.000000E-30  1.000000E-30  1.000000E-30  1.000000E-30  1.000000E-30  1.000000E-30  1.000000E-30  1.000000E-30
     30  6.636115041812E-03  1.000000E-30  1.000000E-30  1.000000E-30  1.000000E-30  1.000000E-30  1.000000E-30  1.000000E-30  1.000000E-30
     31  7.490864585256E-03  1.000000E-30  1.000000E-30  1.000000E-30  1.000000E-30  1.000000E-30  1.000000E-30  1.000000E-30  1.000000E-30
     32  8.026631019591E-03  1.000000E-30  1.000000E-30  1.000000E-30  1.000000E-30  1.000000E-30  1.000000E-30  1.000000E-30  1.000000E-30
     33  8.451616658664E-03  1.000000E-30  1.000000E-30  1.000000E-30  1.000000E-30  1.000000E-30  1.000000E-30  1.000000E-30  1.000000E-30
     34  9.803471762980E-03  1.000000E-30  1.000000E-30  1.000000E-30  1.000000E-30  1.000000E-30  1.000000E-30  1.000000E-30  1.000000E-30
     35  1.116687552369E-02  1.000000E-30  1.000000E-30  1.000000E-30  1.000000E-30  1.000000E-30  1.000000E-30  1.000000E-30  1.000000E-30
     36  1.219012310682E-02  1.000000E-30  1.000000E-30  1.000000E-30  1.000000E-30  1.000000E-30  1.000000E-30  1.000000E-30  1.000000E-30
     37  1.314647137106E-02  1.000000E-30  1.000000E-30  1.000000E-30  1.000000E-30  1.000000E-30  1.000000E-30  1.000000E-30  1.000000E-30
     38  1.431720408173E-02  1.000000E-30  1.000000E-30  1.000000E-30  1.000000E-30  1.000000E-30  1.000000E-30  1.000000E-30  1.000000E-30
     39  1.545287753035E-02  1.000000E-30  1.000000E-30  1.000000E-30  1.000000E-30  1.000000E-30  1.000000E-30  1.000000E-30  1.000000E-30
     40  1.716820108076E-02  1.000000E-30  1.000000E-30  1.000000E-30  1.000000E-30  1.000000E-30  1.000000E-30  1.000000E-30  1.000000E-30
     41  1.871872199221E-02  1.000000E-30  1.000000E-30  1.000000E-30  1.000000E-30  1.000000E-30  1.000000E-30  1.000000E-30  1.000000E-30
     42  2.131412024987E-02  1.000000E-30  1.000000E-30  1.000000E-30  1.000000E-30  1.000000E-30  1.000000E-30  1.000000E-30  1.000000E-30
     43  2.288535686070E-02  1.000000E-30  1.000000E-30  1.000000E-30  1.000000E-30  1.000000E-30  1.000000E-30  1.000000E-30  1.000000E-30
     44  2.437102778700E-02  1.000000E-30  1.000000E-30  1.000000E-30  1.000000E-30  1.000000E-30  1.000000E-30  1.000000E-30  1.000000E-30
     45  2.666254430666E-02  1.000000E-30  1.000000E-30  1.000000E-30  1.000000E-30  1.000000E-30  1.000000E-30  1.000000E-30  1.000000E-30
     46  2.807329513827E-02  1.000000E-30  1.000000E-30  1.000000E-30  1.000000E-30  1.000000E-30  1.000000E-30  1.000000E-30  1.000000E-30
     47  2.946719119355E-02  1.364902E-30  1.000000E-30  1.000000E-30  1.000000E-30  1.000000E-30  1.000000E-30  1.000000E-30  1.000000E-30
     48  2.982466835475E-02  1.000000E-30  1.000000E-30  1.000000E-30  1.000000E-30  1.000000E-30  1.000000E-30  1.000000E-30  1.000000E-30
     49  3.017238950627E-02  1.000000E-30  1.000000E-30  1.000000E-30  1.000000E-30  1.000000E-30  1.000000E-30  1.000000E-30  1.000000E-30
     50  3.052509122072E-02  1.000000E-30  1.000000E-30  1.000000E-30  1.000000E-30  1.000000E-30  1.000000E-30  1.000000E-30  1.000000E-30
     51  3.066477686677E-02  1.000000E-30  1.000000E-30  1.000000E-30  1.000000E-30  1.000000E-30  1.000000E-30  1.000000E-30  1.000000E-30
     52  3.080037159611E-02  1.000000E-30  1.000000E-30  1.000000E-30  1.000000E-30  1.000000E-30  1.000000E-30  1.000000E-30  1.000000E-30
     53  3.111325257314E-02  1.000000E-30  1.000000E-30  1.000000E-30  1.000000E-30  1.000000E-30  1.000000E-30  1.000000E-30  1.000000E-30
     54  3.147800645819E-02  1.000000E-30  1.000000E-30  1.000000E-30  1.000000E-30  1.000000E-30  1.000000E-30  1.000000E-30  1.000000E-30
     55  3.181357346897E-02  1.000000E-30  1.000000E-30  1.000000E-30  1.000000E-30  1.000000E-30  1.000000E-30  1.000000E-30  1.000000E-30
     56  3.217197145871E-02  1.000000E-30  1.000000E-30  1.000000E-30  1.000000E-30  1.000000E-30  1.000000E-30  1.000000E-30  1.000000E-30
     57  3.249951277145E-02  1.006246E-30  1.000000E-30  1.000000E-30  1.000000E-30  1.000000E-30  1.000000E-30  1.000000E-30  1.000000E-30
     58  3.262595809504E-02  1.000000E-30  1.000000E-30  1.000000E-30  1.000000E-30  1.000000E-30  1.000000E-30  1.000000E-30  1.000000E-30
     59  3.272641576722E-02  1.000000E-30  1.000000E-30  1.000000E-30  1.000000E-30  1.000000E-30  1.000000E-30  1.000000E-30  1.000000E-30
     60  3.304841700500E-02  1.186815E-30  1.000000E-30  1.000000E-30  1.000000E-30  1.000000E-30  1.000000E-30  1.000000E-30  1.000000E-30
     61  3.362823507679E-02  2.370149E-30  1.155042E-30  1.000000E-30  1.000000E-30  1.000000E-30  1.000000E-30  1.000000E-30  1.000000E-30
     62  3.417743618412E-02  2.832480E-30  1.451489E-30  1.000000E-30  1.000000E-30  1.000000E-30  1.000000E-30  1.000000E-30  1.000000E-30
     63  3.448472684867E-02  1.795106E-30  1.000000E-30  1.000000E-30  1.000000E-30  1.000000E-30  1.000000E-30  1.000000E-30  1.000000E-30
     64  3.459225947862E-02  1.000000E-30  1.000000E-30  1.000000E-30  1.000000E-30  1.000000E-30  1.000000E-30  1.000000E-30  1.000000E-30
     65  3.468161085917E-02  1.000000E-30  1.000000E-30  1.000000E-30  1.000000E-30  1.000000E-30  1.000000E-30  1.000000E-30  1.000000E-30
     66  3.501586344154E-02  2.389036E-30  1.352133E-30  1.000000E-30  1.000000E-30  1.000000E-30  1.000000E-30  1.000000E-30  1.000000E-30
     67  3.563385967804E-02  5.181568E-30  3.350824E-30  2.252431E-30  1.000000E-30  1.000000E-30  1.000000E-30  1.000000E-30  1.000000E-30
     68  3.619390900501E-02  6.046216E-30  3.743114E-30  2.468483E-30  1.000000E-30  1.000000E-30  1.000000E-30  1.000000E-30  1.000000E-30
     69  3.661379630041E-02  4.764470E-30  3.248707E-30  2.430182E-30  1.000000E-30  1.000000E-30  1.000000E-30  1.000000E-30  1.000000E-30
     70  3.704099468238E-02  4.717875E-30  3.266084E-30  2.724129E-30  1.188858E-30  1.000000E-30  1.000000E-30  1.000000E-30  1.000000E-30
     71  3.731378163516E-02  3.637746E-30  2.654925E-30  2.123562E-30  1.000000E-30  1.000000E-30  1.000000E-30  1.000000E-30  1.000000E-30
     72  3.757630769329E-02  3.721814E-30  2.748268E-30  2.246010E-30  1.009497E-30  1.000000E-30  1.000000E-30  1.000000E-30  1.000000E-30
     73  3.788075418501E-02  4.792261E-30  3.612537E-30  2.960931E-30  1.352349E-30  1.000000E-30  1.000000E-30  1.000000E-30  1.000000E-30
     74  3.819794660071E-02  5.426135E-30  4.356866E-30  3.767469E-30  1.770581E-30  1.000000E-30  1.000000E-30  1.000000E-30  1.000000E-30
     75  3.838080203158E-02  3.044217E-30  2.419402E-30  2.171273E-30  1.060344E-30  1.000000E-30  1.000000E-30  1.000000E-30  1.000000E-30
     76  3.859219912978E-02  3.868060E-30  3.076616E-30  2.776580E-30  1.377193E-30  1.000000E-30  1.000000E-30  1.000000E-30  1.000000E-30
     77  3.884096228080E-02  4.592395E-30  3.959467E-30  3.810761E-30  1.941382E-30  1.000000E-30  1.000000E-30  1.000000E-30  1.000000E-30
     78  3.907668434759E-02  4.605703E-30  4.040915E-30  3.962514E-30  2.064115E-30  1.000000E-30  1.000000E-30  1.000000E-30  1.000000E-30
     79  3.934936577490E-02  5.420438E-30  4.869630E-30  5.136815E-30  2.844750E-30  1.256248E-30  1.000000E-30  1.000000E-30  1.000000E-30
     80  3.961640452516E-02  5.506168E-30  5.102235E-30  5.531264E-30  3.081891E-30  1.385913E-30  1.000000E-30  1.000000E-30  1.000000E-30
     81  3.991996766101E-02  6.756003E-30  6.120155E-30  6.438912E-30  3.765596E-30  1.765780E-30  1.000000E-30  1.000000E-30  1.000000E-30
     82  4.019473378510E-02  6.203841E-30  5.926965E-30  6.542044E-30  3.956686E-30  1.909873E-30  1.000000E-30  1.000000E-30  1.000000E-30
     83  4.046928694587E-02  6.711975E-30  6.567298E-30  7.444189E-30  4.387013E-30  2.212456E-30  1.000000E-30  1.000000E-30  1.000000E-30
     84  4.074955599116E-02  7.023412E-30  7.305358E-30  8.833636E-30  5.422225E-30  2.641359E-30  1.000000E-30  1.000000E-30  1.000000E-30
     85  4.099011663524E-02  6.211987E-30  6.382657E-30  7.688047E-30  4.837435E-30  2.562727E-30  1.000000E-30  1.000000E-30  1.000000E-30
     86  4.118445936105E-02  5.079544E-30  5.305285E-30  6.510046E-30  4.199943E-30  2.230562E-30  1.000000E-30  1.000000E-30  1.000000E-30
     87  4.137235583218E-02  5.004062E-30  5.365785E-30  6.810571E-30  4.493369E-30  2.476799E-30  1.000000E-30  1.000000E-30  1.000000E-30
     88  4.152714488067E-02  4.178375E-30  4.560944E-30  5.841999E-30  3.925483E-30  2.166288E-30  1.000000E-30  1.000000E-30  1.000000E-30
     89  4.165981986900E-02  3.650122E-30  4.060981E-30  5.286849E-30  3.619228E-30  2.032637E-30  1.000000E-30  1.000000E-30  1.000000E-30
     90  4.188596337322E-02  6.552228E-30  7.686553E-30  1.035494E-29  7.420224E-30  4.325694E-30  1.020335E-30  1.000000E-30  1.000000E-30
     91  4.208159634323E-02  5.534911E-30  6.471254E-30  9.158915E-30  6.589978E-30  3.829830E-30  1.000000E-30  1.000000E-30  1.000000E-30
     92  4.230932596557E-02  6.707565E-30  8.278965E-30  1.178291E-29  8.864510E-30  5.352747E-30  1.306408E-30  1.000000E-30  1.000000E-30
     93  4.251598135750E-02  5.957238E-30  7.450350E-30  1.111376E-29  8.570764E-30  5.270700E-30  1.312154E-30  1.000000E-30  1.000000E-30
     94  4.274368410830E-02  6.760272E-30  8.774511E-30  1.315026E-29  1.031455E-29  6.631481E-30  1.696313E-30  1.000000E-30  1.000000E-30
     95  4.294191711445E-02  5.880650E-30  7.643133E-30  1.164599E-29  9.138696E-30  5.977906E-30  1.563215E-30  1.000000E-30  1.000000E-30
     96  4.316569238790E-02  6.893551E-30  9.050109E-30  1.450669E-29  1.179877E-29  7.849301E-30  2.085642E-30  1.000000E-30  1.000000E-30
     97  4.339365876136E-02  6.874817E-30  9.590768E-30  1.555286E-29  1.294262E-29  9.158533E-30  2.565678E-30  1.000000E-30  1.000000E-30
     98  4.362382833621E-02  6.999859E-30  1.001116E-29  1.667305E-29  1.416371E-29  1.028511E-29  2.857277E-30  1.050770E-30  1.000000E-30
     99  4.384703699487E-02  6.892573E-30  1.011266E-29  1.733988E-29  1.509130E-29  1.118062E-29  3.324686E-30  1.272854E-30  1.000000E-30
    100  4.408801045744E-02  7.401718E-30  1.105373E-29  1.941626E-29  1.724133E-29  1.285597E-29  3.762952E-30  1.454789E-30  1.000000E-30
    101  4.430336182063E-02  6.544873E-30  1.012847E-29  1.843708E-29  1.687315E-29  1.304249E-29  3.915836E-30  1.548940E-30  1.000000E-30
    102  4.453208602613E-02  7.071459E-30  1.108306E-29  2.054921E-29  1.911501E-29  1.485377E-29  4.593989E-30  1.866997E-30  1.000000E-30
    103  4.474836808964E-02  6.539999E-30  1.020168E-29  1.964616E-29  1.895688E-29  1.506257E-29  4.843209E-30  2.027680E-30  1.000000E-30
    104  4.497736119052E-02  6.813441E-30  1.097343E-29  2.182203E-29  2.162823E-29  1.774606E-29  5.689645E-30  2.482733E-30  1.000000E-30
    105  4.517199675598E-02  5.708924E-30  9.717870E-30  1.976472E-29  1.989002E-29  1.678475E-29  5.486408E-30  2.425999E-30  1.000000E-30
    106  4.536038532241E-02  5.503564E-30  9.537710E-30  1.978696E-29  2.024989E-29  1.733904E-29  5.793222E-30  2.525973E-30  1.000000E-30
    107  4.552484255766E-02  4.822718E-30  8.409794E-30  1.820561E-29  1.943958E-29  1.723934E-29  5.881917E-30  2.727426E-30  1.000000E-30
    108  4.581275722245E-02  8.278911E-30  1.499420E-29  3.291464E-29  3.545471E-29  3.203763E-29  1.144736E-29  5.511234E-30  1.000000E-30
    109  4.603616864208E-02  6.335293E-30  1.146769E-29  2.657467E-29  3.028984E-29  2.886753E-29  1.032842E-29  4.842450E-30  1.000000E-30
    110  4.624194314299E-02  5.725910E-30  1.069248E-29  2.553062E-29  2.984742E-29  2.938824E-29  1.077142E-29  5.324780E-30  1.000000E-30
    111  4.641297951594E-02  4.710411E-30  9.030389E-30  2.194207E-29  2.596378E-29  2.574711E-29  9.610638E-30  4.715009E-30  1.000000E-30
    112  4.656990459822E-02  4.223250E-30  8.227047E-30  2.044012E-29  2.467074E-29  2.505802E-29  9.525277E-30  4.810317E-30  1.000000E-30
    113  4.671253119976E-02  3.784736E-30  7.601311E-30  1.925904E-29  2.359120E-29  2.433165E-29  9.399928E-30  4.823395E-30  1.000000E-30
    114  4.684580987606E-02  3.502530E-30  7.158182E-30  1.838851E-29  2.279321E-29  2.382124E-29  9.312213E-30  4.860380E-30  1.000000E-30
    115  4.697520204195E-02  3.344597E-30  6.914049E-30  1.806920E-29  2.273729E-29  2.416926E-29  9.561995E-30  5.117300E-30  1.027837E-30
    116  4.709649788536E-02  3.096500E-30  6.483224E-30  1.720634E-29  2.193197E-29  2.362913E-29  9.473029E-30  5.138958E-30  1.044661E-30
    117  4.721637454993E-02  3.018751E-30  6.416554E-30  1.730764E-29  2.238081E-29  2.449589E-29  9.938390E-30  5.481557E-30  1.128444E-30
    118  4.732862910872E-02  2.797325E-30  5.995131E-30  1.636974E-29  2.139469E-29  2.368544E-29  9.712526E-30  5.419348E-30  1.128106E-30
    119  4.750539400184E-02  4.269513E-30  9.462112E-30  2.662304E-29  3.558619E-29  4.030697E-29  1.684318E-29  9.456423E-30  1.984127E-30
    120  4.767210524850E-02  4.008866E-30  8.992543E-30  2.506899E-29  3.339929E-29  3.778569E-29  1.599618E-29  9.189705E-30  1.964472E-30
    121  4.783406579930E-02  3.794274E-30  8.709725E-30  2.493158E-29  3.405215E-29  3.959178E-29  1.694437E-29  9.835047E-30  2.136903E-30
    122  4.799263518131E-02  3.631216E-30  8.473305E-30  2.475420E-29  3.440450E-29  4.076103E-29  1.771453E-29  1.048072E-29  2.390820E-30
    123  4.815339657435E-02  3.584334E-30  8.510532E-30  2.552361E-29  3.629056E-29  4.402685E-29  1.944189E-29  1.173017E-29  2.652823E-30
    124  4.832264594384E-02  3.659720E-30  8.892336E-30  2.742841E-29  3.987144E-29  4.945347E-29  2.224242E-29  1.357366E-29  3.040739E-30
    125  4.849826454798E-02  3.685574E-30  9.154507E-30  2.893365E-29  4.292157E-29  5.439507E-29  2.497101E-29  1.539966E-29  3.486677E-30
    126  4.867786870736E-02  3.654059E-30  9.267572E-30  3.000444E-29  4.542913E-29  5.886013E-29  2.759393E-29  1.726480E-29  4.046617E-30
    127  4.885872256535E-02  3.561693E-30  9.212350E-30  3.056356E-29  4.726391E-29  6.267787E-29  3.002664E-29  1.913458E-29  4.584325E-30
    128  4.903755607841E-02  3.399283E-30  8.979063E-30  3.057804E-29  4.837662E-29  6.579379E-29  3.224199E-29  2.099740E-29  5.004294E-30
    129  4.921259737621E-02  3.219354E-30  8.768752E-30  3.056830E-29  4.935627E-29  6.862762E-29  3.429207E-29  2.278805E-29  5.667543E-30
    130  4.938368810460E-02  3.054445E-30  8.423870E-30  2.994612E-29  4.919114E-29  6.975586E-29  3.548272E-29  2.407950E-29  6.086840E-30
    131  4.955132280349E-02  2.880629E-30  8.142247E-30  2.970976E-29  4.988529E-29  7.245068E-29  3.770008E-29  2.625679E-29  6.649523E-30
    132  4.971624312404E-02  2.733719E-30  7.933157E-30  2.955470E-29  5.050330E-29  7.477911E-29  3.958279E-29  2.811783E-29  7.279951E-30
    133  4.987811857735E-02  2.598489E-30  7.634906E-30  2.904809E-29  5.058914E-29  7.653290E-29  4.129784E-29  3.001770E-29  7.956580E-30
    134  5.003799836445E-02  2.476669E-30  7.421972E-30  2.886275E-29  5.121330E-29  7.907661E-29  4.346570E-29  3.229415E-29  8.706306E-30
    135  5.019682549602E-02  2.372408E-30  7.226216E-30  2.876301E-29  5.204778E-29  8.213925E-29  4.603726E-29  3.499196E-29  9.590367E-30
    136  5.035511419132E-02  2.272737E-30  7.131913E-30  2.900961E-29  5.345861E-29  8.608578E-29  4.911843E-29  3.809792E-29  1.062559E-29
    137  5.051299755300E-02  2.202163E-30  6.915827E-30  2.871766E-29  5.391679E-29  8.864620E-29  5.149896E-29  4.075021E-29  1.163383E-29
    138  5.067010535678E-02  2.107896E-30  6.771768E-30  2.875968E-29  5.506085E-29  9.252936E-29  5.479646E-29  4.431671E-29  1.288463E-29
    139  5.082726902819E-02  2.036583E-30  6.618057E-30  2.872389E-29  5.604435E-29  9.618422E-29  5.799823E-29  4.785749E-29  1.414092E-29
    140  5.098506829486E-02  1.965666E-30  6.498744E-30  2.885615E-29  5.739541E-29  1.006167E-28  6.179894E-29  5.206568E-29  1.556600E-29
    141  5.114361869269E-02  1.891148E-30  6.385952E-30  2.902016E-29  5.883843E-29  1.053142E-28  6.585420E-29  5.658209E-29  1.713258E-29
    142  5.130328078870E-02  1.820534E-30  6.281082E-30  2.922124E-29  6.040184E-29  1.104007E-28  7.029492E-29  6.160872E-29  1.893778E-29
    143  5.146205644840E-02  1.726541E-30  6.099232E-30  2.900992E-29  6.110461E-29  1.140805E-28  7.392850E-29  6.602702E-29  2.061342E-29
    144  5.162089365231E-02  1.641558E-30  5.946236E-30  2.897283E-29  6.221995E-29  1.186174E-28  7.828184E-29  7.133902E-29  2.263802E-29
    145  5.177902725711E-02  1.548435E-30  5.779300E-30  2.881801E-29  6.303391E-29  1.226341E-28  8.232821E-29  7.642441E-29  2.469190E-29
    146  5.193558292952E-02  1.477527E-30  5.534421E-30  2.844848E-29  6.301528E-29  1.240202E-28  8.442544E-29  8.010483E-29  2.728132E-29
    147  5.207655208218E-02  1.249213E-30  4.851069E-30  2.564421E-29  5.800254E-29  1.165518E-28  8.070120E-29  7.798136E-29  2.693250E-29
    148  5.220437120847E-02  1.116811E-30  4.310493E-30  2.309293E-29  5.300506E-29  1.082124E-28  7.592018E-29  7.437740E-29  2.597072E-29
    149  5.240275279905E-02  1.625741E-30  6.475570E-30  3.559454E-29  8.336113E-29  1.745282E-28  1.252044E-28  1.258014E-28  4.504559E-29
    150  5.258707116153E-02  1.406540E-30  5.813265E-30  3.246475E-29  7.818167E-29  1.693101E-28  1.241923E-28  1.266009E-28  4.475736E-29
    151  5.276353482958E-02  1.262565E-30  5.382387E-30  3.086018E-29  7.579917E-29  1.676879E-28  1.254670E-28  1.309482E-28  4.752397E-29
    152  5.293536770993E-02  1.191477E-30  5.071928E-30  2.967610E-29  7.436981E-29  1.681975E-28  1.283184E-28  1.369201E-28  5.080701E-29
    153  5.310288915571E-02  1.074890E-30  4.754110E-30  2.893676E-29  7.356264E-29  1.687215E-28  1.305402E-28  1.420712E-28  5.426244E-29
    154  5.325369291828E-02  1.000000E-30  4.127915E-30  2.568815E-29  6.669984E-29  1.565091E-28  1.233982E-28  1.370284E-28  5.335821E-29
    155  5.339308966526E-02  1.000000E-30  3.787955E-30  2.341404E-29  6.103857E-29  1.444226E-28  1.143213E-28  1.270492E-28  4.905005E-29
    156  5.362726198018E-02  1.317240E-30  5.982800E-30  3.886114E-29  1.049331E-28  2.573577E-28  2.106752E-28  2.440702E-28  9.874705E-29
    157  5.383816121000E-02  1.059714E-30  5.079514E-30  3.380790E-29  9.445051E-29  2.414748E-28  2.037892E-28  2.418511E-28  9.850312E-29
    158  5.403768730975E-02  1.000000E-30  4.557202E-30  3.133850E-29  8.997043E-29  2.365390E-28  2.045442E-28  2.496900E-28  1.048453E-28
    159  5.422986619970E-02  1.000000E-30  4.236444E-30  3.014529E-29  8.754609E-29  2.332887E-28  2.046838E-28  2.553223E-28  1.099691E-28
    160  5.440569294967E-02  1.000000E-30  3.676164E-30  2.712866E-29  8.077893E-29  2.210732E-28  1.981816E-28  2.528126E-28  1.109910E-28
    161  5.456994612052E-02  1.000000E-30  3.381080E-30  2.474782E-29  7.432091E-29  2.061121E-28  1.862421E-28  2.387171E-28  1.046549E-28
    162  5.485681963417E-02  1.014119E-30  5.433625E-30  4.213422E-29  1.314623E-28  3.806089E-28  3.582473E-28  4.840716E-28  2.240658E-28
    163  5.511708850657E-02  1.000000E-30  4.440039E-30  3.577124E-29  1.173912E-28  3.586391E-28  3.508835E-28  4.882672E-28  2.294664E-28
    164  5.536560227933E-02  1.000000E-30  4.089024E-30  3.404519E-29  1.130096E-28  3.510399E-28  3.505027E-28  5.041154E-28  2.464450E-28
    165  5.559867087093E-02  1.000000E-30  3.533370E-30  3.100185E-29  1.062743E-28  3.412576E-28  3.496812E-28  5.164989E-28  2.583295E-28
    166  5.582344501454E-02  1.000000E-30  3.269725E-30  2.871940E-29  1.004486E-28  3.305694E-28  3.439588E-28  5.129802E-28  2.568799E-28
    167  5.608267729631E-02  1.000000E-30  3.422264E-30  3.153603E-29  1.148065E-28  3.927900E-28  4.209654E-28  6.464260E-28  3.316470E-28
    168  5.632179590432E-02  1.000000E-30  2.886036E-30  2.774848E-29  1.044443E-28  3.728647E-28  4.151934E-28  6.671514E-28  3.570981E-28
    169  5.658568452696E-02  1.000000E-30  2.952770E-30  2.948208E-29  1.141576E-28  4.196338E-28  4.771459E-28  7.809337E-28  4.235579E-28
    170  5.682194908758E-02  1.000000E-30  2.522709E-30  2.551428E-29  1.006497E-28  3.800823E-28  4.435272E-28  7.503094E-28  4.203136E-28
    171  5.707748662895E-02  1.000000E-30  2.442774E-30  2.592200E-29  1.065404E-28  4.200281E-28  5.062395E-28  8.832634E-28  5.069495E-28
    172  5.730159219632E-02  1.000000E-30  2.016515E-30  2.203942E-29  9.237110E-29  3.738952E-28  4.621238E-28  8.323896E-28  4.927122E-28
    173  5.769211250520E-02  1.000000E-30  2.982999E-30  3.594225E-29  1.586810E-28  6.797688E-28  8.829654E-28  1.690833E-27  1.063567E-27
    174  5.804755660481E-02  1.000000E-30  2.408107E-30  2.939425E-29  1.343484E-28  6.050086E-28  8.259241E-28  1.679160E-27  1.112298E-27
    175  5.837706807704E-02  1.000000E-30  1.948741E-30  2.612629E-29  1.256716E-28  5.888521E-28  8.225357E-28  1.705089E-27  1.151251E-27
    176  5.868213309337E-02  1.000000E-30  1.566696E-30  2.227782E-29  1.120607E-28  5.522862E-28  8.025569E-28  1.728927E-27  1.201887E-27
    177  5.897372529375E-02  1.000000E-30  1.317895E-30  1.972502E-29  1.031851E-28  5.312062E-28  7.999854E-28  1.792362E-27  1.287941E-27
    178  5.927019313219E-02  1.000000E-30  1.179271E-30  1.850064E-29  1.002777E-28  5.407841E-28  8.469780E-28  1.980913E-27  1.476912E-27
    179  5.955970264735E-02  1.000000E-30  1.003337E-30  1.659212E-29  9.354918E-29  5.274400E-28  8.562336E-28  2.080781E-27  1.602886E-27
    180  5.987296131417E-02  1.000000E-30  1.000000E-30  1.630787E-29  9.553359E-29  5.664522E-28  9.581446E-28  2.432737E-27  1.944163E-27
    181  6.018239261751E-02  1.000000E-30  1.000000E-30  1.424387E-29  8.691834E-29  5.406268E-28  9.467212E-28  2.482869E-27  2.032603E-27
    182  6.051941164510E-02  1.000000E-30  1.000000E-30  1.401509E-29  8.924774E-29  5.807267E-28  1.055298E-27  2.884314E-27  2.448827E-27
    183  6.081686890997E-02  1.000000E-30  1.000000E-30  1.113580E-29  7.342253E-29  5.009189E-28  9.492644E-28  2.727435E-27  2.424633E-27
    184  6.107970107709E-02  1.000000E-30  1.000000E-30  8.857867E-30  6.125805E-29  4.407431E-28  8.735924E-28  2.641971E-27  2.458025E-27
    185  6.149099227918E-02  1.000000E-30  1.000000E-30  1.207004E-29  8.748594E-29  6.660965E-28  1.384229E-27  4.413014E-27  4.297471E-27
    186  6.184187848266E-02  1.000000E-30  1.000000E-30  8.824832E-30  6.764533E-29  5.494889E-28  1.202840E-27  4.059656E-27  4.153317E-27
    187  6.212841772032E-02  1.000000E-30  1.000000E-30  6.552474E-30  5.174203E-29  4.353704E-28  9.812820E-28  3.423280E-27  3.606947E-27
    188  6.241083345826E-02  1.000000E-30  1.000000E-30  5.926318E-30  4.827486E-29  4.206080E-28  9.754101E-28  3.512276E-27  3.804757E-27
    189  6.286334795077E-02  1.000000E-30  1.000000E-30  7.905016E-30  6.793812E-29  6.324373E-28  1.548599E-27  5.921841E-27  6.753867E-27
    190  6.324448148531E-02  1.000000E-30  1.000000E-30  5.499099E-30  5.017316E-29  5.010860E-28  1.298240E-27  5.282543E-27  6.355997E-27
    191  6.354755735680E-02  1.000000E-30  1.000000E-30  3.902660E-30  3.640592E-29  3.744165E-28  9.942552E-28  4.154492E-27  5.109977E-27
    192  6.382753282149E-02  1.000000E-30  1.000000E-30  3.251520E-30  3.168526E-29  3.410899E-28  9.385939E-28  4.082289E-27  5.205031E-27
    193  6.429792763326E-02  1.000000E-30  1.000000E-30  4.672880E-30  4.744264E-29  5.337855E-28  1.526471E-27  6.955379E-27  9.259314E-27
    194  6.470641913937E-02  1.000000E-30  1.000000E-30  3.393940E-30  3.586372E-29  4.274147E-28  1.288753E-27  6.265825E-27  8.846442E-27
    195  6.514351188605E-02  1.000000E-30  1.000000E-30  2.967517E-30  3.294486E-29  4.194476E-28  1.331906E-27  6.854070E-27  1.017024E-26
    196  6.551961572666E-02  1.000000E-30  1.000000E-30  1.846318E-30  2.384209E-29  3.382384E-28  1.140956E-27  6.125299E-27  9.302385E-27
    197  6.614173306661E-02  1.000000E-30  1.000000E-30  2.329537E-30  3.238044E-29  4.967124E-28  1.773510E-27  1.013342E-26  1.630636E-26
    198  6.666431851744E-02  1.000000E-30  1.000000E-30  1.146603E-30  1.981753E-29  3.631582E-28  1.443904E-27  8.990351E-27  1.526381E-26
    199  6.714973898932E-02  1.000000E-30  1.000000E-30  1.000000E-30  1.287936E-29  2.364692E-28  1.019939E-27  7.345874E-27  1.439715E-26
    200  6.763365269933E-02  1.000000E-30  1.000000E-30  1.000000E-30  1.001526E-29  1.989572E-28  8.996238E-28  6.819510E-27  1.403605E-26
    201  6.810748363549E-02  1.000000E-30  1.000000E-30  1.000000E-30  9.397113E-30  1.824182E-28  8.279997E-28  6.422806E-27  1.362350E-26
    202  6.886988901479E-02  1.000000E-30  1.000000E-30  1.116115E-30  1.719330E-29  2.913410E-28  1.030181E-27  6.579714E-27  1.478607E-26
    203  6.932442343830E-02  1.000000E-30  1.000000E-30  1.000000E-30  3.534701E-30  1.078267E-28  6.144871E-28  5.790621E-27  1.429334E-26
    204  6.977291475786E-02  1.000000E-30  1.000000E-30  1.000000E-30  3.085977E-30  8.562965E-29  5.014839E-28  5.036458E-27  1.317330E-26
    205  7.051837306122E-02  1.000000E-30  1.000000E-30  1.000000E-30  2.066726E-30  9.214434E-29  6.513216E-28  7.352433E-27  2.092616E-26
    206  7.120724846930E-02  1.000000E-30  1.000000E-30  1.000000E-30  1.000000E-30  4.782923E-29  4.488877E-28  6.031943E-27  1.822433E-26
    207  7.185571854523E-02  1.000000E-30  1.000000E-30  1.000000E-30  1.000000E-30  3.724066E-29  3.334169E-28  4.680667E-27  1.544000E-26
    208  7.250556240022E-02  1.000000E-30  1.000000E-30  1.000000E-30  1.000000E-30  2.763762E-29  2.462395E-28  3.634822E-27  1.290312E-26
    209  7.308358088908E-02  1.000000E-30  1.000000E-30  1.000000E-30  1.000000E-30  1.446536E-29  1.418055E-28  2.409287E-27  9.659441E-27
    210  7.365083251161E-02  1.000000E-30  1.000000E-30  1.000000E-30  1.000000E-30  8.514179E-30  9.375732E-29  1.781990E-27  7.759037E-27
    211  7.420607479025E-02  1.000000E-30  1.000000E-30  1.000000E-30  1.000000E-30  4.995649E-30  5.969018E-29  1.253889E-27  5.949312E-27
    212  7.477269193766E-02  1.000000E-30  1.000000E-30  1.000000E-30  1.000000E-30  3.121392E-30  4.014127E-29  9.299909E-28  4.804003E-27
    213  7.532671922740E-02  1.000000E-30  1.000000E-30  1.000000E-30  1.000000E-30  2.145573E-30  2.832603E-29  7.009180E-28  3.882763E-27
    214  7.590819975934E-02  1.000000E-30  1.000000E-30  1.000000E-30  1.000000E-30  1.555492E-30  2.125705E-29  5.654890E-28  3.374541E-27
    215  7.648106882397E-02  1.000000E-30  1.000000E-30  1.000000E-30  1.000000E-30  1.156318E-30  1.646080E-29  4.655902E-28  2.954298E-27
    216  7.706864365518E-02  1.000000E-30  1.000000E-30  1.000000E-30  1.000000E-30  1.000000E-30  1.211595E-29  3.700466E-28  2.515673E-27
    217  7.765097184480E-02  1.000000E-30  1.000000E-30  1.000000E-30  1.000000E-30  1.000000E-30  8.483919E-30  2.850277E-28  2.092250E-27
    218  7.824188421090E-02  1.000000E-30  1.000000E-30  1.000000E-30  1.000000E-30  1.000000E-30  5.715574E-30  2.127951E-28  1.699449E-27
    219  7.883216312169E-02  1.000000E-30  1.000000E-30  1.000000E-30  1.000000E-30  1.000000E-30  3.809414E-30  1.561735E-28  1.351981E-27
    220  7.934760137230E-02  1.000000E-30  1.000000E-30  1.000000E-30  1.000000E-30  1.000000E-30  2.356884E-30  1.059343E-28  9.886545E-28
    221  7.991019390762E-02  1.000000E-30  1.000000E-30  1.000000E-30  1.000000E-30  1.000000E-30  1.627070E-30  8.028274E-29  8.112545E-28
    222  8.044081450283E-02  1.000000E-30  1.000000E-30  1.000000E-30  1.000000E-30  1.000000E-30  1.017342E-30  5.469273E-29  5.957483E-28
    223  8.103419684334E-02  1.000000E-30  1.000000E-30  1.000000E-30  1.000000E-30  1.000000E-30  1.000000E-30  4.092316E-29  4.846062E-28
    224  8.158988408622E-02  1.000000E-30  1.000000E-30  1.000000E-30  1.000000E-30  1.000000E-30  1.000000E-30  2.619613E-29  3.354621E-28
    225  8.219791245697E-02  1.000000E-30  1.000000E-30  1.000000E-30  1.000000E-30  1.000000E-30  1.000000E-30  1.852027E-29  2.584442E-28
    226  8.273529679330E-02  1.000000E-30  1.000000E-30  1.000000E-30  1.000000E-30  1.000000E-30  1.000000E-30  1.082319E-29  1.628725E-28
    227  8.327310875316E-02  1.000000E-30  1.000000E-30  1.000000E-30  1.000000E-30  1.000000E-30  1.000000E-30  7.089515E-30  1.150291E-28
    228  8.381967664174E-02  1.000000E-30  1.000000E-30  1.000000E-30  1.000000E-30  1.000000E-30  1.000000E-30  4.679254E-30  8.189784E-29
    229  8.442137901789E-02  1.000000E-30  1.000000E-30  1.000000E-30  1.000000E-30  1.000000E-30  1.000000E-30  3.150699E-30  5.982364E-29
    230  8.496109010092E-02  1.000000E-30  1.000000E-30  1.000000E-30  1.000000E-30  1.000000E-30  1.000000E-30  1.922222E-30  3.918912E-29
    231  8.556251684447E-02  1.000000E-30  1.000000E-30  1.000000E-30  1.000000E-30  1.000000E-30  1.000000E-30  1.222493E-30  2.672870E-29
    232  8.609514523980E-02  1.000000E-30  1.000000E-30  1.000000E-30  1.000000E-30  1.000000E-30  1.000000E-30  1.000000E-30  1.726588E-29
    233  8.668730402486E-02  1.000000E-30  1.000000E-30  1.000000E-30  1.000000E-30  1.000000E-30  1.000000E-30  1.000000E-30  1.114246E-29
    234  8.725638446658E-02  1.000000E-30  1.000000E-30  1.000000E-30  1.000000E-30  1.000000E-30  1.000000E-30  1.000000E-30  6.964755E-30
    235  8.784892152766E-02  1.000000E-30  1.000000E-30  1.000000E-30  1.000000E-30  1.000000E-30  1.000000E-30  1.000000E-30  4.239596E-30
    236  8.837914431516E-02  1.000000E-30  1.000000E-30  1.000000E-30  1.000000E-30  1.000000E-30  1.000000E-30  1.000000E-30  2.583409E-30
    237  8.927467123273E-02  1.000000E-30  1.000000E-30  1.000000E-30  1.000000E-30  1.000000E-30  1.000000E-30  1.000000E-30  1.351946E-30
    238  9.009385267910E-02  1.000000E-30  1.000000E-30  1.000000E-30  1.000000E-30  1.000000E-30  1.000000E-30  1.000000E-30  1.000000E-30
    239  9.088007009323E-02  1.000000E-30  1.000000E-30  1.000000E-30  1.000000E-30  1.000000E-30  1.000000E-30  1.000000E-30  1.000000E-30
    240  9.160938796651E-02  1.000000E-30  1.000000E-30  1.000000E-30  1.000000E-30  1.000000E-30  1.000000E-30  1.000000E-30  1.000000E-30
    241  9.231864750676E-02  1.000000E-30  1.000000E-30  1.000000E-30  1.000000E-30  1.000000E-30  1.000000E-30  1.000000E-30  1.000000E-30
    242  9.335415502949E-02  1.000000E-30  1.000000E-30  1.000000E-30  1.000000E-30  1.000000E-30  1.000000E-30  1.000000E-30  1.000000E-30
    243  9.429165011748E-02  1.000000E-30  1.000000E-30  1.000000E-30  1.000000E-30  1.000000E-30  1.000000E-30  1.000000E-30  1.000000E-30
    244  9.514750284226E-02  1.000000E-30  1.000000E-30  1.000000E-30  1.000000E-30  1.000000E-30  1.000000E-30  1.000000E-30  1.000000E-30
    245  9.592869681963E-02  1.000000E-30  1.000000E-30  1.000000E-30  1.000000E-30  1.000000E-30  1.000000E-30  1.000000E-30  1.000000E-30
    246  9.638259128200E-02  1.000000E-30  1.000000E-30  1.000000E-30  1.000000E-30  1.000000E-30  1.000000E-30  1.000000E-30  1.000000E-30
    247  9.686466198075E-02  1.000000E-30  1.000000E-30  1.000000E-30  1.000000E-30  1.000000E-30  1.000000E-30  1.000000E-30  1.000000E-30
    248  9.745016881397E-02  1.000000E-30  1.000000E-30  1.000000E-30  1.000000E-30  1.000000E-30  1.000000E-30  1.000000E-30  1.000000E-30
    249  9.798964068785E-02  1.000000E-30  1.000000E-30  1.000000E-30  1.000000E-30  1.000000E-30  1.000000E-30  1.000000E-30  1.000000E-30
    250  9.892639389759E-02  1.000000E-30  1.000000E-30  1.000000E-30  1.000000E-30  1.000000E-30  1.000000E-30  1.000000E-30  1.000000E-30
    251  9.977784733458E-02  1.000000E-30  1.000000E-30  1.000000E-30  1.000000E-30  1.000000E-30  1.000000E-30  1.000000E-30  1.000000E-30
    252  1.005622893962E-01  1.000000E-30  1.000000E-30  1.000000E-30  1.000000E-30  1.000000E-30  1.000000E-30  1.000000E-30  1.000000E-30
    253  1.013070552067E-01  1.000000E-30  1.000000E-30  1.000000E-30  1.000000E-30  1.000000E-30  1.000000E-30  1.000000E-30  1.000000E-30
    254  1.019791947326E-01  1.000000E-30  1.000000E-30  1.000000E-30  1.000000E-30  1.000000E-30  1.000000E-30  1.000000E-30  1.000000E-30
    255  1.025982572428E-01  1.000000E-30  1.000000E-30  1.000000E-30  1.000000E-30  1.000000E-30  1.000000E-30  1.000000E-30  1.000000E-30
    256  1.032644197032E-01  1.000000E-30  1.000000E-30  1.000000E-30  1.000000E-30  1.000000E-30  1.000000E-30  1.000000E-30  1.000000E-30
    257  1.039121745974E-01  1.000000E-30  1.000000E-30  1.000000E-30  1.000000E-30  1.000000E-30  1.000000E-30  1.000000E-30  1.000000E-30
    258  1.045193471709E-01  1.000000E-30  1.000000E-30  1.000000E-30  1.000000E-30  1.000000E-30  1.000000E-30  1.000000E-30  1.000000E-30
    259  1.051181778144E-01  1.000000E-30  1.000000E-30  1.000000E-30  1.000000E-30  1.000000E-30  1.000000E-30  1.000000E-30  1.000000E-30
    260  1.056826419982E-01  1.000000E-30  1.000000E-30  1.000000E-30  1.000000E-30  1.000000E-30  1.000000E-30  1.000000E-30  1.000000E-30
    261  1.062431336111E-01  1.000000E-30  1.000000E-30  1.000000E-30  1.000000E-30  1.000000E-30  1.000000E-30  1.000000E-30  1.000000E-30
    262  1.068146627648E-01  1.000000E-30  1.000000E-30  1.000000E-30  1.000000E-30  1.000000E-30  1.000000E-30  1.000000E-30  1.000000E-30
    263  1.073656177930E-01  1.000000E-30  1.000000E-30  1.000000E-30  1.000000E-30  1.000000E-30  1.000000E-30  1.000000E-30  1.000000E-30
    264  1.079139362418E-01  1.000000E-30  1.000000E-30  1.000000E-30  1.000000E-30  1.000000E-30  1.000000E-30  1.000000E-30  1.000000E-30
    265  1.084202130578E-01  1.000000E-30  1.000000E-30  1.000000E-30  1.000000E-30  1.000000E-30  1.000000E-30  1.000000E-30  1.000000E-30
    266  1.089957947327E-01  1.000000E-30  1.000000E-30  1.000000E-30  1.000000E-30  1.000000E-30  1.000000E-30  1.000000E-30  1.000000E-30
    267  1.095139929398E-01  1.000000E-30  1.000000E-30  1.000000E-30  1.000000E-30  1.000000E-30  1.000000E-30  1.000000E-30  1.000000E-30
    268  1.100036617482E-01  1.000000E-30  1.000000E-30  1.000000E-30  1.000000E-30  1.000000E-30  1.000000E-30  1.000000E-30  1.000000E-30
    269  1.105581599754E-01  1.000000E-30  1.000000E-30  1.000000E-30  1.000000E-30  1.000000E-30  1.000000E-30  1.000000E-30  1.000000E-30
    270  1.111738162549E-01  1.000000E-30  1.000000E-30  1.000000E-30  1.000000E-30  1.000000E-30  1.000000E-30  1.000000E-30  1.000000E-30
    271  1.117276452796E-01  1.000000E-30  1.000000E-30  1.000000E-30  1.000000E-30  1.000000E-30  1.000000E-30  1.000000E-30  1.000000E-30
    272  1.122547306619E-01  1.000000E-30  1.000000E-30  1.000000E-30  1.000000E-30  1.000000E-30  1.000000E-30  1.000000E-30  1.000000E-30
    273  1.128196390807E-01  1.000000E-30  1.000000E-30  1.000000E-30  1.000000E-30  1.000000E-30  1.000000E-30  1.000000E-30  1.000000E-30
    274  1.134172103791E-01  1.000000E-30  1.000000E-30  1.000000E-30  1.000000E-30  1.000000E-30  1.000000E-30  1.000000E-30  1.000000E-30
    275  1.139661173569E-01  1.000000E-30  1.000000E-30  1.000000E-30  1.000000E-30  1.000000E-30  1.000000E-30  1.000000E-30  1.000000E-30
    276  1.145721141816E-01  1.000000E-30  1.000000E-30  1.000000E-30  1.000000E-30  1.000000E-30  1.000000E-30  1.000000E-30  1.000000E-30
    277  1.151138636995E-01  1.000000E-30  1.000000E-30  1.000000E-30  1.000000E-30  1.000000E-30  1.000000E-30  1.000000E-30  1.000000E-30
    278  1.160623872824E-01  1.000000E-30  1.000000E-30  1.000000E-30  1.000000E-30  1.000000E-30  1.000000E-30  1.000000E-30  1.000000E-30
    279  1.166131253687E-01  1.000000E-30  1.000000E-30  1.000000E-30  1.000000E-30  1.000000E-30  1.000000E-30  1.000000E-30  1.000000E-30
    280  1.171578902390E-01  1.000000E-30  1.000000E-30  1.000000E-30  1.000000E-30  1.000000E-30  1.000000E-30  1.000000E-30  1.000000E-30
    281  1.179966344325E-01  1.000000E-30  1.000000E-30  1.000000E-30  1.000000E-30  1.000000E-30  1.000000E-30  1.000000E-30  1.000000E-30
    282  1.184626561866E-01  1.000000E-30  1.000000E-30  1.000000E-30  1.000000E-30  1.000000E-30  1.000000E-30  1.000000E-30  1.000000E-30
    283  1.189221956404E-01  1.000000E-30  1.000000E-30  1.000000E-30  1.000000E-30  1.000000E-30  1.000000E-30  1.000000E-30  1.000000E-30
    284  1.197605220964E-01  1.000000E-30  1.000000E-30  1.000000E-30  1.000000E-30  1.000000E-30  1.000000E-30  1.000000E-30  1.000000E-30
    285  1.205341475296E-01  1.000000E-30  1.000000E-30  1.000000E-30  1.000000E-30  1.000000E-30  1.000000E-30  1.000000E-30  1.000000E-30
    286  1.212540834288E-01  1.000000E-30  1.000000E-30  1.000000E-30  1.000000E-30  1.000000E-30  1.000000E-30  1.000000E-30  1.000000E-30
    287  1.219299358624E-01  1.000000E-30  1.000000E-30  1.000000E-30  1.000000E-30  1.000000E-30  1.000000E-30  1.000000E-30  1.000000E-30
    288  1.225766858039E-01  1.000000E-30  1.000000E-30  1.000000E-30  1.000000E-30  1.000000E-30  1.000000E-30  1.000000E-30  1.000000E-30
    289  1.231854533608E-01  1.000000E-30  1.000000E-30  1.000000E-30  1.000000E-30  1.000000E-30  1.000000E-30  1.000000E-30  1.000000E-30
    290  1.237219182154E-01  1.000000E-30  1.000000E-30  1.000000E-30  1.000000E-30  1.000000E-30  1.000000E-30  1.000000E-30  1.000000E-30
    291  1.242404039059E-01  1.000000E-30  1.000000E-30  1.000000E-30  1.000000E-30  1.000000E-30  1.000000E-30  1.000000E-30  1.000000E-30
    292  1.248086455930E-01  1.000000E-30  1.000000E-30  1.000000E-30  1.000000E-30  1.000000E-30  1.000000E-30  1.000000E-30  1.000000E-30
    293  1.253177247642E-01  1.000000E-30  1.000000E-30  1.000000E-30  1.000000E-30  1.000000E-30  1.000000E-30  1.000000E-30  1.000000E-30
    294  1.258810647447E-01  1.000000E-30  1.000000E-30  1.000000E-30  1.000000E-30  1.000000E-30  1.000000E-30  1.000000E-30  1.000000E-30
    295  1.264205598797E-01  1.000000E-30  1.000000E-30  1.000000E-30  1.000000E-30  1.000000E-30  1.000000E-30  1.000000E-30  1.000000E-30
    296  1.270317883483E-01  1.000000E-30  1.000000E-30  1.000000E-30  1.000000E-30  1.000000E-30  1.000000E-30  1.000000E-30  1.000000E-30
    297  1.275757308169E-01  1.000000E-30  1.000000E-30  1.000000E-30  1.000000E-30  1.000000E-30  1.000000E-30  1.000000E-30  1.000000E-30
    298  1.286048671531E-01  1.000000E-30  1.000000E-30  1.000000E-30  1.000000E-30  1.000000E-30  1.000000E-30  1.000000E-30  1.000000E-30
    299  1.290949488661E-01  1.000000E-30  1.000000E-30  1.000000E-30  1.000000E-30  1.000000E-30  1.000000E-30  1.000000E-30  1.000000E-30
    300  1.295345101683E-01  1.000000E-30  1.000000E-30  1.000000E-30  1.000000E-30  1.000000E-30  1.000000E-30  1.000000E-30  1.000000E-30
    301  1.303954523490E-01  1.000000E-30  1.000000E-30  1.000000E-30  1.000000E-30  1.000000E-30  1.000000E-30  1.000000E-30  1.000000E-30
    302  1.308549873199E-01  1.000000E-30  1.000000E-30  1.000000E-30  1.000000E-30  1.000000E-30  1.000000E-30  1.000000E-30  1.000000E-30
    303  1.312776310019E-01  1.000000E-30  1.000000E-30  1.000000E-30  1.000000E-30  1.000000E-30  1.000000E-30  1.000000E-30  1.000000E-30
    304  1.320787884157E-01  1.000000E-30  1.000000E-30  1.000000E-30  1.000000E-30  1.000000E-30  1.000000E-30  1.000000E-30  1.000000E-30
    305  1.327308179063E-01  1.000000E-30  1.000000E-30  1.000000E-30  1.000000E-30  1.000000E-30  1.000000E-30  1.000000E-30  1.000000E-30
    306  1.333821207310E-01  1.000000E-30  1.000000E-30  1.000000E-30  1.000000E-30  1.000000E-30  1.000000E-30  1.000000E-30  1.000000E-30
    307  1.339749669338E-01  1.000000E-30  1.000000E-30  1.000000E-30  1.000000E-30  1.000000E-30  1.000000E-30  1.000000E-30  1.000000E-30
    308  1.345530840576E-01  1.000000E-30  1.000000E-30  1.000000E-30  1.000000E-30  1.000000E-30  1.000000E-30  1.000000E-30  1.000000E-30
    309  1.351098094661E-01  1.000000E-30  1.000000E-30  1.000000E-30  1.000000E-30  1.000000E-30  1.000000E-30  1.000000E-30  1.000000E-30
    310  1.359304916944E-01  1.000000E-30  1.000000E-30  1.000000E-30  1.000000E-30  1.000000E-30  1.000000E-30  1.000000E-30  1.000000E-30
    311  1.363572082699E-01  1.000000E-30  1.000000E-30  1.000000E-30  1.000000E-30  1.000000E-30  1.000000E-30  1.000000E-30  1.000000E-30
    312  1.367788244083E-01  1.000000E-30  1.000000E-30  1.000000E-30  1.000000E-30  1.000000E-30  1.000000E-30  1.000000E-30  1.000000E-30
    313  1.375777712339E-01  1.000000E-30  1.000000E-30  1.000000E-30  1.000000E-30  1.000000E-30  1.000000E-30  1.000000E-30  1.000000E-30
    314  1.380438267916E-01  1.000000E-30  1.000000E-30  1.000000E-30  1.000000E-30  1.000000E-30  1.000000E-30  1.000000E-30  1.000000E-30
    315  1.384690951451E-01  1.000000E-30  1.000000E-30  1.000000E-30  1.000000E-30  1.000000E-30  1.000000E-30  1.000000E-30  1.000000E-30
    316  1.391087445178E-01  1.000000E-30  1.000000E-30  1.000000E-30  1.000000E-30  1.000000E-30  1.000000E-30  1.000000E-30  1.000000E-30
    317  1.397002518981E-01  1.000000E-30  1.000000E-30  1.000000E-30  1.000000E-30  1.000000E-30  1.000000E-30  1.000000E-30  1.000000E-30
    318  1.402705851668E-01  1.000000E-30  1.000000E-30  1.000000E-30  1.000000E-30  1.000000E-30  1.000000E-30  1.000000E-30  1.000000E-30
    319  1.408634912375E-01  1.000000E-30  1.000000E-30  1.000000E-30  1.000000E-30  1.000000E-30  1.000000E-30  1.000000E-30  1.000000E-30
    320  1.414089642241E-01  1.000000E-30  1.000000E-30  1.000000E-30  1.000000E-30  1.000000E-30  1.000000E-30  1.000000E-30  1.000000E-30
    321  1.419220762512E-01  1.000000E-30  1.000000E-30  1.000000E-30  1.000000E-30  1.000000E-30  1.000000E-30  1.000000E-30  1.000000E-30
    322  1.422771704232E-01  1.000000E-30  1.000000E-30  1.000000E-30  1.000000E-30  1.000000E-30  1.000000E-30  1.000000E-30  1.000000E-30
    323  1.426029315631E-01  1.000000E-30  1.000000E-30  1.000000E-30  1.000000E-30  1.000000E-30  1.000000E-30  1.000000E-30  1.000000E-30
    324  1.430135230101E-01  1.000000E-30  1.000000E-30  1.000000E-30  1.000000E-30  1.000000E-30  1.000000E-30  1.000000E-30  1.000000E-30
    325  1.434683796643E-01  1.000000E-30  1.000000E-30  1.000000E-30  1.000000E-30  1.000000E-30  1.000000E-30  1.000000E-30  1.000000E-30
    326  1.440315208021E-01  1.000000E-30  1.000000E-30  1.000000E-30  1.000000E-30  1.000000E-30  1.000000E-30  1.000000E-30  1.000000E-30
    327  1.445490332405E-01  1.000000E-30  1.000000E-30  1.000000E-30  1.000000E-30  1.000000E-30  1.000000E-30  1.000000E-30  1.000000E-30
    328  1.451370980342E-01  1.000000E-30  1.000000E-30  1.000000E-30  1.000000E-30  1.000000E-30  1.000000E-30  1.000000E-30  1.000000E-30
    329  1.457052374241E-01  1.000000E-30  1.000000E-30  1.000000E-30  1.000000E-30  1.000000E-30  1.000000E-30  1.000000E-30  1.000000E-30
    330  1.463107957421E-01  1.000000E-30  1.000000E-30  1.000000E-30  1.000000E-30  1.000000E-30  1.000000E-30  1.000000E-30  1.000000E-30
    331  1.468752132891E-01  1.000000E-30  1.000000E-30  1.000000E-30  1.000000E-30  1.000000E-30  1.000000E-30  1.000000E-30  1.000000E-30
    332  1.475510939381E-01  1.000000E-30  1.000000E-30  1.000000E-30  1.000000E-30  1.000000E-30  1.000000E-30  1.000000E-30  1.000000E-30
    333  1.481899111058E-01  1.000000E-30  1.000000E-30  1.000000E-30  1.000000E-30  1.000000E-30  1.000000E-30  1.000000E-30  1.000000E-30
    334  1.491767377555E-01  1.000000E-30  1.000000E-30  1.000000E-30  1.000000E-30  1.000000E-30  1.000000E-30  1.000000E-30  1.000000E-30
    335  1.497116139607E-01  1.000000E-30  1.000000E-30  1.000000E-30  1.000000E-30  1.000000E-30  1.000000E-30  1.000000E-30  1.000000E-30
    336  1.502421520731E-01  1.000000E-30  1.000000E-30  1.000000E-30  1.000000E-30  1.000000E-30  1.000000E-30  1.000000E-30  1.000000E-30
    337  1.509052103900E-01  1.000000E-30  1.000000E-30  1.000000E-30  1.000000E-30  1.000000E-30  1.000000E-30  1.000000E-30  1.000000E-30
    338  1.515352476696E-01  1.000000E-30  1.000000E-30  1.000000E-30  1.000000E-30  1.000000E-30  1.000000E-30  1.000000E-30  1.000000E-30
    339  1.521327102765E-01  1.000000E-30  1.000000E-30  1.000000E-30  1.000000E-30  1.000000E-30  1.000000E-30  1.000000E-30  1.000000E-30
    340  1.526678407657E-01  1.000000E-30  1.000000E-30  1.000000E-30  1.000000E-30  1.000000E-30  1.000000E-30  1.000000E-30  1.000000E-30
    341  1.532481602429E-01  1.000000E-30  1.000000E-30  1.000000E-30  1.000000E-30  1.000000E-30  1.000000E-30  1.000000E-30  1.000000E-30
    342  1.535863948111E-01  1.000000E-30  1.000000E-30  1.000000E-30  1.000000E-30  1.000000E-30  1.000000E-30  1.000000E-30  1.000000E-30
    343  1.538995751697E-01  1.000000E-30  1.000000E-30  1.000000E-30  1.000000E-30  1.000000E-30  1.000000E-30  1.000000E-30  1.000000E-30
    344  1.546020187628E-01  1.000000E-30  1.000000E-30  1.000000E-30  1.000000E-30  1.000000E-30  1.000000E-30  1.000000E-30  1.000000E-30
    345  1.552062305672E-01  1.000000E-30  1.000000E-30  1.000000E-30  1.000000E-30  1.000000E-30  1.000000E-30  1.000000E-30  1.000000E-30
    346  1.557875935888E-01  1.000000E-30  1.000000E-30  1.000000E-30  1.000000E-30  1.000000E-30  1.000000E-30  1.000000E-30  1.000000E-30
    347  1.566447447202E-01  1.000000E-30  1.000000E-30  1.000000E-30  1.000000E-30  1.000000E-30  1.000000E-30  1.000000E-30  1.000000E-30
    348  1.574294426159E-01  1.000000E-30  1.000000E-30  1.000000E-30  1.000000E-30  1.000000E-30  1.000000E-30  1.000000E-30  1.000000E-30
    349  1.581710514975E-01  1.000000E-30  1.000000E-30  1.000000E-30  1.000000E-30  1.000000E-30  1.000000E-30  1.000000E-30  1.000000E-30
    350  1.588328903187E-01  1.000000E-30  1.000000E-30  1.000000E-30  1.000000E-30  1.000000E-30  1.000000E-30  1.000000E-30  1.000000E-30
    351  1.594606073659E-01  1.000000E-30  1.000000E-30  1.000000E-30  1.000000E-30  1.000000E-30  1.000000E-30  1.000000E-30  1.000000E-30
    352  1.600565792087E-01  1.000000E-30  1.000000E-30  1.000000E-30  1.000000E-30  1.000000E-30  1.000000E-30  1.000000E-30  1.000000E-30
    353  1.607059625219E-01  1.000000E-30  1.000000E-30  1.000000E-30  1.000000E-30  1.000000E-30  1.000000E-30  1.000000E-30  1.000000E-30
    354  1.613957576202E-01  1.000000E-30  1.000000E-30  1.000000E-30  1.000000E-30  1.000000E-30  1.000000E-30  1.000000E-30  1.000000E-30
    355  1.620398820205E-01  1.000000E-30  1.000000E-30  1.000000E-30  1.000000E-30  1.000000E-30  1.000000E-30  1.000000E-30  1.000000E-30
    356  1.627691861850E-01  1.000000E-30  1.000000E-30  1.000000E-30  1.000000E-30  1.000000E-30  1.000000E-30  1.000000E-30  1.000000E-30
    357  1.634667099868E-01  1.000000E-30  1.000000E-30  1.000000E-30  1.000000E-30  1.000000E-30  1.000000E-30  1.000000E-30  1.000000E-30
    358  1.645369737572E-01  1.000000E-30  1.000000E-30  1.000000E-30  1.000000E-30  1.000000E-30  1.000000E-30  1.000000E-30  1.000000E-30
    359  1.651200899964E-01  1.000000E-30  1.000000E-30  1.000000E-30  1.000000E-30  1.000000E-30  1.000000E-30  1.000000E-30  1.000000E-30
    360  1.656939516385E-01  1.000000E-30  1.000000E-30  1.000000E-30  1.000000E-30  1.000000E-30  1.000000E-30  1.000000E-30  1.000000E-30
    361  1.664404283242E-01  1.000000E-30  1.000000E-30  1.000000E-30  1.000000E-30  1.000000E-30  1.000000E-30  1.000000E-30  1.000000E-30
    362  1.671401020014E-01  1.000000E-30  1.000000E-30  1.000000E-30  1.000000E-30  1.000000E-30  1.000000E-30  1.000000E-30  1.000000E-30
    363  1.682228463170E-01  1.000000E-30  1.000000E-30  1.000000E-30  1.000000E-30  1.000000E-30  1.000000E-30  1.000000E-30  1.000000E-30
    364  1.688914277275E-01  1.000000E-30  1.000000E-30  1.000000E-30  1.000000E-30  1.000000E-30  1.000000E-30  1.000000E-30  1.000000E-30
    365  1.695862681704E-01  1.000000E-30  1.000000E-30  1.000000E-30  1.000000E-30  1.000000E-30  1.000000E-30  1.000000E-30  1.000000E-30
    366  1.708796298676E-01  1.000000E-30  1.000000E-30  1.000000E-30  1.000000E-30  1.000000E-30  1.000000E-30  1.000000E-30  1.000000E-30
    367  1.720689125062E-01  1.000000E-30  1.000000E-30  1.000000E-30  1.000000E-30  1.000000E-30  1.000000E-30  1.000000E-30  1.000000E-30
    368  1.730357271347E-01  1.000000E-30  1.000000E-30  1.000000E-30  1.000000E-30  1.000000E-30  1.000000E-30  1.000000E-30  1.000000E-30
    369  1.739185931198E-01  1.000000E-30  1.000000E-30  1.000000E-30  1.000000E-30  1.000000E-30  1.000000E-30  1.000000E-30  1.000000E-30
    370  1.748109107026E-01  1.000000E-30  1.000000E-30  1.000000E-30  1.000000E-30  1.000000E-30  1.000000E-30  1.000000E-30  1.000000E-30
    371  1.757092013639E-01  1.000000E-30  1.000000E-30  1.000000E-30  1.000000E-30  1.000000E-30  1.000000E-30  1.000000E-30  1.000000E-30
    372  1.765567714958E-01  1.000000E-30  1.000000E-30  1.000000E-30  1.000000E-30  1.000000E-30  1.000000E-30  1.000000E-30  1.000000E-30
    373  1.775373762473E-01  1.000000E-30  1.000000E-30  1.000000E-30  1.000000E-30  1.000000E-30  1.000000E-30  1.000000E-30  1.000000E-30
    374  1.784803688374E-01  1.000000E-30  1.000000E-30  1.000000E-30  1.000000E-30  1.000000E-30  1.000000E-30  1.000000E-30  1.000000E-30
    375  1.795112536071E-01  1.000000E-30  1.000000E-30  1.000000E-30  1.000000E-30  1.000000E-30  1.000000E-30  1.000000E-30  1.000000E-30
    376  1.804824008025E-01  1.000000E-30  1.000000E-30  1.000000E-30  1.000000E-30  1.000000E-30  1.000000E-30  1.000000E-30  1.000000E-30
    377  1.815169070317E-01  1.000000E-30  1.000000E-30  1.000000E-30  1.000000E-30  1.000000E-30  1.000000E-30  1.000000E-30  1.000000E-30
    378  1.825428215499E-01  1.000000E-30  1.000000E-30  1.000000E-30  1.000000E-30  1.000000E-30  1.000000E-30  1.000000E-30  1.000000E-30
    379  1.841355644659E-01  1.000000E-30  1.000000E-30  1.000000E-30  1.000000E-30  1.000000E-30  1.000000E-30  1.000000E-30  1.000000E-30
    380  1.856860183354E-01  1.000000E-30  1.000000E-30  1.000000E-30  1.000000E-30  1.000000E-30  1.000000E-30  1.000000E-30  1.000000E-30
    381  1.870847965371E-01  1.000000E-30  1.000000E-30  1.000000E-30  1.000000E-30  1.000000E-30  1.000000E-30  1.000000E-30  1.000000E-30
    382  1.883699545972E-01  1.000000E-30  1.000000E-30  1.000000E-30  1.000000E-30  1.000000E-30  1.000000E-30  1.000000E-30  1.000000E-30
    383  1.895671856375E-01  1.000000E-30  1.000000E-30  1.000000E-30  1.000000E-30  1.000000E-30  1.000000E-30  1.000000E-30  1.000000E-30
    384  1.907324824205E-01  1.000000E-30  1.000000E-30  1.000000E-30  1.000000E-30  1.000000E-30  1.000000E-30  1.000000E-30  1.000000E-30
    385  1.917913284253E-01  1.000000E-30  1.000000E-30  1.000000E-30  1.000000E-30  1.000000E-30  1.000000E-30  1.000000E-30  1.000000E-30
    386  1.928179034582E-01  1.000000E-30  1.000000E-30  1.000000E-30  1.000000E-30  1.000000E-30  1.000000E-30  1.000000E-30  1.000000E-30
    387  1.939781308337E-01  1.000000E-30  1.000000E-30  1.000000E-30  1.000000E-30  1.000000E-30  1.000000E-30  1.000000E-30  1.000000E-30
    388  1.950365569225E-01  1.000000E-30  1.000000E-30  1.000000E-30  1.000000E-30  1.000000E-30  1.000000E-30  1.000000E-30  1.000000E-30
    389  1.963061656501E-01  1.000000E-30  1.000000E-30  1.000000E-30  1.000000E-30  1.000000E-30  1.000000E-30  1.000000E-30  1.000000E-30
    390  1.975160386553E-01  1.000000E-30  1.000000E-30  1.000000E-30  1.000000E-30  1.000000E-30  1.000000E-30  1.000000E-30  1.000000E-30
    391  1.988970783448E-01  1.000000E-30  1.000000E-30  1.000000E-30  1.000000E-30  1.000000E-30  1.000000E-30  1.000000E-30  1.000000E-30
    392  2.001908516564E-01  1.000000E-30  1.000000E-30  1.000000E-30  1.000000E-30  1.000000E-30  1.000000E-30  1.000000E-30  1.000000E-30
    393  2.023233395230E-01  1.000000E-30  1.000000E-30  1.000000E-30  1.000000E-30  1.000000E-30  1.000000E-30  1.000000E-30  1.000000E-30
    394  2.035207364909E-01  1.000000E-30  1.000000E-30  1.000000E-30  1.000000E-30  1.000000E-30  1.000000E-30  1.000000E-30  1.000000E-30
    395  2.047171141817E-01  1.000000E-30  1.000000E-30  1.000000E-30  1.000000E-30  1.000000E-30  1.000000E-30  1.000000E-30  1.000000E-30
    396  2.061861175315E-01  1.000000E-30  1.000000E-30  1.000000E-30  1.000000E-30  1.000000E-30  1.000000E-30  1.000000E-30  1.000000E-30
    397  2.075162532616E-01  1.000000E-30  1.000000E-30  1.000000E-30  1.000000E-30  1.000000E-30  1.000000E-30  1.000000E-30  1.000000E-30
    398  2.088103947538E-01  1.000000E-30  1.000000E-30  1.000000E-30  1.000000E-30  1.000000E-30  1.000000E-30  1.000000E-30  1.000000E-30
    399  2.102374295066E-01  1.000000E-30  1.000000E-30  1.000000E-30  1.000000E-30  1.000000E-30  1.000000E-30  1.000000E-30  1.000000E-30
    400  2.116254943500E-01  1.000000E-30  1.000000E-30  1.000000E-30  1.000000E-30  1.000000E-30  1.000000E-30  1.000000E-30  1.000000E-30
    401  2.137594200207E-01  1.000000E-30  1.000000E-30  1.000000E-30  1.000000E-30  1.000000E-30  1.000000E-30  1.000000E-30  1.000000E-30
    402  2.149968302441E-01  1.000000E-30  1.000000E-30  1.000000E-30  1.000000E-30  1.000000E-30  1.000000E-30  1.000000E-30  1.000000E-30
    403  2.163578604848E-01  1.000000E-30  1.000000E-30  1.000000E-30  1.000000E-30  1.000000E-30  1.000000E-30  1.000000E-30  1.000000E-30
    404  2.188327022992E-01  1.000000E-30  1.000000E-30  1.000000E-30  1.000000E-30  1.000000E-30  1.000000E-30  1.000000E-30  1.000000E-30
    405  2.210861741802E-01  1.000000E-30  1.000000E-30  1.000000E-30  1.000000E-30  1.000000E-30  1.000000E-30  1.000000E-30  1.000000E-30
    406  2.231360986547E-01  1.000000E-30  1.000000E-30  1.000000E-30  1.000000E-30  1.000000E-30  1.000000E-30  1.000000E-30  1.000000E-30
    407  2.249661932162E-01  1.000000E-30  1.000000E-30  1.000000E-30  1.000000E-30  1.000000E-30  1.000000E-30  1.000000E-30  1.000000E-30
    408  2.266023391923E-01  1.000000E-30  1.000000E-30  1.000000E-30  1.000000E-30  1.000000E-30  1.000000E-30  1.000000E-30  1.000000E-30
    409  2.291569547831E-01  1.000000E-30  1.000000E-30  1.000000E-30  1.000000E-30  1.000000E-30  1.000000E-30  1.000000E-30  1.000000E-30
    410  2.305971902523E-01  1.000000E-30  1.000000E-30  1.000000E-30  1.000000E-30  1.000000E-30  1.000000E-30  1.000000E-30  1.000000E-30
    411  2.319348711247E-01  1.000000E-30  1.000000E-30  1.000000E-30  1.000000E-30  1.000000E-30  1.000000E-30  1.000000E-30  1.000000E-30
    412  2.335360820165E-01  1.000000E-30  1.000000E-30  1.000000E-30  1.000000E-30  1.000000E-30  1.000000E-30  1.000000E-30  1.000000E-30
    413  2.351317971316E-01  1.000000E-30  1.000000E-30  1.000000E-30  1.000000E-30  1.000000E-30  1.000000E-30  1.000000E-30  1.000000E-30
    414  2.376293164755E-01  1.000000E-30  1.000000E-30  1.000000E-30  1.000000E-30  1.000000E-30  1.000000E-30  1.000000E-30  1.000000E-30
    415  2.399259738388E-01  1.000000E-30  1.000000E-30  1.000000E-30  1.000000E-30  1.000000E-30  1.000000E-30  1.000000E-30  1.000000E-30
    416  2.420046682363E-01  1.000000E-30  1.000000E-30  1.000000E-30  1.000000E-30  1.000000E-30  1.000000E-30  1.000000E-30  1.000000E-30
    417  2.451201276448E-01  1.000000E-30  1.000000E-30  1.000000E-30  1.000000E-30  1.000000E-30  1.000000E-30  1.000000E-30  1.000000E-30
    418  2.467564269033E-01  1.000000E-30  1.000000E-30  1.000000E-30  1.000000E-30  1.000000E-30  1.000000E-30  1.000000E-30  1.000000E-30
    419  2.483354027874E-01  1.000000E-30  1.000000E-30  1.000000E-30  1.000000E-30  1.000000E-30  1.000000E-30  1.000000E-30  1.000000E-30
    420  2.499258654919E-01  1.000000E-30  1.000000E-30  1.000000E-30  1.000000E-30  1.000000E-30  1.000000E-30  1.000000E-30  1.000000E-30
    421  2.515152656983E-01  1.000000E-30  1.000000E-30  1.000000E-30  1.000000E-30  1.000000E-30  1.000000E-30  1.000000E-30  1.000000E-30
    422  2.542060864984E-01  1.000000E-30  1.000000E-30  1.000000E-30  1.000000E-30  1.000000E-30  1.000000E-30  1.000000E-30  1.000000E-30
    423  2.556901221114E-01  1.000000E-30  1.000000E-30  1.000000E-30  1.000000E-30  1.000000E-30  1.000000E-30  1.000000E-30  1.000000E-30
    424  2.570805114381E-01  1.000000E-30  1.000000E-30  1.000000E-30  1.000000E-30  1.000000E-30  1.000000E-30  1.000000E-30  1.000000E-30
    425  2.598984391343E-01  1.000000E-30  1.000000E-30  1.000000E-30  1.000000E-30  1.000000E-30  1.000000E-30  1.000000E-30  1.000000E-30
    426  2.622653138568E-01  1.000000E-30  1.000000E-30  1.000000E-30  1.000000E-30  1.000000E-30  1.000000E-30  1.000000E-30  1.000000E-30
    427  2.644885215151E-01  1.000000E-30  1.000000E-30  1.000000E-30  1.000000E-30  1.000000E-30  1.000000E-30  1.000000E-30  1.000000E-30
    428  2.667229470066E-01  1.000000E-30  1.000000E-30  1.000000E-30  1.000000E-30  1.000000E-30  1.000000E-30  1.000000E-30  1.000000E-30
    429  2.687894382327E-01  1.000000E-30  1.000000E-30  1.000000E-30  1.000000E-30  1.000000E-30  1.000000E-30  1.000000E-30  1.000000E-30
    430  2.709436570286E-01  1.000000E-30  1.000000E-30  1.000000E-30  1.000000E-30  1.000000E-30  1.000000E-30  1.000000E-30  1.000000E-30
    431  2.728595154549E-01  1.000000E-30  1.000000E-30  1.000000E-30  1.000000E-30  1.000000E-30  1.000000E-30  1.000000E-30  1.000000E-30
    432  2.763050324764E-01  1.000000E-30  1.000000E-30  1.000000E-30  1.000000E-30  1.000000E-30  1.000000E-30  1.000000E-30  1.000000E-30
    433  2.797281875476E-01  1.000000E-30  1.000000E-30  1.000000E-30  1.000000E-30  1.000000E-30  1.000000E-30  1.000000E-30  1.000000E-30
    434  2.831107064370E-01  1.000000E-30  1.000000E-30  1.000000E-30  1.000000E-30  1.000000E-30  1.000000E-30  1.000000E-30  1.000000E-30
    435  2.863632962154E-01  1.000000E-30  1.000000E-30  1.000000E-30  1.000000E-30  1.000000E-30  1.000000E-30  1.000000E-30  1.000000E-30
    436  2.894106333807E-01  1.000000E-30  1.000000E-30  1.000000E-30  1.000000E-30  1.000000E-30  1.000000E-30  1.000000E-30  1.000000E-30
    437  2.941185503109E-01  1.000000E-30  1.000000E-30  1.000000E-30  1.000000E-30  1.000000E-30  1.000000E-30  1.000000E-30  1.000000E-30
    438  2.983685787405E-01  1.000000E-30  1.000000E-30  1.000000E-30  1.000000E-30  1.000000E-30  1.000000E-30  1.000000E-30  1.000000E-30
    439  3.021949729112E-01  1.000000E-30  1.000000E-30  1.000000E-30  1.000000E-30  1.000000E-30  1.000000E-30  1.000000E-30  1.000000E-30
    440  3.059150641439E-01  1.000000E-30  1.000000E-30  1.000000E-30  1.000000E-30  1.000000E-30  1.000000E-30  1.000000E-30  1.000000E-30
    441  3.094680949786E-01  1.000000E-30  1.000000E-30  1.000000E-30  1.000000E-30  1.000000E-30  1.000000E-30  1.000000E-30  1.000000E-30
    442  3.127856926026E-01  1.000000E-30  1.000000E-30  1.000000E-30  1.000000E-30  1.000000E-30  1.000000E-30  1.000000E-30  1.000000E-30
    443  3.178598433803E-01  1.000000E-30  1.000000E-30  1.000000E-30  1.000000E-30  1.000000E-30  1.000000E-30  1.000000E-30  1.000000E-30
    444  3.224504526026E-01  1.000000E-30  1.000000E-30  1.000000E-30  1.000000E-30  1.000000E-30  1.000000E-30  1.000000E-30  1.000000E-30
    445  3.266870398371E-01  1.000000E-30  1.000000E-30  1.000000E-30  1.000000E-30  1.000000E-30  1.000000E-30  1.000000E-30  1.000000E-30
    446  3.305577136787E-01  1.000000E-30  1.000000E-30  1.000000E-30  1.000000E-30  1.000000E-30  1.000000E-30  1.000000E-30  1.000000E-30
    447  3.362681054783E-01  1.000000E-30  1.000000E-30  1.000000E-30  1.000000E-30  1.000000E-30  1.000000E-30  1.000000E-30  1.000000E-30
    448  3.414589872690E-01  1.000000E-30  1.000000E-30  1.000000E-30  1.000000E-30  1.000000E-30  1.000000E-30  1.000000E-30  1.000000E-30
    449  3.462773530350E-01  1.000000E-30  1.000000E-30  1.000000E-30  1.000000E-30  1.000000E-30  1.000000E-30  1.000000E-30  1.000000E-30
    450  3.508856189623E-01  1.000000E-30  1.000000E-30  1.000000E-30  1.000000E-30  1.000000E-30  1.000000E-30  1.000000E-30  1.000000E-30
    451  3.552628710565E-01  1.000000E-30  1.000000E-30  1.000000E-30  1.000000E-30  1.000000E-30  1.000000E-30  1.000000E-30  1.000000E-30
    452  3.595141079779E-01  1.000000E-30  1.000000E-30  1.000000E-30  1.000000E-30  1.000000E-30  1.000000E-30  1.000000E-30  1.000000E-30
    453  3.636744849418E-01  1.000000E-30  1.000000E-30  1.000000E-30  1.000000E-30  1.000000E-30  1.000000E-30  1.000000E-30  1.000000E-30
    454  3.676260234901E-01  1.000000E-30  1.000000E-30  1.000000E-30  1.000000E-30  1.000000E-30  1.000000E-30  1.000000E-30  1.000000E-30
    455  3.714655117309E-01  1.000000E-30  1.000000E-30  1.000000E-30  1.000000E-30  1.000000E-30  1.000000E-30  1.000000E-30  1.000000E-30
    456  3.752653942304E-01  1.000000E-30  1.000000E-30  1.000000E-30  1.000000E-30  1.000000E-30  1.000000E-30  1.000000E-30  1.000000E-30
    457  3.809506426681E-01  1.000000E-30  1.000000E-30  1.000000E-30  1.000000E-30  1.000000E-30  1.000000E-30  1.000000E-30  1.000000E-30
    458  3.865190953769E-01  1.000000E-30  1.000000E-30  1.000000E-30  1.000000E-30  1.000000E-30  1.000000E-30  1.000000E-30  1.000000E-30
    459  3.928522091207E-01  1.000000E-30  1.000000E-30  1.000000E-30  1.000000E-30  1.000000E-30  1.000000E-30  1.000000E-30  1.000000E-30
    460  3.991093841216E-01  1.000000E-30  1.000000E-30  1.000000E-30  1.000000E-30  1.000000E-30  1.000000E-30  1.000000E-30  1.000000E-30
    461  4.054183851758E-01  1.000000E-30  1.000000E-30  1.000000E-30  1.000000E-30  1.000000E-30  1.000000E-30  1.000000E-30  1.000000E-30
    462  4.147392755742E-01  1.000000E-30  1.000000E-30  1.000000E-30  1.000000E-30  1.000000E-30  1.000000E-30  1.000000E-30  1.000000E-30
    463  4.232199499949E-01  1.000000E-30  1.000000E-30  1.000000E-30  1.000000E-30  1.000000E-30  1.000000E-30  1.000000E-30  1.000000E-30
    464  4.316976825025E-01  1.000000E-30  1.000000E-30  1.000000E-30  1.000000E-30  1.000000E-30  1.000000E-30  1.000000E-30  1.000000E-30
    465  4.393401554526E-01  1.000000E-30  1.000000E-30  1.000000E-30  1.000000E-30  1.000000E-30  1.000000E-30  1.000000E-30  1.000000E-30
    466  4.465935084243E-01  1.000000E-30  1.000000E-30  1.000000E-30  1.000000E-30  1.000000E-30  1.000000E-30  1.000000E-30  1.000000E-30
    467  4.537106765818E-01  1.000000E-30  1.000000E-30  1.000000E-30  1.000000E-30  1.000000E-30  1.000000E-30  1.000000E-30  1.000000E-30
    468  4.602314649238E-01  1.000000E-30  1.000000E-30  1.000000E-30  1.000000E-30  1.000000E-30  1.000000E-30  1.000000E-30  1.000000E-30
    469  4.709552966107E-01  1.000000E-30  1.000000E-30  1.000000E-30  1.000000E-30  1.000000E-30  1.000000E-30  1.000000E-30  1.000000E-30
    470  4.769745726746E-01  1.000000E-30  1.000000E-30  1.000000E-30  1.000000E-30  1.000000E-30  1.000000E-30  1.000000E-30  1.000000E-30
    471  4.828178172001E-01  1.000000E-30  1.000000E-30  1.000000E-30  1.000000E-30  1.000000E-30  1.000000E-30  1.000000E-30  1.000000E-30
    472  4.927188450138E-01  1.000000E-30  1.000000E-30  1.000000E-30  1.000000E-30  1.000000E-30  1.000000E-30  1.000000E-30  1.000000E-30
    473  5.000000000000E-01  1.000000E-30  1.000000E-30  1.000000E-30  1.000000E-30  1.000000E-30  1.000000E-30  1.000000E-30  1.000000E-30
