 *                                      
 * expansion:  temp0=  1.000E+10 den0=  3.000E+06 temp_stop=  1.000E+07
 *          time                f22           f23           f24           f25           f26           ne16          ne17          ne18 
      1  0.000000000000E+00  1.147298E-28  2.861415E-30  1.000000E-30  1.000000E-30  1.000000E-30  1.000000E-30  1.000000E-30  3.687799E-28
      2  1.000000000000E-16  1.147298E-28  2.861465E-30  1.000043E-30  1.000039E-30  1.000018E-30  1.000000E-30  1.000000E-30  3.933025E-28
      3  6.264265632874E-16  1.147298E-28  2.861727E-30  1.000271E-30  1.000246E-30  1.000113E-30  1.000000E-30  1.000000E-30  4.698823E-28
      4  2.206990590178E-15  1.147298E-28  2.862514E-30  1.000954E-30  1.000868E-30  1.000399E-30  1.000009E-30  1.000163E-30  5.241151E-28
      5  6.425069294186E-15  1.147299E-28  2.864614E-30  1.002779E-30  1.002527E-30  1.001163E-30  1.000001E-30  1.000261E-30  5.314409E-28
      6  1.724777641531E-14  1.147301E-28  2.870004E-30  1.007462E-30  1.006784E-30  1.003123E-30  1.000430E-30  1.000385E-30  5.551472E-28
      7  4.527785414179E-14  1.147305E-28  2.883963E-30  1.019589E-30  1.017811E-30  1.008199E-30  1.000000E-30  1.000000E-30  6.799046E-28
      8  1.231582592127E-13  1.147354E-28  2.922748E-30  1.053283E-30  1.048448E-30  1.022301E-30  1.028409E-30  1.021237E-30  9.005071E-28
      9  4.001734798240E-13  1.148273E-28  3.060736E-30  1.173083E-30  1.157413E-30  1.072476E-30  1.147026E-30  1.190915E-30  9.612635E-28
     10  1.150918682670E-12  1.152174E-28  3.431688E-30  1.499626E-30  1.453326E-30  1.207847E-30  1.000000E-30  1.000000E-30  7.166317E-28
     11  2.802808442389E-12  1.161396E-28  4.260242E-30  2.231127E-30  2.091055E-30  1.505923E-30  1.000000E-30  1.000000E-30  6.670176E-28
     12  6.912921996243E-12  1.176626E-28  6.544990E-30  3.811105E-30  3.809536E-30  2.313690E-30  1.000000E-30  1.000000E-30  6.662670E-28
     13  1.659368270033E-11  1.194300E-28  6.974592E-30  3.971830E-30  4.283314E-30  2.459779E-30  1.000000E-30  1.000000E-30  6.659127E-28
     14  1.134012897413E-10  1.306749E-28  7.287640E-30  3.981937E-30  4.769329E-30  2.606813E-30  1.000000E-30  1.000000E-30  6.625885E-28
     15  1.081477360150E-09  1.551847E-28  7.427552E-30  3.297344E-30  6.171071E-30  3.103010E-30  1.000000E-30  1.000000E-30  6.302787E-28
     16  1.076223806424E-08  8.358179E-29  1.425707E-30  6.978261E-30  1.019944E-30  3.994890E-30  1.000000E-30  1.000000E-30  3.841144E-28
     17  6.834096797002E-08  4.892871E-30  1.000000E-30  5.753995E-29  1.013145E-30  1.879925E-29  1.000000E-30  1.000000E-30  2.248719E-29
     18  2.542122411654E-07  7.857013E-30  1.000000E-30  1.537397E-28  1.012859E-30  5.193360E-29  1.000000E-30  1.000000E-30  1.000000E-30
     19  7.007518887657E-07  1.607577E-30  1.010908E-30  2.683297E-29  1.011877E-30  3.912047E-29  1.000000E-30  1.000000E-30  1.000000E-30
     20  1.724661805125E-06  1.190341E-30  1.008752E-30  1.053943E-30  1.012140E-30  1.104898E-29  1.000000E-30  1.000000E-30  1.000000E-30
     21  4.267664185819E-06  1.000000E-30  1.000000E-30  1.021830E-30  1.011799E-30  1.003511E-30  1.000000E-30  1.000000E-30  1.000000E-30
     22  1.786211798807E-05  1.000000E-30  1.000000E-30  1.000000E-30  1.010119E-30  1.002012E-30  1.000000E-30  1.000000E-30  1.000000E-30
     23  6.929007850093E-05  1.000000E-30  1.000000E-30  1.000000E-30  1.000000E-30  1.000000E-30  1.000000E-30  1.000000E-30  1.000000E-30
     24  5.835696836295E-04  1.000000E-30  1.000000E-30  1.000000E-30  1.000000E-30  1.000000E-30  1.000000E-30  1.000000E-30  1.000000E-30
     25  1.496090518789E-03  1.000000E-30  1.000000E-30  1.000000E-30  1.000000E-30  1.000000E-30  1.000000E-30  1.000000E-30  1.000000E-30
     26  2.379765156362E-03  1.000000E-30  1.000000E-30  1.000000E-30  1.000000E-30  1.000000E-30  1.000000E-30  1.000000E-30  1.000000E-30
     27  3.772948503579E-03  1.000000E-30  1.000000E-30  1.000000E-30  1.000000E-30  1.000000E-30  1.000000E-30  1.000000E-30  2.555345E-30
     28  4.957278025650E-03  1.000000E-30  1.000000E-30  1.000000E-30  1.000000E-30  1.000000E-30  1.000000E-30  1.000000E-30  1.056317E-29
     29  5.758110286319E-03  1.000000E-30  1.000000E-30  1.000000E-30  8.917360E-29  1.000000E-30  1.000000E-30  1.000000E-30  2.637804E-29
     30  6.636115041812E-03  1.662507E-29  2.293422E-30  1.000000E-30  1.758298E-28  1.000000E-30  1.000000E-30  1.000000E-30  7.053294E-29
     31  7.490864585256E-03  7.972128E-29  6.187831E-30  1.000000E-30  2.341805E-28  1.000000E-30  1.000000E-30  1.000000E-30  1.762589E-28
     32  8.026631019591E-03  1.820643E-28  6.976138E-30  1.000000E-30  1.828522E-28  1.000000E-30  1.000000E-30  1.000000E-30  3.067839E-28
     33  8.451616658664E-03  3.338542E-28  1.012913E-29  1.000000E-30  1.624243E-28  1.000000E-30  1.000000E-30  1.000000E-30  4.706810E-28
     34  9.803471762980E-03  2.184222E-27  5.908880E-29  1.000000E-30  5.680994E-28  1.000000E-30  1.000000E-30  1.000000E-30  1.680857E-27
     35  1.116687552369E-02  1.298736E-26  3.353481E-28  1.000000E-30  6.465157E-28  1.000000E-30  1.000000E-30  1.000000E-30  5.266218E-27
     36  1.219012310682E-02  4.584844E-26  1.274918E-27  1.000000E-30  5.861145E-28  1.000000E-30  1.000000E-30  1.000000E-30  1.121055E-26
     37  1.314647137106E-02  1.401394E-25  4.238815E-27  1.000000E-30  5.775102E-28  1.000000E-30  1.000000E-30  1.000000E-30  2.096310E-26
     38  1.431720408173E-02  5.121368E-25  1.771007E-26  1.000000E-30  7.442057E-28  1.000000E-30  1.000000E-30  1.000000E-30  4.078162E-26
     39  1.545287753035E-02  1.686772E-24  6.720138E-26  1.000000E-30  7.544221E-28  1.000000E-30  1.000000E-30  1.000000E-30  6.986138E-26
     40  1.716820108076E-02  9.348682E-24  4.638023E-25  6.787402E-29  1.174622E-27  1.000000E-30  1.000000E-30  1.000000E-30  1.315327E-25
     41  1.871872199221E-02  3.992108E-23  2.461525E-24  4.524260E-28  1.132421E-27  1.000000E-30  1.000000E-30  1.000000E-30  1.968524E-25
     42  2.131412024987E-02  4.414409E-22  3.906750E-23  9.195799E-27  1.945857E-27  1.000000E-30  1.000000E-30  1.000000E-30  2.822535E-25
     43  2.288535686070E-02  1.702514E-21  1.851845E-22  4.338662E-26  1.360695E-27  1.000000E-30  1.000000E-30  1.000000E-30  2.990413E-25
     44  2.437102778700E-02  6.500511E-21  8.397595E-22  2.019516E-25  2.511838E-27  1.000000E-30  1.000000E-30  1.000000E-30  2.884081E-25
     45  2.666254430666E-02  4.931828E-20  8.368692E-21  2.142584E-24  2.224603E-26  1.000000E-30  1.000000E-30  1.000000E-30  2.379514E-25
     46  2.807329513827E-02  1.593953E-19  3.129657E-20  8.364649E-24  9.895262E-26  1.000000E-30  1.000000E-30  1.000000E-30  1.984823E-25
     47  2.946719119355E-02  4.997921E-19  1.102859E-19  3.080289E-23  3.889093E-25  1.000000E-30  1.000000E-30  1.000000E-30  1.596222E-25
     48  2.982466835475E-02  6.691817E-19  1.520419E-19  4.299718E-23  5.514270E-25  1.000000E-30  1.000000E-30  1.000000E-30  1.499869E-25
     49  3.017238950627E-02  8.728617E-19  2.036916E-19  5.830923E-23  7.554077E-25  1.676597E-29  1.000000E-30  1.000000E-30  1.408429E-25
     50  3.052509122072E-02  1.129567E-18  2.704542E-19  7.837068E-23  1.021574E-24  3.468549E-29  1.000000E-30  1.000000E-30  1.318215E-25
     51  3.066477686677E-02  1.247071E-18  3.015638E-19  8.781256E-23  1.146324E-24  4.977118E-29  1.000000E-30  1.000000E-30  1.283271E-25
     52  3.080037159611E-02  1.371785E-18  3.349022E-19  9.798526E-23  1.280358E-24  5.691290E-29  1.000000E-30  1.000000E-30  1.249753E-25
     53  3.111325257314E-02  1.699215E-18  4.239081E-19  1.254064E-22  1.639338E-24  7.410348E-29  1.000000E-30  1.000000E-30  1.174144E-25
     54  3.147800645819E-02  2.153397E-18  5.505701E-19  1.650196E-22  2.151542E-24  9.849048E-29  1.000000E-30  1.000000E-30  1.089441E-25
     55  3.181357346897E-02  2.645694E-18  6.915684E-19  2.098227E-22  2.722078E-24  1.275499E-28  1.000000E-30  1.000000E-30  1.015105E-25
     56  3.217197145871E-02  3.256842E-18  8.713962E-19  2.679004E-22  3.449118E-24  1.613738E-28  1.000000E-30  1.000000E-30  9.397828E-26
     57  3.249951277145E-02  3.899296E-18  1.065598E-18  3.316483E-22  4.233023E-24  1.977835E-28  1.000000E-30  1.000000E-30  8.747740E-26
     58  3.262595809504E-02  4.170664E-18  1.149093E-18  3.593498E-22  4.569635E-24  2.133732E-28  1.000000E-30  1.000000E-30  8.506658E-26
     59  3.272641576722E-02  4.399121E-18  1.219940E-18  3.829653E-22  4.854902E-24  2.266066E-28  1.000000E-30  1.000000E-30  8.318255E-26
     60  3.304841700500E-02  5.195679E-18  1.471244E-18  4.675997E-22  5.865477E-24  2.734981E-28  1.000000E-30  1.000000E-30  7.737620E-26
     61  3.362823507679E-02  6.907199E-18  2.031593E-18  6.605337E-22  8.114340E-24  3.776438E-28  1.000000E-30  1.000000E-30  6.780747E-26
     62  3.417743618412E-02  8.923166E-18  2.722887E-18  9.050892E-22  1.088801E-23  5.058668E-28  1.000000E-30  1.000000E-30  5.975722E-26
     63  3.448472684867E-02  1.025515E-17  3.195773E-18  1.075750E-21  1.278873E-23  5.936389E-28  1.000000E-30  1.000000E-30  5.565966E-26
     64  3.459225947862E-02  1.076425E-17  3.379466E-18  1.142659E-21  1.352755E-23  6.277260E-28  1.000000E-30  1.000000E-30  5.428770E-26
     65  3.468161085917E-02  1.120724E-17  3.540493E-18  1.201559E-21  1.417539E-23  6.576207E-28  1.000000E-30  1.000000E-30  5.316948E-26
     66  3.501586344154E-02  1.301744E-17  4.210383E-18  1.449079E-21  1.687589E-23  7.821830E-28  1.000000E-30  1.000000E-30  4.918307E-26
     67  3.563385967804E-02  1.710946E-17  5.787614E-18  2.045262E-21  2.327759E-23  1.077150E-27  1.000000E-30  1.000000E-30  4.258924E-26
     68  3.619390900501E-02  2.186678E-17  7.715964E-18  2.794468E-21  3.119831E-23  1.441718E-27  1.000000E-30  1.000000E-30  3.741644E-26
     69  3.661379630041E-02  2.627743E-17  9.580303E-18  3.535272E-21  3.895065E-23  1.798249E-27  1.000000E-30  1.000000E-30  3.398681E-26
     70  3.704099468238E-02  3.169829E-17  1.195875E-17  4.499152E-21  4.896034E-23  2.258227E-27  1.000000E-30  1.000000E-30  3.085342E-26
     71  3.731378163516E-02  3.570683E-17  1.377535E-17  5.247805E-21  5.670166E-23  2.613792E-27  1.000000E-30  1.000000E-30  2.903599E-26
     72  3.757630769329E-02  4.000951E-17  1.577642E-17  6.083529E-21  6.532330E-23  3.009659E-27  1.000000E-30  1.000000E-30  2.741448E-26
     73  3.788075418501E-02  4.558800E-17  1.844600E-17  7.214710E-21  7.697391E-23  3.544420E-27  1.000000E-30  1.000000E-30  2.568228E-26
     74  3.819794660071E-02  5.211705E-17  2.167355E-17  8.604717E-21  9.128016E-23  4.200843E-27  1.000000E-30  1.000000E-30  2.403608E-26
     75  3.838080203158E-02  5.623016E-17  2.376190E-17  9.516051E-21  1.006611E-22  4.631151E-27  1.000000E-30  1.000000E-30  2.315564E-26
     76  3.859219912978E-02  6.135964E-17  2.642049E-17  1.068806E-20  1.127142E-22  5.183818E-27  1.000000E-30  1.000000E-30  2.219184E-26
     77  3.884096228080E-02  6.786214E-17  2.988127E-17  1.223342E-20  1.286239E-22  5.913140E-27  1.000000E-30  1.000000E-30  2.113402E-26
     78  3.907668434759E-02  7.448880E-17  3.351138E-17  1.387691E-20  1.455760E-22  6.690051E-27  1.000000E-30  1.000000E-30  2.020255E-26
     79  3.934936577490E-02  8.270885E-17  3.815893E-17  1.601267E-20  1.676701E-22  7.702394E-27  1.000000E-30  1.000000E-30  1.920406E-26
     80  3.961640452516E-02  9.131224E-17  4.319599E-17  1.836531E-20  1.921075E-22  8.821862E-27  1.000000E-30  1.000000E-30  1.830104E-26
     81  3.991996766101E-02  1.017049E-16  4.952156E-17  2.137276E-20  2.235190E-22  1.026055E-26  1.000000E-30  1.000000E-30  1.735530E-26
     82  4.019473378510E-02  1.115994E-16  5.579884E-17  2.441332E-20  2.554901E-22  1.172464E-26  1.000000E-30  1.000000E-30  1.656568E-26
     83  4.046928694587E-02  1.218896E-16  6.260155E-17  2.776872E-20  2.909913E-22  1.334999E-26  1.000000E-30  1.000000E-30  1.583211E-26
     84  4.074955599116E-02  1.326479E-16  7.004414E-17  3.151194E-20  3.308898E-22  1.517620E-26  1.000000E-30  1.000000E-30  1.513548E-26
     85  4.099011663524E-02  1.419099E-16  7.676230E-17  3.495796E-20  3.679515E-22  1.687232E-26  1.000000E-30  1.000000E-30  1.457598E-26
     86  4.118445936105E-02  1.492949E-16  8.235880E-17  3.787957E-20  3.996435E-22  1.832268E-26  1.000000E-30  1.000000E-30  1.414746E-26
     87  4.137235583218E-02  1.562577E-16  8.786509E-17  4.080208E-20  4.316116E-22  1.978564E-26  1.000000E-30  1.000000E-30  1.375141E-26
     88  4.152714488067E-02  1.617980E-16  9.243566E-17  4.326669E-20  4.587928E-22  2.102954E-26  1.000000E-30  1.000000E-30  1.343754E-26
     89  4.165981986900E-02  1.663633E-16  9.635235E-17  4.540884E-20  4.825952E-22  2.211885E-26  1.000000E-30  1.000000E-30  1.317671E-26
     90  4.188596337322E-02  1.736530E-16  1.029604E-16  4.909262E-20  5.239659E-22  2.401253E-26  1.000000E-30  1.000000E-30  1.274795E-26
     91  4.208159634323E-02  1.793644E-16  1.085434E-16  5.228223E-20  5.602528E-22  2.567327E-26  1.000000E-30  1.000000E-30  1.239136E-26
     92  4.230932596557E-02  1.852021E-16  1.147941E-16  5.595214E-20  6.025632E-22  2.760965E-26  1.000000E-30  1.000000E-30  1.199056E-26
     93  4.251598135750E-02  1.896366E-16  1.201465E-16  5.919708E-20  6.405307E-22  2.934703E-26  1.000000E-30  1.000000E-30  1.163792E-26
     94  4.274368410830E-02  1.934553E-16  1.255790E-16  6.261728E-20  6.813085E-22  3.121319E-26  1.000000E-30  1.000000E-30  1.125937E-26
     95  4.294191711445E-02  1.957816E-16  1.298213E-16  6.541227E-20  7.153524E-22  3.277168E-26  1.000000E-30  1.000000E-30  1.093641E-26
     96  4.316569238790E-02  1.972557E-16  1.339933E-16  6.831762E-20  7.516660E-22  3.443430E-26  1.000000E-30  1.000000E-30  1.057765E-26
     97  4.339365876136E-02  1.974344E-16  1.374691E-16  7.094273E-20  7.856500E-22  3.599039E-26  1.000000E-30  1.000000E-30  1.021699E-26
     98  4.362382833621E-02  1.962046E-16  1.400786E-16  7.318096E-20  8.159849E-22  3.738064E-26  1.000000E-30  1.000000E-30  9.856514E-27
     99  4.384703699487E-02  1.936248E-16  1.416491E-16  7.488964E-20  8.407826E-22  3.851826E-26  1.000000E-30  1.000000E-30  9.509836E-27
    100  4.408801045744E-02  1.892740E-16  1.421727E-16  7.614437E-20  8.614175E-22  3.946637E-26  1.000000E-30  1.000000E-30  9.138470E-27
    101  4.430336182063E-02  1.839488E-16  1.414848E-16  7.666007E-20  8.732012E-22  4.000934E-26  1.000000E-30  1.000000E-30  8.809071E-27
    102  4.453208602613E-02  1.768491E-16  1.394987E-16  7.652372E-20  8.781023E-22  4.023769E-26  1.000000E-30  1.000000E-30  8.462392E-27
    103  4.474836808964E-02  1.687554E-16  1.363357E-16  7.567082E-20  8.745972E-22  4.008343E-26  1.000000E-30  1.000000E-30  8.138016E-27
    104  4.497736119052E-02  1.587913E-16  1.315856E-16  7.394991E-20  8.614418E-22  3.948671E-26  1.000000E-30  1.000000E-30  7.798981E-27
    105  4.517199675598E-02  1.492815E-16  1.264140E-16  7.180218E-20  8.422041E-22  3.860954E-26  1.000000E-30  1.000000E-30  7.515049E-27
    106  4.536038532241E-02  1.392851E-16  1.204584E-16  6.912859E-20  8.165201E-22  3.743875E-26  1.000000E-30  1.000000E-30  7.244599E-27
    107  4.552484255766E-02  1.300362E-16  1.145555E-16  6.633722E-20  7.885329E-22  3.616260E-26  1.000000E-30  1.000000E-30  7.012476E-27
    108  4.581275722245E-02  1.130715E-16  1.029086E-16  6.054533E-20  7.281892E-22  3.340661E-26  1.000000E-30  1.000000E-30  6.616421E-27
    109  4.603616864208E-02  9.965728E-17  9.304085E-17  5.542041E-20  6.730796E-22  3.088773E-26  1.000000E-30  1.000000E-30  6.319156E-27
    110  4.624194314299E-02  8.740304E-17  8.355567E-17  5.034238E-20  6.170818E-22  2.832616E-26  1.000000E-30  1.000000E-30  6.053715E-27
    111  4.641297951594E-02  7.758653E-17  7.565568E-17  4.601882E-20  5.685974E-22  2.610683E-26  1.000000E-30  1.000000E-30  5.839765E-27
    112  4.656990459822E-02  6.901099E-17  6.853502E-17  4.205436E-20  5.235434E-22  2.404378E-26  1.000000E-30  1.000000E-30  5.648982E-27
    113  4.671253119976E-02  6.165473E-17  6.225974E-17  3.850981E-20  4.827905E-22  2.217703E-26  1.000000E-30  1.000000E-30  5.480225E-27
    114  4.684580987606E-02  5.520592E-17  5.662659E-17  3.528818E-20  4.453632E-22  2.046210E-26  1.000000E-30  1.000000E-30  5.326542E-27
    115  4.697520204195E-02  4.936721E-17  5.141443E-17  3.227379E-20  4.100020E-22  1.884139E-26  1.000000E-30  1.000000E-30  5.181039E-27
    116  4.709649788536E-02  4.428598E-17  4.678646E-17  2.956980E-20  3.779908E-22  1.737383E-26  1.000000E-30  1.000000E-30  5.047922E-27
    117  4.721637454993E-02  3.964203E-17  4.247654E-17  2.702781E-20  3.476339E-22  1.598175E-26  1.000000E-30  1.000000E-30  4.919447E-27
    118  4.732862910872E-02  3.563230E-17  3.868879E-17  2.477408E-20  3.204937E-22  1.473689E-26  1.000000E-30  1.000000E-30  4.801880E-27
    119  4.750539400184E-02  2.996567E-17  3.322049E-17  2.148617E-20  2.804917E-22  1.290155E-26  1.000000E-30  1.000000E-30  4.622017E-27
    120  4.767210524850E-02  2.531462E-17  2.861834E-17  1.868519E-20  2.459871E-22  1.131788E-26  1.000000E-30  1.000000E-30  4.458140E-27
    121  4.783406579930E-02  2.139425E-17  2.464714E-17  1.624088E-20  2.155158E-22  9.918874E-27  1.000000E-30  1.000000E-30  4.304124E-27
    122  4.799263518131E-02  1.807640E-17  2.120958E-17  1.410222E-20  1.885370E-22  8.679927E-27  1.000000E-30  1.000000E-30  4.158120E-27
    123  4.815339657435E-02  1.517735E-17  1.813755E-17  1.217050E-20  1.638425E-22  7.545261E-27  1.000000E-30  1.000000E-30  4.014678E-27
    124  4.832264594384E-02  1.259095E-17  1.533443E-17  1.038931E-20  1.407901E-22  6.485688E-27  1.000000E-30  1.000000E-30  3.868625E-27
    125  4.849826454798E-02  1.034864E-17  1.284704E-17  8.791679E-21  1.198411E-22  5.522475E-27  1.000000E-30  1.000000E-30  3.722280E-27
    126  4.867786870736E-02  8.455399E-18  1.069647E-17  7.395367E-21  1.012760E-22  4.668580E-27  1.000000E-30  1.000000E-30  3.577908E-27
    127  4.885872256535E-02  6.895708E-18  8.882021E-18  6.204584E-21  8.520992E-23  3.929376E-27  1.000000E-30  1.000000E-30  3.437752E-27
    128  4.903755607841E-02  5.640717E-18  7.387202E-18  5.213262E-21  7.162788E-23  3.304247E-27  1.000000E-30  1.000000E-30  3.304132E-27
    129  4.921259737621E-02  4.643125E-18  6.171337E-18  4.398836E-21  6.028856E-23  2.782161E-27  1.000000E-30  1.000000E-30  3.177964E-27
    130  4.938368810460E-02  3.851486E-18  5.184764E-18  3.731729E-21  5.084160E-23  2.347054E-27  1.000000E-30  1.000000E-30  3.058907E-27
    131  4.955132280349E-02  3.221816E-18  4.382958E-18  3.184741E-21  4.295409E-23  1.983647E-27  1.000000E-30  1.000000E-30  2.946205E-27
    132  4.971624312404E-02  2.719241E-18  3.729494E-18  2.735277E-21  3.634396E-23  1.678990E-27  1.000000E-30  1.000000E-30  2.839016E-27
    133  4.987811857735E-02  2.319366E-18  3.198967E-18  2.367634E-21  3.081815E-23  1.424219E-27  1.000000E-30  1.000000E-30  2.737247E-27
    134  5.003799836445E-02  1.998417E-18  2.764598E-18  2.064548E-21  2.614494E-23  1.208691E-27  1.000000E-30  1.000000E-30  2.639874E-27
    135  5.019682549602E-02  1.741260E-18  2.409957E-18  1.815711E-21  2.219792E-23  1.026559E-27  1.000000E-30  1.000000E-30  2.546220E-27
    136  5.035511419132E-02  1.535630E-18  2.121227E-18  1.612268E-21  1.886247E-23  8.725921E-28  1.000000E-30  1.000000E-30  2.455850E-27
    137  5.051299755300E-02  1.372076E-18  1.887637E-18  1.447291E-21  1.604782E-23  7.426197E-28  1.000000E-30  1.000000E-30  2.368567E-27
    138  5.067010535678E-02  1.243249E-18  1.700737E-18  1.315321E-21  1.368332E-23  6.333946E-28  1.000000E-30  1.000000E-30  2.284457E-27
    139  5.082726902819E-02  1.142216E-18  1.552119E-18  1.210804E-21  1.169132E-23  5.413433E-28  1.000000E-30  1.000000E-30  2.202968E-27
    140  5.098506829486E-02  1.063772E-18  1.435432E-18  1.129546E-21  1.001262E-23  4.637408E-28  1.000000E-30  1.000000E-30  2.123733E-27
    141  5.114361869269E-02  1.003965E-18  1.345840E-18  1.068359E-21  8.602635E-24  3.985354E-28  1.000000E-30  1.000000E-30  2.046643E-27
    142  5.130328078870E-02  9.594770E-19  1.279194E-18  1.024497E-21  7.421242E-24  3.438802E-28  1.000000E-30  1.000000E-30  1.971484E-27
    143  5.146205644840E-02  9.280168E-19  1.232671E-18  9.960450E-22  6.447913E-24  2.988328E-28  1.000000E-30  1.000000E-30  1.899119E-27
    144  5.162089365231E-02  9.069413E-19  1.202749E-18  9.806176E-22  5.644622E-24  2.616404E-28  1.000000E-30  1.000000E-30  1.829018E-27
    145  5.177902725711E-02  8.943811E-19  1.186920E-18  9.764693E-22  4.988257E-24  2.312386E-28  1.000000E-30  1.000000E-30  1.761428E-27
    146  5.193558292952E-02  8.886601E-19  1.182807E-18  9.818906E-22  4.454874E-24  2.065249E-28  1.000000E-30  1.000000E-30  1.696532E-27
    147  5.207655208218E-02  8.882546E-19  1.187629E-18  9.940002E-22  4.060982E-24  1.882622E-28  1.000000E-30  1.000000E-30  1.639811E-27
    148  5.220437120847E-02  8.911241E-19  1.198086E-18  1.010281E-21  3.765144E-24  1.745413E-28  1.000000E-30  1.000000E-30  1.589747E-27
    149  5.240275279905E-02  9.005637E-19  1.224186E-18  1.044443E-21  3.403512E-24  1.577670E-28  1.000000E-30  1.000000E-30  1.514530E-27
    150  5.258707116153E-02  9.136696E-19  1.257616E-18  1.084801E-21  3.155641E-24  1.462630E-28  1.000000E-30  1.000000E-30  1.447266E-27
    151  5.276353482958E-02  9.292707E-19  1.296646E-18  1.130358E-21  2.982760E-24  1.382384E-28  1.000000E-30  1.000000E-30  1.385136E-27
    152  5.293536770993E-02  9.467114E-19  1.340340E-18  1.180611E-21  2.863730E-24  1.327145E-28  1.000000E-30  1.000000E-30  1.326688E-27
    153  5.310288915571E-02  9.653844E-19  1.387652E-18  1.234744E-21  2.785860E-24  1.291033E-28  1.000000E-30  1.000000E-30  1.271586E-27
    154  5.325369291828E-02  9.832997E-19  1.433760E-18  1.287521E-21  2.742114E-24  1.270791E-28  1.000000E-30  1.000000E-30  1.223524E-27
    155  5.339308966526E-02  1.000585E-18  1.479045E-18  1.339525E-21  2.719943E-24  1.260592E-28  1.000000E-30  1.000000E-30  1.180354E-27
    156  5.362726198018E-02  1.030781E-18  1.560241E-18  1.433454E-21  2.714006E-24  1.258119E-28  1.000000E-30  1.000000E-30  1.110471E-27
    157  5.383816121000E-02  1.058763E-18  1.638245E-18  1.524761E-21  2.733516E-24  1.267493E-28  1.000000E-30  1.000000E-30  1.050228E-27
    158  5.403768730975E-02  1.085589E-18  1.715778E-18  1.616706E-21  2.767278E-24  1.283520E-28  1.000000E-30  1.000000E-30  9.955162E-28
    159  5.422986619970E-02  1.111459E-18  1.793463E-18  1.710121E-21  2.810179E-24  1.303849E-28  1.000000E-30  1.000000E-30  9.448988E-28
    160  5.440569294967E-02  1.134985E-18  1.866849E-18  1.799618E-21  2.855649E-24  1.325399E-28  1.000000E-30  1.000000E-30  9.003550E-28
    161  5.456994612052E-02  1.156705E-18  1.937207E-18  1.886607E-21  2.901791E-24  1.347282E-28  1.000000E-30  1.000000E-30  8.602419E-28
    162  5.485681963417E-02  1.193829E-18  2.063877E-18  2.046226E-21  2.987435E-24  1.388001E-28  1.000000E-30  1.000000E-30  7.936317E-28
    163  5.511708850657E-02  1.226282E-18  2.182549E-18  2.199394E-21  3.067733E-24  1.426226E-28  1.000000E-30  1.000000E-30  7.369190E-28
    164  5.536560227933E-02  1.256098E-18  2.299007E-18  2.353163E-21  3.144874E-24  1.463034E-28  1.000000E-30  1.000000E-30  6.860248E-28
    165  5.559867087093E-02  1.283039E-18  2.411059E-18  2.504302E-21  3.216817E-24  1.497443E-28  1.000000E-30  1.000000E-30  6.411286E-28
    166  5.582344501454E-02  1.308106E-18  2.521840E-18  2.656805E-21  3.284245E-24  1.529786E-28  1.000000E-30  1.000000E-30  6.002984E-28
    167  5.608267729631E-02  1.335982E-18  2.653093E-18  2.841360E-21  3.360336E-24  1.566339E-28  1.000000E-30  1.000000E-30  5.561490E-28
    168  5.632179590432E-02  1.360802E-18  2.777708E-18  3.020347E-21  3.429506E-24  1.599638E-28  1.000000E-30  1.000000E-30  5.181004E-28
    169  5.658568452696E-02  1.387280E-18  2.919442E-18  3.228289E-21  3.504919E-24  1.636037E-28  1.000000E-30  1.000000E-30  4.789137E-28
    170  5.682194908758E-02  1.410225E-18  3.050283E-18  3.424275E-21  3.571754E-24  1.668369E-28  1.000000E-30  1.000000E-30  4.461708E-28
    171  5.707748662895E-02  1.434248E-18  3.196138E-18  3.647243E-21  3.643398E-24  1.703121E-28  1.000000E-30  1.000000E-30  4.130788E-28
    172  5.730159219632E-02  1.454636E-18  3.327847E-18  3.852614E-21  3.705678E-24  1.733402E-28  1.000000E-30  1.000000E-30  3.859156E-28
    173  5.769211250520E-02  1.488566E-18  3.565908E-18  4.233521E-21  3.811689E-24  1.785205E-28  1.000000E-30  1.000000E-30  3.423836E-28
    174  5.804755660481E-02  1.517485E-18  3.791869E-18  4.606763E-21  3.903344E-24  1.830144E-28  1.000000E-30  1.000000E-30  3.065927E-28
    175  5.837706807704E-02  1.542522E-18  4.009128E-18  4.976347E-21  3.985877E-24  1.870797E-28  1.000000E-30  1.000000E-30  2.764174E-28
    176  5.868213309337E-02  1.564086E-18  4.216793E-18  5.339484E-21  4.060079E-24  1.907520E-28  1.000000E-30  1.000000E-30  2.508520E-28
    177  5.897372529375E-02  1.583147E-18  4.420954E-18  5.706033E-21  4.128886E-24  1.941740E-28  1.000000E-30  1.000000E-30  2.283880E-28
    178  5.927019313219E-02  1.600892E-18  4.633991E-18  6.098757E-21  4.196542E-24  1.975567E-28  1.000000E-30  1.000000E-30  2.073841E-28
    179  5.955970264735E-02  1.616527E-18  4.847043E-18  6.502234E-21  4.259469E-24  2.007283E-28  1.000000E-30  1.000000E-30  1.885245E-28
    180  5.987296131417E-02  1.631402E-18  5.082639E-18  6.961410E-21  4.321178E-24  2.038624E-28  1.000000E-30  1.000000E-30  1.698071E-28
    181  6.018239261751E-02  1.644028E-18  5.320349E-18  7.438597E-21  4.378353E-24  2.067881E-28  1.000000E-30  1.000000E-30  1.529462E-28
    182  6.051941164510E-02  1.655384E-18  5.584464E-18  7.985603E-21  4.436388E-24  2.097870E-28  1.000000E-30  1.000000E-30  1.362826E-28
    183  6.081686890997E-02  1.663292E-18  5.821697E-18  8.492452E-21  4.483939E-24  2.122707E-28  1.000000E-30  1.000000E-30  1.229358E-28
    184  6.107970107709E-02  1.668607E-18  6.034210E-18  8.959361E-21  4.523053E-24  2.143363E-28  1.000000E-30  1.000000E-30  1.121251E-28
    185  6.149099227918E-02  1.673663E-18  6.371267E-18  9.726109E-21  4.577625E-24  2.172789E-28  1.000000E-30  1.000000E-30  9.689913E-29
    186  6.184187848266E-02  1.674680E-18  6.661946E-18  1.041496E-20  4.613844E-24  2.193040E-28  1.000000E-30  1.000000E-30  8.538315E-29
    187  6.212841772032E-02  1.673359E-18  6.901157E-18  1.100157E-20  4.638880E-24  2.207452E-28  1.000000E-30  1.000000E-30  7.690904E-29
    188  6.241083345826E-02  1.670197E-18  7.138158E-18  1.160111E-20  4.659792E-24  2.219936E-28  1.000000E-30  1.000000E-30  6.930877E-29
    189  6.286334795077E-02  1.661351E-18  7.519503E-18  1.260619E-20  4.685840E-24  2.236526E-28  1.000000E-30  1.000000E-30  5.854404E-29
    190  6.324448148531E-02  1.650398E-18  7.841251E-18  1.349540E-20  4.700812E-24  2.247292E-28  1.000000E-30  1.000000E-30  5.068832E-29
    191  6.354755735680E-02  1.639238E-18  8.095741E-18  1.422897E-20  4.704991E-24  2.252404E-28  1.000000E-30  1.000000E-30  4.513525E-29
    192  6.382753282149E-02  1.627129E-18  8.329495E-18  1.492754E-20  4.703017E-24  2.254202E-28  1.000000E-30  1.000000E-30  4.050582E-29
    193  6.429792763326E-02  1.603253E-18  8.719073E-18  1.614732E-20  4.691480E-24  2.253326E-28  1.000000E-30  1.000000E-30  3.370610E-29
    194  6.470641913937E-02  1.579187E-18  9.053265E-18  1.725350E-20  4.673964E-24  2.249016E-28  1.000000E-30  1.000000E-30  2.868147E-29
    195  6.514351188605E-02  1.550293E-18  9.405485E-18  1.848532E-20  4.648208E-24  2.241090E-28  1.000000E-30  1.000000E-30  2.408941E-29
    196  6.551961572666E-02  1.522693E-18  9.701194E-18  1.958151E-20  4.616305E-24  2.229860E-28  1.000000E-30  1.000000E-30  2.069566E-29
    197  6.614173306661E-02  1.472472E-18  1.017536E-17  2.147009E-20  4.546959E-24  2.202838E-28  1.000000E-30  1.000000E-30  1.605455E-29
    198  6.666431851744E-02  1.426820E-18  1.055954E-17  2.313172E-20  4.479383E-24  2.175513E-28  1.000000E-30  1.000000E-30  1.294391E-29
    199  6.714973898932E-02  1.382163E-18  1.090420E-17  2.473771E-20  4.410620E-24  2.147164E-28  1.000000E-30  1.000000E-30  1.058271E-29
    200  6.763365269933E-02  1.335243E-18  1.123002E-17  2.638845E-20  4.329099E-24  2.112908E-28  1.000000E-30  1.000000E-30  8.642043E-30
    201  6.810748363549E-02  1.288057E-18  1.153591E-17  2.806158E-20  4.242686E-24  2.075632E-28  1.000000E-30  1.000000E-30  7.081255E-30
    202  6.886988901479E-02  1.210819E-18  1.200321E-17  3.088116E-20  4.097838E-24  2.012378E-28  1.000000E-30  1.000000E-30  5.135336E-30
    203  6.932442343830E-02  1.164228E-18  1.226472E-17  3.263436E-20  4.006849E-24  1.972472E-28  1.000000E-30  1.000000E-30  4.237947E-30
    204  6.977291475786E-02  1.118149E-18  1.250987E-17  3.441773E-20  3.910221E-24  1.929526E-28  1.000000E-30  1.000000E-30  3.505668E-30
    205  7.051837306122E-02  1.042963E-18  1.290078E-17  3.753316E-20  3.749559E-24  1.857140E-28  1.000000E-30  1.000000E-30  2.560718E-30
    206  7.120724846930E-02  9.757349E-19  1.324758E-17  4.060224E-20  3.603747E-24  1.791096E-28  1.000000E-30  1.000000E-30  1.919123E-30
    207  7.185571854523E-02  9.147479E-19  1.356298E-17  4.367519E-20  3.461829E-24  1.726380E-28  1.000000E-30  1.000000E-30  1.465329E-30
    208  7.250556240022E-02  8.572886E-19  1.388816E-17  4.700850E-20  3.326554E-24  1.663819E-28  1.000000E-30  1.000000E-30  1.121950E-30
    209  7.308358088908E-02  8.095627E-19  1.419389E-17  5.023660E-20  3.214561E-24  1.611751E-28  1.000000E-30  1.000000E-30  1.000000E-30
    210  7.365083251161E-02  7.657689E-19  1.451314E-17  5.368497E-20  3.106340E-24  1.561459E-28  1.000000E-30  1.000000E-30  1.000000E-30
    211  7.420607479025E-02  7.267471E-19  1.486763E-17  5.743701E-20  3.009059E-24  1.515565E-28  1.000000E-30  1.000000E-30  1.000000E-30
    212  7.477269193766E-02  6.912018E-19  1.529102E-17  6.176250E-20  2.922466E-24  1.474177E-28  1.000000E-30  1.000000E-30  1.000000E-30
    213  7.532671922740E-02  6.603495E-19  1.577408E-17  6.656978E-20  2.847687E-24  1.438361E-28  1.000000E-30  1.000000E-30  1.000000E-30
    214  7.590819975934E-02  6.328743E-19  1.639032E-17  7.244467E-20  2.780391E-24  1.405657E-28  1.000000E-30  1.000000E-30  1.000000E-30
    215  7.648106882397E-02  6.112184E-19  1.714569E-17  7.932974E-20  2.731308E-24  1.380892E-28  1.000000E-30  1.000000E-30  1.000000E-30
    216  7.706864365518E-02  5.946581E-19  1.811079E-17  8.784092E-20  2.700295E-24  1.364192E-28  1.000000E-30  1.000000E-30  1.000000E-30
    217  7.765097184480E-02  5.842147E-19  1.930959E-17  9.815734E-20  2.686392E-24  1.355381E-28  1.000000E-30  1.000000E-30  1.000000E-30
    218  7.824188421090E-02  5.804106E-19  2.085097E-17  1.111756E-19  2.694845E-24  1.356372E-28  1.000000E-30  1.000000E-30  1.000000E-30
    219  7.883216312169E-02  5.838046E-19  2.280135E-17  1.275320E-19  2.729681E-24  1.369034E-28  1.000000E-30  1.000000E-30  1.000000E-30
    220  7.934760137230E-02  5.928881E-19  2.491745E-17  1.453365E-19  2.780061E-24  1.389120E-28  1.000000E-30  1.000000E-30  1.000000E-30
    221  7.991019390762E-02  6.101148E-19  2.778626E-17  1.696658E-19  2.858926E-24  1.421564E-28  1.000000E-30  1.000000E-30  1.000000E-30
    222  8.044081450283E-02  6.340131E-19  3.115674E-17  1.986498E-19  2.959784E-24  1.463671E-28  1.000000E-30  1.000000E-30  1.000000E-30
    223  8.103419684334E-02  6.704658E-19  3.588749E-17  2.401720E-19  3.104960E-24  1.524831E-28  1.000000E-30  1.000000E-30  1.000000E-30
    224  8.158988408622E-02  7.155816E-19  4.150800E-17  2.906703E-19  3.272601E-24  1.595775E-28  1.000000E-30  1.000000E-30  1.000000E-30
    225  8.219791245697E-02  7.795048E-19  4.938887E-17  3.634181E-19  3.497958E-24  1.691129E-28  1.000000E-30  1.000000E-30  1.000000E-30
    226  8.273529679330E-02  8.510704E-19  5.831644E-17  4.482979E-19  3.739417E-24  1.793129E-28  1.000000E-30  1.000000E-30  1.000000E-30
    227  8.327310875316E-02  9.394912E-19  6.964338E-17  5.593363E-19  4.022707E-24  1.912603E-28  1.000000E-30  1.000000E-30  1.000000E-30
    228  8.381967664174E-02  1.049074E-18  8.425683E-17  7.074747E-19  4.358395E-24  2.053779E-28  1.000000E-30  1.000000E-30  1.000000E-30
    229  8.442137901789E-02  1.195420E-18  1.048943E-16  9.249830E-19  4.790106E-24  2.234711E-28  1.000000E-30  1.000000E-30  1.000000E-30
    230  8.496109010092E-02  1.352058E-18  1.284761E-16  1.184019E-18  5.234003E-24  2.420114E-28  1.000000E-30  1.000000E-30  1.000000E-30
    231  8.556251684447E-02  1.556676E-18  1.616889E-16  1.565430E-18  5.790245E-24  2.651523E-28  1.000000E-30  1.000000E-30  1.000000E-30
    232  8.609514523980E-02  1.765288E-18  1.984395E-16  2.007225E-18  6.337276E-24  2.878035E-28  1.000000E-30  1.000000E-30  1.000000E-30
    233  8.668730402486E-02  2.028110E-18  2.490038E-16  2.644646E-18  7.002186E-24  3.151856E-28  1.000000E-30  1.000000E-30  1.000000E-30
    234  8.725638446658E-02  2.310618E-18  3.088630E-16  3.438940E-18  7.686742E-24  3.431819E-28  1.000000E-30  1.000000E-30  1.000000E-30
    235  8.784892152766E-02  2.632763E-18  3.846233E-16  4.498930E-18  8.438158E-24  3.736486E-28  1.000000E-30  1.000000E-30  1.000000E-30
    236  8.837914431516E-02  2.941545E-18  4.654330E-16  5.690328E-18  9.135650E-24  4.016431E-28  1.000000E-30  1.000000E-30  1.000000E-30
    237  8.927467123273E-02  3.493065E-18  6.329434E-16  8.344068E-18  1.032801E-23  4.486650E-28  1.000000E-30  1.000000E-30  1.000000E-30
    238  9.009385267910E-02  4.004878E-18  8.220391E-16  1.161648E-17  1.139308E-23  4.894455E-28  1.000000E-30  1.000000E-30  1.000000E-30
    239  9.088007009323E-02  4.475900E-18  1.036285E-15  1.566019E-17  1.235075E-23  5.246340E-28  1.000000E-30  1.000000E-30  1.000000E-30
    240  9.160938796651E-02  4.871832E-18  1.261980E-15  2.030378E-17  1.314857E-23  5.522382E-28  1.000000E-30  1.000000E-30  1.000000E-30
    241  9.231864750676E-02  5.203967E-18  1.504324E-15  2.572154E-17  1.382660E-23  5.737670E-28  1.000000E-30  1.000000E-30  1.000000E-30
    242  9.335415502949E-02  5.581018E-18  1.895262E-15  3.540638E-17  1.461834E-23  5.946631E-28  1.000000E-30  1.000000E-30  1.000000E-30
    243  9.429165011748E-02  5.813354E-18  2.285584E-15  4.619551E-17  1.513824E-23  6.031698E-28  1.000000E-30  1.000000E-30  1.000000E-30
    244  9.514750284226E-02  5.950189E-18  2.675458E-15  5.799816E-17  1.546341E-23  6.030727E-28  1.000000E-30  1.000000E-30  1.000000E-30
    245  9.592869681963E-02  6.027815E-18  3.064462E-15  7.066166E-17  1.565586E-23  5.975168E-28  1.000000E-30  1.000000E-30  1.000000E-30
    246  9.638259128200E-02  6.057528E-18  3.307829E-15  7.897075E-17  1.572943E-23  5.922990E-28  1.000000E-30  1.000000E-30  1.000000E-30
    247  9.686466198075E-02  6.079711E-18  3.582123E-15  8.865599E-17  1.578028E-23  5.853550E-28  1.000000E-30  1.000000E-30  1.000000E-30
    248  9.745016881397E-02  6.096415E-18  3.939584E-15  1.017267E-16  1.581031E-23  5.753153E-28  1.000000E-30  1.000000E-30  1.000000E-30
    249  9.798964068785E-02  6.103942E-18  4.295209E-15  1.151676E-16  1.581279E-23  5.648217E-28  1.000000E-30  1.000000E-30  1.000000E-30
    250  9.892639389759E-02  6.103286E-18  4.980252E-15  1.421169E-16  1.576924E-23  5.443377E-28  1.000000E-30  1.000000E-30  1.000000E-30
    251  9.977784733458E-02  6.090704E-18  5.686870E-15  1.711043E-16  1.568990E-23  5.239948E-28  1.000000E-30  1.000000E-30  1.000000E-30
    252  1.005622893962E-01  6.069815E-18  6.417560E-15  2.021033E-16  1.559235E-23  5.043512E-28  1.000000E-30  1.000000E-30  1.000000E-30
    253  1.013070552067E-01  6.041821E-18  7.188779E-15  2.357559E-16  1.548308E-23  4.852240E-28  1.000000E-30  1.000000E-30  1.000000E-30
    254  1.019791947326E-01  6.009286E-18  7.954709E-15  2.699498E-16  1.537457E-23  4.678156E-28  1.000000E-30  1.000000E-30  1.000000E-30
    255  1.025982572428E-01  5.972185E-18  8.722761E-15  3.048826E-16  1.526780E-23  4.517612E-28  1.000000E-30  1.000000E-30  1.000000E-30
    256  1.032644197032E-01  5.925212E-18  9.619943E-15  3.463575E-16  1.514742E-23  4.345831E-28  1.000000E-30  1.000000E-30  1.000000E-30
    257  1.039121745974E-01  5.871423E-18  1.056691E-14  3.907223E-16  1.502653E-23  4.180829E-28  1.000000E-30  1.000000E-30  1.000000E-30
    258  1.045193471709E-01  5.813736E-18  1.152484E-14  4.360718E-16  1.491040E-23  4.028407E-28  1.000000E-30  1.000000E-30  1.000000E-30
    259  1.051181778144E-01  5.750030E-18  1.253969E-14  4.844686E-16  1.479396E-23  3.880726E-28  1.000000E-30  1.000000E-30  1.000000E-30
    260  1.056826419982E-01  5.684527E-18  1.356323E-14  5.334929E-16  1.468317E-23  3.744358E-28  1.000000E-30  1.000000E-30  1.000000E-30
    261  1.062431336111E-01  5.613410E-18  1.464697E-14  5.855021E-16  1.457238E-23  3.611816E-28  1.000000E-30  1.000000E-30  1.000000E-30
    262  1.068146627648E-01  5.535787E-18  1.582430E-14  6.419851E-16  1.445892E-23  3.479790E-28  1.000000E-30  1.000000E-30  1.000000E-30
    263  1.073656177930E-01  5.456180E-18  1.703136E-14  6.997389E-16  1.434944E-23  3.355719E-28  1.000000E-30  1.000000E-30  1.000000E-30
    264  1.079139362418E-01  5.372304E-18  1.830599E-14  7.604321E-16  1.424060E-23  3.235468E-28  1.000000E-30  1.000000E-30  1.000000E-30
    265  1.084202130578E-01  5.290757E-18  1.954989E-14  8.193053E-16  1.414026E-23  3.127302E-28  1.000000E-30  1.000000E-30  1.000000E-30
    266  1.089957947327E-01  5.193750E-18  2.104459E-14  8.894914E-16  1.402658E-23  3.007763E-28  1.000000E-30  1.000000E-30  1.000000E-30
    267  1.095139929398E-01  5.102519E-18  2.246553E-14  9.555784E-16  1.392474E-23  2.903328E-28  1.000000E-30  1.000000E-30  1.000000E-30
    268  1.100036617482E-01  5.012718E-18  2.387523E-14  1.020491E-15  1.382898E-23  2.807394E-28  1.000000E-30  1.000000E-30  1.000000E-30
    269  1.105581599754E-01  4.907271E-18  2.555143E-14  1.096796E-15  1.372117E-23  2.701979E-28  1.000000E-30  1.000000E-30  1.000000E-30
    270  1.111738162549E-01  4.785870E-18  2.751447E-14  1.184850E-15  1.360237E-23  2.588956E-28  1.000000E-30  1.000000E-30  1.000000E-30
    271  1.117276452796E-01  4.673092E-18  2.937570E-14  1.266915E-15  1.349638E-23  2.490870E-28  1.000000E-30  1.000000E-30  1.000000E-30
    272  1.122547306619E-01  4.563359E-18  3.123459E-14  1.347400E-15  1.339629E-23  2.400613E-28  1.000000E-30  1.000000E-30  1.000000E-30
    273  1.128196390807E-01  4.444038E-18  3.332682E-14  1.436099E-15  1.328991E-23  2.307195E-28  1.000000E-30  1.000000E-30  1.000000E-30
    274  1.134172103791E-01  4.316421E-18  3.565971E-14  1.532505E-15  1.317844E-23  2.212056E-28  1.000000E-30  1.000000E-30  1.000000E-30
    275  1.139661173569E-01  4.198677E-18  3.791788E-14  1.623255E-15  1.307701E-23  2.127918E-28  1.000000E-30  1.000000E-30  1.000000E-30
    276  1.145721141816E-01  4.068627E-18  4.054560E-14  1.725715E-15  1.296610E-23  2.038564E-28  1.000000E-30  1.000000E-30  1.000000E-30
    277  1.151138636995E-01  3.952712E-18  4.302050E-14  1.819180E-15  1.286792E-23  1.961757E-28  1.000000E-30  1.000000E-30  1.000000E-30
    278  1.160623872824E-01  3.751108E-18  4.765842E-14  1.986668E-15  1.269822E-23  1.834026E-28  1.000000E-30  1.000000E-30  1.000000E-30
    279  1.166131253687E-01  3.635462E-18  5.053868E-14  2.085929E-15  1.260096E-23  1.763668E-28  1.000000E-30  1.000000E-30  1.000000E-30
    280  1.171578902390E-01  3.522338E-18  5.353101E-14  2.185402E-15  1.250566E-23  1.696727E-28  1.000000E-30  1.000000E-30  1.000000E-30
    281  1.179966344325E-01  3.350898E-18  5.843379E-14  2.340771E-15  1.236067E-23  1.598631E-28  1.000000E-30  1.000000E-30  1.000000E-30
    282  1.184626561866E-01  3.257372E-18  6.131986E-14  2.428115E-15  1.228101E-23  1.546637E-28  1.000000E-30  1.000000E-30  1.000000E-30
    283  1.189221956404E-01  3.166483E-18  6.428464E-14  2.514862E-15  1.220307E-23  1.497061E-28  1.000000E-30  1.000000E-30  1.000000E-30
    284  1.197605220964E-01  3.004183E-18  7.001468E-14  2.674479E-15  1.206243E-23  1.410796E-28  1.000000E-30  1.000000E-30  1.000000E-30
    285  1.205341475296E-01  2.858900E-18  7.569046E-14  2.823061E-15  1.193437E-23  1.335765E-28  1.000000E-30  1.000000E-30  1.000000E-30
    286  1.212540834288E-01  2.727788E-18  8.132857E-14  2.962179E-15  1.181666E-23  1.269693E-28  1.000000E-30  1.000000E-30  1.000000E-30
    287  1.219299358624E-01  2.608417E-18  8.695418E-14  3.093336E-15  1.170740E-23  1.210801E-28  1.000000E-30  1.000000E-30  1.000000E-30
    288  1.225766858039E-01  2.497724E-18  9.265379E-14  3.219200E-15  1.160395E-23  1.157159E-28  1.000000E-30  1.000000E-30  1.000000E-30
    289  1.231854533608E-01  2.396706E-18  9.831613E-14  3.337874E-15  1.150754E-23  1.108990E-28  1.000000E-30  1.000000E-30  1.000000E-30
    290  1.237219182154E-01  2.310261E-18  1.035574E-13  3.442539E-15  1.142335E-23  1.068333E-28  1.000000E-30  1.000000E-30  1.000000E-30
    291  1.242404039059E-01  2.229051E-18  1.088545E-13  3.543714E-15  1.134265E-23  1.030574E-28  1.000000E-30  1.000000E-30  1.000000E-30
    292  1.248086455930E-01  2.142687E-18  1.149312E-13  3.654557E-15  1.125495E-23  9.908622E-29  1.000000E-30  1.000000E-30  1.000000E-30
    293  1.253177247642E-01  2.067602E-18  1.206268E-13  3.753780E-15  1.117703E-23  9.567167E-29  1.000000E-30  1.000000E-30  1.000000E-30
    294  1.258810647447E-01  1.987060E-18  1.272162E-13  3.863443E-15  1.109153E-23  9.204510E-29  1.000000E-30  1.000000E-30  1.000000E-30
    295  1.264205598797E-01  1.912419E-18  1.338176E-13  3.968292E-15  1.101033E-23  8.871636E-29  1.000000E-30  1.000000E-30  1.000000E-30
    296  1.270317883483E-01  1.830727E-18  1.416529E-13  4.086832E-15  1.091914E-23  8.510923E-29  1.000000E-30  1.000000E-30  1.000000E-30
    297  1.275757308169E-01  1.760553E-18  1.489560E-13  4.192070E-15  1.083871E-23  8.204053E-29  1.000000E-30  1.000000E-30  1.000000E-30
    298  1.286048671531E-01  1.634206E-18  1.636524E-13  4.390433E-15  1.068835E-23  7.658184E-29  1.000000E-30  1.000000E-30  1.000000E-30
    299  1.290949488661E-01  1.576896E-18  1.710690E-13  4.484522E-15  1.061757E-23  7.413518E-29  1.000000E-30  1.000000E-30  1.000000E-30
    300  1.295345101683E-01  1.527038E-18  1.779580E-13  4.568694E-15  1.055454E-23  7.202121E-29  1.000000E-30  1.000000E-30  1.000000E-30
    301  1.303954523490E-01  1.433550E-18  1.921120E-13  4.732941E-15  1.043230E-23  6.809319E-29  1.000000E-30  1.000000E-30  1.000000E-30
    302  1.308549873199E-01  1.385858E-18  2.000330E-13  4.820268E-15  1.036772E-23  6.610770E-29  1.000000E-30  1.000000E-30  1.000000E-30
    303  1.312776310019E-01  1.343329E-18  2.075490E-13  4.900375E-15  1.030871E-23  6.434757E-29  1.000000E-30  1.000000E-30  1.000000E-30
    304  1.320787884157E-01  1.266202E-18  2.224135E-13  5.051679E-15  1.019791E-23  6.117905E-29  1.000000E-30  1.000000E-30  1.000000E-30
    305  1.327308179063E-01  1.206751E-18  2.351194E-13  5.174310E-15  1.010874E-23  5.875700E-29  1.000000E-30  1.000000E-30  1.000000E-30
    306  1.333821207310E-01  1.150265E-18  2.483718E-13  5.296380E-15  1.002056E-23  5.647287E-29  1.000000E-30  1.000000E-30  1.000000E-30
    307  1.339749669338E-01  1.101319E-18  2.609294E-13  5.407156E-15  9.941072E-24  5.450744E-29  1.000000E-30  1.000000E-30  1.000000E-30
    308  1.345530840576E-01  1.055782E-18  2.736342E-13  5.514903E-15  9.864261E-24  5.269205E-29  1.000000E-30  1.000000E-30  1.000000E-30
    309  1.351098094661E-01  1.013899E-18  2.863032E-13  5.618441E-15  9.790947E-24  5.103577E-29  1.000000E-30  1.000000E-30  1.000000E-30
    310  1.359304916944E-01  9.555489E-19  3.057577E-13  5.770744E-15  9.684040E-24  4.875377E-29  1.000000E-30  1.000000E-30  1.000000E-30
    311  1.363572082699E-01  9.267421E-19  3.162385E-13  5.849816E-15  9.628999E-24  4.764031E-29  1.000000E-30  1.000000E-30  1.000000E-30
    312  1.367788244083E-01  8.992671E-19  3.268394E-13  5.927886E-15  9.574980E-24  4.658810E-29  1.000000E-30  1.000000E-30  1.000000E-30
    313  1.375777712339E-01  8.498037E-19  3.475916E-13  6.075741E-15  9.473605E-24  4.472182E-29  1.000000E-30  1.000000E-30  1.000000E-30
    314  1.380438267916E-01  8.224646E-19  3.600925E-13  6.161982E-15  9.415062E-24  4.370838E-29  1.000000E-30  1.000000E-30  1.000000E-30
    315  1.384690951451E-01  7.984547E-19  3.717499E-13  6.240699E-15  9.362022E-24  4.283082E-29  1.000000E-30  1.000000E-30  1.000000E-30
    316  1.391087445178E-01  7.639681E-19  3.897294E-13  6.359196E-15  9.282918E-24  4.159388E-29  1.000000E-30  1.000000E-30  1.000000E-30
    317  1.397002518981E-01  7.337548E-19  4.068213E-13  6.468942E-15  9.210484E-24  4.053657E-29  1.000000E-30  1.000000E-30  1.000000E-30
    318  1.402705851668E-01  7.060879E-19  4.237137E-13  6.574981E-15  9.141285E-24  3.959367E-29  1.000000E-30  1.000000E-30  1.000000E-30
    319  1.408634912375E-01  6.787924E-19  4.416945E-13  6.685522E-15  9.070011E-24  3.869111E-29  1.000000E-30  1.000000E-30  1.000000E-30
    320  1.414089642241E-01  6.549498E-19  4.586039E-13  6.787565E-15  9.005029E-24  3.792880E-29  1.000000E-30  1.000000E-30  1.000000E-30
    321  1.419220762512E-01  6.335894E-19  4.748204E-13  6.883918E-15  8.944411E-24  3.726964E-29  1.000000E-30  1.000000E-30  1.000000E-30
    322  1.422771704232E-01  6.193936E-19  4.862140E-13  6.950836E-15  8.902746E-24  3.684562E-29  1.000000E-30  1.000000E-30  1.000000E-30
    323  1.426029315631E-01  6.067816E-19  4.967874E-13  7.012420E-15  8.864728E-24  3.647937E-29  1.000000E-30  1.000000E-30  1.000000E-30
    324  1.430135230101E-01  5.914312E-19  5.102749E-13  7.090329E-15  8.817086E-24  3.604821E-29  1.000000E-30  1.000000E-30  1.000000E-30
    325  1.434683796643E-01  5.751158E-19  5.254193E-13  7.177054E-15  8.764663E-24  3.560952E-29  1.000000E-30  1.000000E-30  1.000000E-30
    326  1.440315208021E-01  5.558856E-19  5.444536E-13  7.285102E-15  8.700273E-24  3.512193E-29  1.000000E-30  1.000000E-30  1.000000E-30
    327  1.445490332405E-01  5.391265E-19  5.622142E-13  7.385137E-15  8.641595E-24  3.472711E-29  1.000000E-30  1.000000E-30  1.000000E-30
    328  1.451370980342E-01  5.211004E-19  5.826952E-13  7.499780E-15  8.575488E-24  3.433932E-29  1.000000E-30  1.000000E-30  1.000000E-30
    329  1.457052374241E-01  5.046677E-19  6.027696E-13  7.611632E-15  8.512192E-24  3.402530E-29  1.000000E-30  1.000000E-30  1.000000E-30
    330  1.463107957421E-01  4.881672E-19  6.244618E-13  7.732174E-15  8.445339E-24  3.375574E-29  1.000000E-30  1.000000E-30  1.000000E-30
    331  1.468752132891E-01  4.736892E-19  6.449429E-13  7.845894E-15  8.383595E-24  3.356511E-29  1.000000E-30  1.000000E-30  1.000000E-30
    332  1.475510939381E-01  4.574359E-19  6.697827E-13  7.984002E-15  8.310372E-24  3.341438E-29  1.000000E-30  1.000000E-30  1.000000E-30
    333  1.481899111058E-01  4.431030E-19  6.935565E-13  8.116684E-15  8.241881E-24  3.335103E-29  1.000000E-30  1.000000E-30  1.000000E-30
    334  1.491767377555E-01  4.228082E-19  7.308134E-13  8.326301E-15  8.137449E-24  3.341047E-29  1.000000E-30  1.000000E-30  1.000000E-30
    335  1.497116139607E-01  4.126854E-19  7.512582E-13  8.442554E-15  8.081545E-24  3.352637E-29  1.000000E-30  1.000000E-30  1.000000E-30
    336  1.502421520731E-01  4.032193E-19  7.717023E-13  8.559893E-15  8.026585E-24  3.370299E-29  1.000000E-30  1.000000E-30  1.000000E-30
    337  1.509052103900E-01  3.921537E-19  7.974742E-13  8.709640E-15  7.958591E-24  3.401530E-29  1.000000E-30  1.000000E-30  1.000000E-30
    338  1.515352476696E-01  3.823813E-19  8.221781E-13  8.855403E-15  7.894705E-24  3.441284E-29  1.000000E-30  1.000000E-30  1.000000E-30
    339  1.521327102765E-01  3.737439E-19  8.457901E-13  8.997047E-15  7.834782E-24  3.488785E-29  1.000000E-30  1.000000E-30  1.000000E-30
    340  1.526678407657E-01  3.665009E-19  8.670876E-13  9.126980E-15  7.781666E-24  3.540100E-29  1.000000E-30  1.000000E-30  1.000000E-30
    341  1.532481602429E-01  3.591430E-19  8.903361E-13  9.271420E-15  7.724667E-24  3.605870E-29  1.000000E-30  1.000000E-30  1.000000E-30
    342  1.535863948111E-01  3.550810E-19  9.039571E-13  9.357413E-15  7.691739E-24  3.649405E-29  1.000000E-30  1.000000E-30  1.000000E-30
    343  1.538995751697E-01  3.514634E-19  9.166154E-13  9.438291E-15  7.661446E-24  3.693351E-29  1.000000E-30  1.000000E-30  1.000000E-30
    344  1.546020187628E-01  3.438288E-19  9.451674E-13  9.624356E-15  7.594195E-24  3.805546E-29  1.000000E-30  1.000000E-30  1.000000E-30
    345  1.552062305672E-01  3.377626E-19  9.698996E-13  9.789924E-15  7.537133E-24  3.918412E-29  1.000000E-30  1.000000E-30  1.000000E-30
    346  1.557875935888E-01  3.323344E-19  9.938449E-13  9.954449E-15  7.482930E-24  4.042739E-29  1.000000E-30  1.000000E-30  1.000000E-30
    347  1.566447447202E-01  3.250139E-19  1.029417E-12  1.020721E-14  7.404305E-24  4.257423E-29  1.000000E-30  1.000000E-30  1.000000E-30
    348  1.574294426159E-01  3.189682E-19  1.062260E-12  1.045027E-14  7.333713E-24  4.490708E-29  1.000000E-30  1.000000E-30  1.000000E-30
    349  1.581710514975E-01  3.137824E-19  1.093546E-12  1.069126E-14  7.268256E-24  4.747667E-29  1.000000E-30  1.000000E-30  1.000000E-30
    350  1.588328903187E-01  3.095532E-19  1.121672E-12  1.091644E-14  7.210903E-24  5.010426E-29  1.000000E-30  1.000000E-30  1.000000E-30
    351  1.594606073659E-01  3.058618E-19  1.148528E-12  1.113953E-14  7.157457E-24  5.291804E-29  1.000000E-30  1.000000E-30  1.000000E-30
    352  1.600565792087E-01  3.026253E-19  1.174191E-12  1.136059E-14  7.107591E-24  5.590808E-29  1.000000E-30  1.000000E-30  1.000000E-30
    353  1.607059625219E-01  2.993743E-19  1.202340E-12  1.161248E-14  7.054249E-24  5.955091E-29  1.000000E-30  1.000000E-30  1.000000E-30
    354  1.613957576202E-01  2.962106E-19  1.232455E-12  1.189356E-14  6.998739E-24  6.389652E-29  1.000000E-30  1.000000E-30  1.000000E-30
    355  1.620398820205E-01  2.935049E-19  1.260779E-12  1.216959E-14  6.947988E-24  6.843315E-29  1.000000E-30  1.000000E-30  1.000000E-30
    356  1.627691861850E-01  2.907066E-19  1.293087E-12  1.249918E-14  6.891801E-24  7.417079E-29  1.000000E-30  1.000000E-30  1.000000E-30
    357  1.634667099868E-01  2.882701E-19  1.324223E-12  1.283262E-14  6.839329E-24  8.029694E-29  1.000000E-30  1.000000E-30  1.000000E-30
    358  1.645369737572E-01  2.849410E-19  1.372450E-12  1.338217E-14  6.761218E-24  9.100393E-29  1.000000E-30  1.000000E-30  1.000000E-30
    359  1.651200899964E-01  2.833141E-19  1.398949E-12  1.370249E-14  6.719862E-24  9.753918E-29  1.000000E-30  1.000000E-30  1.000000E-30
    360  1.656939516385E-01  2.818291E-19  1.425179E-12  1.403327E-14  6.679968E-24  1.044736E-28  1.000000E-30  1.000000E-30  1.000000E-30
    361  1.664404283242E-01  2.800555E-19  1.459517E-12  1.448812E-14  6.629230E-24  1.142571E-28  1.000000E-30  1.000000E-30  1.000000E-30
    362  1.671401020014E-01  2.785403E-19  1.491911E-12  1.494130E-14  6.582802E-24  1.242165E-28  1.000000E-30  1.000000E-30  1.000000E-30
    363  1.682228463170E-01  2.764452E-19  1.542411E-12  1.569811E-14  6.512947E-24  1.411267E-28  1.000000E-30  1.000000E-30  1.000000E-30
    364  1.688914277275E-01  2.752864E-19  1.573792E-12  1.620163E-14  6.470905E-24  1.524498E-28  1.000000E-30  1.000000E-30  1.000000E-30
    365  1.695862681704E-01  2.741793E-19  1.606540E-12  1.675636E-14  6.427991E-24  1.648930E-28  1.000000E-30  1.000000E-30  1.000000E-30
    366  1.708796298676E-01  2.723521E-19  1.667778E-12  1.788076E-14  6.349894E-24  1.897225E-28  1.000000E-30  1.000000E-30  1.000000E-30
    367  1.720689125062E-01  2.709037E-19  1.724264E-12  1.902912E-14  6.279636E-24  2.141642E-28  1.000000E-30  1.000000E-30  1.000000E-30
    368  1.730357271347E-01  2.698661E-19  1.770180E-12  2.005044E-14  6.223244E-24  2.348879E-28  1.000000E-30  1.000000E-30  1.000000E-30
    369  1.739185931198E-01  2.690147E-19  1.812011E-12  2.105672E-14  6.172072E-24  2.542627E-28  1.000000E-30  1.000000E-30  1.000000E-30
    370  1.748109107026E-01  2.682369E-19  1.854096E-12  2.214930E-14  6.120471E-24  2.740773E-28  1.000000E-30  1.000000E-30  1.000000E-30
    371  1.757092013639E-01  2.675293E-19  1.896171E-12  2.332993E-14  6.068475E-24  2.940596E-28  1.000000E-30  1.000000E-30  1.000000E-30
    372  1.765567714958E-01  2.669240E-19  1.935511E-12  2.452170E-14  6.019242E-24  3.127695E-28  1.000000E-30  1.000000E-30  1.000000E-30
    373  1.775373762473E-01  2.662917E-19  1.980471E-12  2.599899E-14  5.961945E-24  3.340331E-28  1.000000E-30  1.000000E-30  1.000000E-30
    374  1.784803688374E-01  2.657456E-19  2.023030E-12  2.752344E-14  5.906409E-24  3.539056E-28  1.000000E-30  1.000000E-30  1.000000E-30
    375  1.795112536071E-01  2.652109E-19  2.068655E-12  2.931103E-14  5.845131E-24  3.747851E-28  1.000000E-30  1.000000E-30  1.000000E-30
    376  1.804824008025E-01  2.647607E-19  2.110651E-12  3.111494E-14  5.786830E-24  3.934958E-28  1.000000E-30  1.000000E-30  1.000000E-30
    377  1.815169070317E-01  2.643323E-19  2.154207E-12  3.316875E-14  5.724105E-24  4.122692E-28  1.000000E-30  1.000000E-30  1.000000E-30
    378  1.825428215499E-01  2.639541E-19  2.196081E-12  3.534439E-14  5.661294E-24  4.296154E-28  1.000000E-30  1.000000E-30  1.000000E-30
    379  1.841355644659E-01  2.634479E-19  2.258253E-12  3.900559E-14  5.562705E-24  4.539116E-28  1.000000E-30  1.000000E-30  1.000000E-30
    380  1.856860183354E-01  2.630360E-19  2.315215E-12  4.291311E-14  5.465700E-24  4.744535E-28  1.000000E-30  1.000000E-30  1.000000E-30
    381  1.870847965371E-01  2.627219E-19  2.363441E-12  4.674074E-14  5.377552E-24  4.904242E-28  1.000000E-30  1.000000E-30  1.000000E-30
    382  1.883699545972E-01  2.624741E-19  2.405035E-12  5.051919E-14  5.296228E-24  5.030468E-28  1.000000E-30  1.000000E-30  1.000000E-30
    383  1.895671856375E-01  2.622730E-19  2.441415E-12  5.427106E-14  5.220324E-24  5.131081E-28  1.000000E-30  1.000000E-30  1.000000E-30
    384  1.907324824205E-01  2.621008E-19  2.474627E-12  5.814254E-14  5.146428E-24  5.213778E-28  1.000000E-30  1.000000E-30  1.000000E-30
    385  1.917913284253E-01  2.619617E-19  2.502926E-12  6.185082E-14  5.079350E-24  5.275987E-28  1.000000E-30  1.000000E-30  1.000000E-30
    386  1.928179034582E-01  2.618404E-19  2.528660E-12  6.561957E-14  5.014443E-24  5.324349E-28  1.000000E-30  1.000000E-30  1.000000E-30
    387  1.939781308337E-01  2.617170E-19  2.555738E-12  7.008232E-14  4.941303E-24  5.364272E-28  1.000000E-30  1.000000E-30  1.000000E-30
    388  1.950365569225E-01  2.616154E-19  2.578587E-12  7.433539E-14  4.874833E-24  5.386044E-28  1.000000E-30  1.000000E-30  1.000000E-30
    389  1.963061656501E-01  2.615050E-19  2.603680E-12  7.965137E-14  4.795487E-24  5.392033E-28  1.000000E-30  1.000000E-30  1.000000E-30
    390  1.975160386553E-01  2.614096E-19  2.625250E-12  8.490960E-14  4.720326E-24  5.374914E-28  1.000000E-30  1.000000E-30  1.000000E-30
    391  1.988970783448E-01  2.613103E-19  2.647102E-12  9.109374E-14  4.635145E-24  5.324813E-28  1.000000E-30  1.000000E-30  1.000000E-30
    392  2.001908516564E-01  2.612249E-19  2.664929E-12  9.700008E-14  4.556013E-24  5.245188E-28  1.000000E-30  1.000000E-30  1.000000E-30
    393  2.023233395230E-01  2.610965E-19  2.688898E-12  1.067587E-13  4.427186E-24  5.039268E-28  1.000000E-30  1.000000E-30  1.000000E-30
    394  2.035207364909E-01  2.610296E-19  2.699550E-12  1.121179E-13  4.355836E-24  4.882504E-28  1.000000E-30  1.000000E-30  1.000000E-30
    395  2.047171141817E-01  2.609658E-19  2.708324E-12  1.172848E-13  4.285332E-24  4.698246E-28  1.000000E-30  1.000000E-30  1.000000E-30
    396  2.061861175315E-01  2.608907E-19  2.716766E-12  1.232573E-13  4.199924E-24  4.439387E-28  1.000000E-30  1.000000E-30  1.000000E-30
    397  2.075162532616E-01  2.608251E-19  2.722452E-12  1.282105E-13  4.123771E-24  4.181017E-28  1.000000E-30  1.000000E-30  1.000000E-30
    398  2.088103947538E-01  2.607632E-19  2.726459E-12  1.325425E-13  4.050815E-24  3.915601E-28  1.000000E-30  1.000000E-30  1.000000E-30
    399  2.102374295066E-01  2.606964E-19  2.729440E-12  1.367132E-13  3.971714E-24  3.616092E-28  1.000000E-30  1.000000E-30  1.000000E-30
    400  2.116254943500E-01  2.606328E-19  2.731188E-12  1.401436E-13  3.896158E-24  3.326399E-28  1.000000E-30  1.000000E-30  1.000000E-30
    401  2.137594200207E-01  2.605369E-19  2.732260E-12  1.442560E-13  3.782692E-24  2.899680E-28  1.000000E-30  1.000000E-30  1.000000E-30
    402  2.149968302441E-01  2.604821E-19  2.732252E-12  1.460528E-13  3.718384E-24  2.668192E-28  1.000000E-30  1.000000E-30  1.000000E-30
    403  2.163578604848E-01  2.604222E-19  2.731881E-12  1.475954E-13  3.648901E-24  2.429764E-28  1.000000E-30  1.000000E-30  1.000000E-30
    404  2.188327022992E-01  2.603144E-19  2.730585E-12  1.494449E-13  3.525847E-24  2.042023E-28  1.000000E-30  1.000000E-30  1.000000E-30
    405  2.210861741802E-01  2.602171E-19  2.729013E-12  1.503258E-13  3.417407E-24  1.739040E-28  1.000000E-30  1.000000E-30  1.000000E-30
    406  2.231360986547E-01  2.601289E-19  2.727424E-12  1.506717E-13  3.321659E-24  1.501237E-28  1.000000E-30  1.000000E-30  1.000000E-30
    407  2.249661932162E-01  2.600504E-19  2.725941E-12  1.507299E-13  3.238447E-24  1.316033E-28  1.000000E-30  1.000000E-30  1.000000E-30
    408  2.266023391923E-01  2.599804E-19  2.724589E-12  1.506434E-13  3.165820E-24  1.169689E-28  1.000000E-30  1.000000E-30  1.000000E-30
    409  2.291569547831E-01  2.598713E-19  2.722452E-12  1.503342E-13  3.055667E-24  9.728805E-29  1.000000E-30  1.000000E-30  1.000000E-30
    410  2.305971902523E-01  2.598099E-19  2.721241E-12  1.500964E-13  2.995263E-24  8.768570E-29  1.000000E-30  1.000000E-30  1.000000E-30
    411  2.319348711247E-01  2.597528E-19  2.720114E-12  1.498472E-13  2.940230E-24  7.961652E-29  1.000000E-30  1.000000E-30  1.000000E-30
    412  2.335360820165E-01  2.596846E-19  2.718763E-12  1.495221E-13  2.875683E-24  7.092687E-29  1.000000E-30  1.000000E-30  1.000000E-30
    413  2.351317971316E-01  2.596167E-19  2.717417E-12  1.491767E-13  2.812768E-24  6.320994E-29  1.000000E-30  1.000000E-30  1.000000E-30
    414  2.376293164755E-01  2.595104E-19  2.715310E-12  1.486059E-13  2.717048E-24  5.278151E-29  1.000000E-30  1.000000E-30  1.000000E-30
    415  2.399259738388E-01  2.594127E-19  2.713372E-12  1.480597E-13  2.631904E-24  4.471685E-29  1.000000E-30  1.000000E-30  1.000000E-30
    416  2.420046682363E-01  2.593243E-19  2.711620E-12  1.475541E-13  2.557143E-24  3.848509E-29  1.000000E-30  1.000000E-30  1.000000E-30
    417  2.451201276448E-01  2.591920E-19  2.708996E-12  1.467846E-13  2.449053E-24  3.073286E-29  1.000000E-30  1.000000E-30  1.000000E-30
    418  2.467564269033E-01  2.591225E-19  2.707618E-12  1.463773E-13  2.394124E-24  2.730825E-29  1.000000E-30  1.000000E-30  1.000000E-30
    419  2.483354027874E-01  2.590554E-19  2.706290E-12  1.459831E-13  2.342288E-24  2.436588E-29  1.000000E-30  1.000000E-30  1.000000E-30
    420  2.499258654919E-01  2.589879E-19  2.704952E-12  1.455856E-13  2.291209E-24  2.172250E-29  1.000000E-30  1.000000E-30  1.000000E-30
    421  2.515152656983E-01  2.589205E-19  2.703616E-12  1.451883E-13  2.241277E-24  1.936737E-29  1.000000E-30  1.000000E-30  1.000000E-30
    422  2.542060864984E-01  2.588063E-19  2.701356E-12  1.445162E-13  2.159212E-24  1.594755E-29  1.000000E-30  1.000000E-30  1.000000E-30
    423  2.556901221114E-01  2.587434E-19  2.700110E-12  1.441462E-13  2.115244E-24  1.432712E-29  1.000000E-30  1.000000E-30  1.000000E-30
    424  2.570805114381E-01  2.586845E-19  2.698943E-12  1.438002E-13  2.074863E-24  1.295866E-29  1.000000E-30  1.000000E-30  1.000000E-30
    425  2.598984391343E-01  2.585650E-19  2.696580E-12  1.431007E-13  1.995372E-24  1.057298E-29  1.000000E-30  1.000000E-30  1.000000E-30
    426  2.622653138568E-01  2.584648E-19  2.694597E-12  1.425154E-13  1.930963E-24  8.912071E-30  1.000000E-30  1.000000E-30  1.000000E-30
    427  2.644885215151E-01  2.583706E-19  2.692736E-12  1.419677E-13  1.872358E-24  7.590404E-30  1.000000E-30  1.000000E-30  1.000000E-30
    428  2.667229470066E-01  2.582761E-19  2.690866E-12  1.414192E-13  1.815249E-24  6.459507E-30  1.000000E-30  1.000000E-30  1.000000E-30
    429  2.687894382327E-01  2.581886E-19  2.689139E-12  1.409138E-13  1.763984E-24  5.564162E-30  1.000000E-30  1.000000E-30  1.000000E-30
    430  2.709436570286E-01  2.580975E-19  2.687339E-12  1.403888E-13  1.712084E-24  4.762657E-30  1.000000E-30  1.000000E-30  1.000000E-30
    431  2.728595154549E-01  2.580165E-19  2.685739E-12  1.399235E-13  1.667210E-24  4.147374E-30  1.000000E-30  1.000000E-30  1.000000E-30
    432  2.763050324764E-01  2.578708E-19  2.682864E-12  1.390906E-13  1.589448E-24  3.233934E-30  1.000000E-30  1.000000E-30  1.000000E-30
    433  2.797281875476E-01  2.577262E-19  2.680011E-12  1.382679E-13  1.515783E-24  2.525749E-30  1.000000E-30  1.000000E-30  1.000000E-30
    434  2.831107064370E-01  2.575834E-19  2.677195E-12  1.374599E-13  1.446346E-24  1.978443E-30  1.000000E-30  1.000000E-30  1.000000E-30
    435  2.863632962154E-01  2.574462E-19  2.674489E-12  1.366873E-13  1.382578E-24  1.564340E-30  1.000000E-30  1.000000E-30  1.000000E-30
    436  2.894106333807E-01  2.573176E-19  2.671957E-12  1.359674E-13  1.325387E-24  1.255379E-30  1.000000E-30  1.000000E-30  1.000000E-30
    437  2.941185503109E-01  2.571192E-19  2.668050E-12  1.348626E-13  1.241647E-24  1.000021E-30  1.000000E-30  1.000000E-30  1.000000E-30
    438  2.983685787405E-01  2.569402E-19  2.664528E-12  1.338731E-13  1.170606E-24  1.000000E-30  1.000000E-30  1.000000E-30  1.000000E-30
    439  3.021949729112E-01  2.567792E-19  2.661361E-12  1.329883E-13  1.110129E-24  1.000000E-30  1.000000E-30  1.000000E-30  1.000000E-30
    440  3.059150641439E-01  2.566227E-19  2.658285E-12  1.321338E-13  1.054329E-24  1.000000E-30  1.000000E-30  1.000000E-30  1.000000E-30
    441  3.094680949786E-01  2.564733E-19  2.655351E-12  1.313228E-13  1.003656E-24  1.000000E-30  1.000000E-30  1.000000E-30  1.000000E-30
    442  3.127856926026E-01  2.563339E-19  2.652614E-12  1.305700E-13  9.585415E-25  1.000000E-30  1.000000E-30  1.000000E-30  1.000000E-30
    443  3.178598433803E-01  2.561209E-19  2.648434E-12  1.294269E-13  8.934320E-25  1.000000E-30  1.000000E-30  1.000000E-30  1.000000E-30
    444  3.224504526026E-01  2.559283E-19  2.644657E-12  1.284014E-13  8.383460E-25  1.000000E-30  1.000000E-30  1.000000E-30  1.000000E-30
    445  3.266870398371E-01  2.557507E-19  2.641177E-12  1.274622E-13  7.905266E-25  1.000000E-30  1.000000E-30  1.000000E-30  1.000000E-30
    446  3.305577136787E-01  2.555885E-19  2.638001E-12  1.266101E-13  7.492258E-25  1.000000E-30  1.000000E-30  1.000000E-30  1.000000E-30
    447  3.362681054783E-01  2.553495E-19  2.633323E-12  1.253635E-13  6.922019E-25  1.000000E-30  1.000000E-30  1.000000E-30  1.000000E-30
    448  3.414589872690E-01  2.551323E-19  2.629078E-12  1.242409E-13  6.441404E-25  1.000000E-30  1.000000E-30  1.000000E-30  1.000000E-30
    449  3.462773530350E-01  2.549310E-19  2.625143E-12  1.232078E-13  6.025195E-25  1.000000E-30  1.000000E-30  1.000000E-30  1.000000E-30
    450  3.508856189623E-01  2.547386E-19  2.621386E-12  1.222279E-13  5.652318E-25  1.000000E-30  1.000000E-30  1.000000E-30  1.000000E-30
    451  3.552628710565E-01  2.545559E-19  2.617822E-12  1.213042E-13  5.319526E-25  1.000000E-30  1.000000E-30  1.000000E-30  1.000000E-30
    452  3.595141079779E-01  2.543786E-19  2.614365E-12  1.204139E-13  5.015081E-25  1.000000E-30  1.000000E-30  1.000000E-30  1.000000E-30
    453  3.636744849418E-01  2.542053E-19  2.610986E-12  1.195489E-13  4.734019E-25  1.000000E-30  1.000000E-30  1.000000E-30  1.000000E-30
    454  3.676260234901E-01  2.540407E-19  2.607781E-12  1.187331E-13  4.481664E-25  1.000000E-30  1.000000E-30  1.000000E-30  1.000000E-30
    455  3.714655117309E-01  2.538809E-19  2.604671E-12  1.179457E-13  4.249358E-25  1.000000E-30  1.000000E-30  1.000000E-30  1.000000E-30
    456  3.752653942304E-01  2.537229E-19  2.601596E-12  1.171717E-13  4.031306E-25  1.000000E-30  1.000000E-30  1.000000E-30  1.000000E-30
    457  3.809506426681E-01  2.534866E-19  2.597003E-12  1.160230E-13  3.725780E-25  1.000000E-30  1.000000E-30  1.000000E-30  1.000000E-30
    458  3.865190953769E-01  2.532554E-19  2.592512E-12  1.149088E-13  3.448988E-25  1.000000E-30  1.000000E-30  1.000000E-30  1.000000E-30
    459  3.928522091207E-01  2.529928E-19  2.587413E-12  1.136546E-13  3.159094E-25  1.000000E-30  1.000000E-30  1.000000E-30  1.000000E-30
    460  3.991093841216E-01  2.527335E-19  2.582386E-12  1.124290E-13  2.896614E-25  1.000000E-30  1.000000E-30  1.000000E-30  1.000000E-30
    461  4.054183851758E-01  2.524723E-19  2.577327E-12  1.112065E-13  2.654035E-25  1.000000E-30  1.000000E-30  1.000000E-30  1.000000E-30
    462  4.147392755742E-01  2.520870E-19  2.569871E-12  1.094247E-13  2.332327E-25  1.000000E-30  1.000000E-30  1.000000E-30  1.000000E-30
    463  4.232199499949E-01  2.517369E-19  2.563105E-12  1.078284E-13  2.073627E-25  1.000000E-30  1.000000E-30  1.000000E-30  1.000000E-30
    464  4.316976825025E-01  2.513875E-19  2.556360E-12  1.062559E-13  1.843697E-25  1.000000E-30  1.000000E-30  1.000000E-30  1.000000E-30
    465  4.393401554526E-01  2.510729E-19  2.550295E-12  1.048580E-13  1.658354E-25  1.000000E-30  1.000000E-30  1.000000E-30  1.000000E-30
    466  4.465935084243E-01  2.507746E-19  2.544551E-12  1.035483E-13  1.499712E-25  1.000000E-30  1.000000E-30  1.000000E-30  1.000000E-30
    467  4.537106765818E-01  2.504823E-19  2.538929E-12  1.022790E-13  1.358808E-25  1.000000E-30  1.000000E-30  1.000000E-30  1.000000E-30
    468  4.602314649238E-01  2.502148E-19  2.533788E-12  1.011298E-13  1.241364E-25  1.000000E-30  1.000000E-30  1.000000E-30  1.000000E-30
    469  4.709552966107E-01  2.497755E-19  2.525356E-12  9.926788E-14  1.069881E-25  1.000000E-30  1.000000E-30  1.000000E-30  1.000000E-30
    470  4.769745726746E-01  2.495293E-19  2.520636E-12  9.823784E-14  9.842278E-26  1.000000E-30  1.000000E-30  1.000000E-30  1.000000E-30
    471  4.828178172001E-01  2.492905E-19  2.516062E-12  9.724814E-14  9.076446E-26  1.000000E-30  1.000000E-30  1.000000E-30  1.000000E-30
    472  4.927188450138E-01  2.488863E-19  2.508330E-12  9.559387E-14  7.912354E-26  1.000000E-30  1.000000E-30  1.000000E-30  1.000000E-30
    473  5.000000000000E-01  2.485896E-19  2.502660E-12  9.439531E-14  7.152680E-26  1.000000E-30  1.000000E-30  1.000000E-30  1.000000E-30
