 *                                      
 * expansion:  temp0=  1.000E+10 den0=  3.000E+06 temp_stop=  1.000E+07
 *          time                in118         in119         in120         in121         in122         in123         in124         in125
      1  0.000000000000E+00  1.000000E-30  1.000000E-30  1.000000E-30  1.000000E-30  1.000000E-30  1.000000E-30  1.000000E-30  1.000000E-30
      2  1.000000000000E-16  1.000000E-30  1.000000E-30  1.002095E-30  1.000000E-30  1.001715E-30  1.000000E-30  1.001581E-30  1.000000E-30
      3  6.264265632874E-16  1.000000E-30  1.000000E-30  1.012801E-30  1.000000E-30  1.010484E-30  1.000000E-30  1.009667E-30  1.000000E-30
      4  2.206990590178E-15  1.000000E-30  1.000000E-30  1.041914E-30  1.000000E-30  1.034362E-30  1.000000E-30  1.031730E-30  1.000000E-30
      5  6.425069294186E-15  1.000000E-30  1.000000E-30  1.101294E-30  1.000000E-30  1.083242E-30  1.000000E-30  1.077126E-30  1.000000E-30
      6  1.724777641531E-14  1.002463E-30  1.002655E-30  1.179335E-30  1.000000E-30  1.147834E-30  1.000000E-30  1.137701E-30  1.000289E-30
      7  4.527785414179E-14  1.340695E-30  1.168040E-30  1.241918E-30  1.000001E-30  1.197131E-30  1.033714E-30  1.275330E-30  1.154390E-30
      8  1.231582592127E-13  3.839165E-30  2.422960E-30  1.694641E-30  1.276790E-30  1.535614E-30  1.306901E-30  1.557208E-30  1.330107E-30
      9  4.001734798240E-13  9.957993E-30  5.344846E-30  2.325554E-30  1.433046E-30  1.593043E-30  1.323389E-30  1.559160E-30  1.330905E-30
     10  1.150918682670E-12  8.851547E-30  4.853497E-30  2.242201E-30  1.415164E-30  1.577100E-30  1.300304E-30  1.519300E-30  1.290203E-30
     11  2.802808442389E-12  6.825070E-30  3.925407E-30  2.093214E-30  1.443207E-30  1.682138E-30  1.406444E-30  1.671899E-30  1.378023E-30
     12  6.912921996243E-12  4.489520E-30  2.815657E-30  1.823778E-30  1.340685E-30  1.539698E-30  1.320012E-30  1.541936E-30  1.289246E-30
     13  1.659368270033E-11  1.225207E-30  1.110739E-30  1.158714E-30  1.000000E-30  1.038378E-30  1.000000E-30  1.000000E-30  1.000000E-30
     14  1.134012897413E-10  1.000000E-30  1.000000E-30  1.000000E-30  1.000000E-30  1.000000E-30  1.000000E-30  1.000000E-30  1.000000E-30
     15  1.081477360150E-09  1.000000E-30  1.000000E-30  1.000000E-30  1.000000E-30  1.000000E-30  1.000000E-30  1.000000E-30  1.000000E-30
     16  1.076223806424E-08  1.000000E-30  1.000000E-30  1.000000E-30  1.000000E-30  1.000000E-30  1.000000E-30  1.000000E-30  1.000000E-30
     17  6.834096797002E-08  1.000000E-30  1.000000E-30  1.000000E-30  1.000000E-30  1.000000E-30  1.000000E-30  1.000000E-30  1.000000E-30
     18  2.542122411654E-07  1.000000E-30  1.000000E-30  1.000000E-30  1.000000E-30  1.000000E-30  1.000000E-30  1.000000E-30  1.000000E-30
     19  7.007518887657E-07  1.000000E-30  1.000000E-30  1.000000E-30  1.000000E-30  1.000000E-30  1.000000E-30  1.000000E-30  1.000000E-30
     20  1.724661805125E-06  1.000000E-30  1.000000E-30  1.000000E-30  1.000000E-30  1.000000E-30  1.000000E-30  1.000000E-30  1.000000E-30
     21  4.267664185819E-06  1.000000E-30  1.000000E-30  1.000000E-30  1.000000E-30  1.000000E-30  1.000000E-30  1.000000E-30  1.000000E-30
     22  1.786211798807E-05  1.000000E-30  1.000000E-30  1.000000E-30  1.000000E-30  1.000000E-30  1.000000E-30  1.000000E-30  1.000000E-30
     23  6.929007850093E-05  1.000000E-30  1.000000E-30  1.000000E-30  1.000000E-30  1.000000E-30  1.000000E-30  1.000000E-30  1.000000E-30
     24  5.835696836295E-04  1.000000E-30  1.000000E-30  1.000000E-30  1.000000E-30  1.000000E-30  1.000000E-30  1.000000E-30  1.000000E-30
     25  1.496090518789E-03  1.000000E-30  1.000000E-30  1.000000E-30  1.000000E-30  1.000000E-30  1.000000E-30  1.000000E-30  1.000000E-30
     26  2.379765156362E-03  1.000000E-30  1.000000E-30  1.000000E-30  1.000000E-30  1.000000E-30  1.000000E-30  1.000000E-30  1.000000E-30
     27  3.772948503579E-03  1.000000E-30  1.000000E-30  1.000000E-30  1.000000E-30  1.000000E-30  1.000000E-30  1.000000E-30  1.000000E-30
     28  4.957278025650E-03  1.000000E-30  1.000000E-30  1.000000E-30  1.000000E-30  1.000000E-30  1.000000E-30  1.000000E-30  1.000000E-30
     29  5.758110286319E-03  1.000000E-30  1.000000E-30  1.000000E-30  1.000000E-30  1.000000E-30  1.000000E-30  1.000000E-30  1.000000E-30
     30  6.636115041812E-03  1.000000E-30  1.000000E-30  1.000000E-30  1.000000E-30  1.000000E-30  1.000000E-30  1.000000E-30  1.000000E-30
     31  7.490864585256E-03  1.000000E-30  1.000000E-30  1.000000E-30  1.000000E-30  1.000000E-30  1.000000E-30  1.000000E-30  1.000000E-30
     32  8.026631019591E-03  1.000000E-30  1.000000E-30  1.000000E-30  1.000000E-30  1.000000E-30  1.000000E-30  1.000000E-30  1.000000E-30
     33  8.451616658664E-03  1.000000E-30  1.000000E-30  1.000000E-30  1.000000E-30  1.000000E-30  1.000000E-30  1.000000E-30  1.000000E-30
     34  9.803471762980E-03  1.000000E-30  1.000000E-30  1.000000E-30  1.000000E-30  1.000000E-30  1.000000E-30  1.000000E-30  1.000000E-30
     35  1.116687552369E-02  1.000000E-30  1.000000E-30  1.000000E-30  1.000000E-30  1.000000E-30  1.000000E-30  1.000000E-30  1.000000E-30
     36  1.219012310682E-02  1.000000E-30  1.000000E-30  1.000000E-30  1.000000E-30  1.000000E-30  1.000000E-30  1.000000E-30  1.000000E-30
     37  1.314647137106E-02  1.000000E-30  1.000000E-30  1.000000E-30  1.000000E-30  1.000000E-30  1.000000E-30  1.000000E-30  1.000000E-30
     38  1.431720408173E-02  1.000000E-30  1.000000E-30  1.000000E-30  1.000000E-30  1.000000E-30  1.000000E-30  1.000000E-30  1.000000E-30
     39  1.545287753035E-02  1.000000E-30  1.000000E-30  1.000000E-30  1.000000E-30  1.000000E-30  1.000000E-30  1.000000E-30  1.000000E-30
     40  1.716820108076E-02  1.000000E-30  1.000000E-30  1.000000E-30  1.000000E-30  1.000000E-30  1.000000E-30  1.000000E-30  1.000000E-30
     41  1.871872199221E-02  1.000000E-30  1.000000E-30  1.000000E-30  1.000000E-30  1.000000E-30  1.000000E-30  1.000000E-30  1.000000E-30
     42  2.131412024987E-02  1.000000E-30  1.000000E-30  1.000000E-30  1.000000E-30  1.000000E-30  1.000000E-30  1.000000E-30  1.000000E-30
     43  2.288535686070E-02  1.000000E-30  1.000000E-30  1.000000E-30  1.000000E-30  1.000000E-30  1.000000E-30  1.000000E-30  1.000000E-30
     44  2.437102778700E-02  1.000000E-30  1.000000E-30  1.000000E-30  1.000000E-30  1.000000E-30  1.000000E-30  1.000000E-30  1.000000E-30
     45  2.666254430666E-02  1.000000E-30  1.000000E-30  1.000000E-30  1.000000E-30  1.000000E-30  1.000000E-30  1.000000E-30  1.000000E-30
     46  2.807329513827E-02  1.000000E-30  1.000000E-30  1.000000E-30  1.000000E-30  1.000000E-30  1.000000E-30  1.000000E-30  1.000000E-30
     47  2.946719119355E-02  1.000000E-30  1.000000E-30  1.000000E-30  1.000000E-30  1.000000E-30  1.000000E-30  1.000000E-30  1.000000E-30
     48  2.982466835475E-02  1.000000E-30  1.000000E-30  1.000000E-30  1.000000E-30  1.000000E-30  1.000000E-30  1.000000E-30  1.000000E-30
     49  3.017238950627E-02  1.000000E-30  1.000000E-30  1.000000E-30  1.000000E-30  1.000000E-30  1.000000E-30  1.000000E-30  1.000000E-30
     50  3.052509122072E-02  1.000000E-30  1.000000E-30  1.000000E-30  1.000000E-30  1.000000E-30  1.000000E-30  1.000000E-30  1.000000E-30
     51  3.066477686677E-02  1.000000E-30  1.000000E-30  1.000000E-30  1.000000E-30  1.000000E-30  1.000000E-30  1.000000E-30  1.000000E-30
     52  3.080037159611E-02  1.000000E-30  1.000000E-30  1.000000E-30  1.000000E-30  1.000000E-30  1.000000E-30  1.000000E-30  1.000000E-30
     53  3.111325257314E-02  1.000000E-30  1.000000E-30  1.000000E-30  1.000000E-30  1.000000E-30  1.000000E-30  1.000000E-30  1.000000E-30
     54  3.147800645819E-02  1.000000E-30  1.000000E-30  1.000000E-30  1.000000E-30  1.000000E-30  1.000000E-30  1.000000E-30  1.000000E-30
     55  3.181357346897E-02  1.000000E-30  1.000000E-30  1.000000E-30  1.000000E-30  1.000000E-30  1.000000E-30  1.000000E-30  1.000000E-30
     56  3.217197145871E-02  1.000000E-30  1.000000E-30  1.000000E-30  1.000000E-30  1.000000E-30  1.000000E-30  1.000000E-30  1.000000E-30
     57  3.249951277145E-02  1.000000E-30  1.000000E-30  1.000000E-30  1.000000E-30  1.000000E-30  1.000000E-30  1.000000E-30  1.000000E-30
     58  3.262595809504E-02  1.000000E-30  1.000000E-30  1.000000E-30  1.000000E-30  1.000000E-30  1.000000E-30  1.000000E-30  1.000000E-30
     59  3.272641576722E-02  1.000000E-30  1.000000E-30  1.000000E-30  1.000000E-30  1.000000E-30  1.000000E-30  1.000000E-30  1.000000E-30
     60  3.304841700500E-02  1.000000E-30  1.000000E-30  1.000000E-30  1.000000E-30  1.000000E-30  1.000000E-30  1.000000E-30  1.000000E-30
     61  3.362823507679E-02  2.681564E-30  1.000000E-30  1.000000E-30  1.000000E-30  1.000000E-30  1.000000E-30  1.000000E-30  1.000000E-30
     62  3.417743618412E-02  3.246093E-30  1.156445E-30  1.000000E-30  1.000000E-30  1.000000E-30  1.000000E-30  1.000000E-30  1.000000E-30
     63  3.448472684867E-02  1.744792E-30  1.000000E-30  1.000000E-30  1.000000E-30  1.000000E-30  1.000000E-30  1.000000E-30  1.000000E-30
     64  3.459225947862E-02  1.000000E-30  1.000000E-30  1.000000E-30  1.000000E-30  1.000000E-30  1.000000E-30  1.000000E-30  1.000000E-30
     65  3.468161085917E-02  1.000000E-30  1.000000E-30  1.000000E-30  1.000000E-30  1.000000E-30  1.000000E-30  1.000000E-30  1.000000E-30
     66  3.501586344154E-02  2.648824E-30  1.027766E-30  1.000000E-30  1.000000E-30  1.000000E-30  1.000000E-30  1.000000E-30  1.000000E-30
     67  3.563385967804E-02  9.434479E-30  3.640964E-30  1.000000E-30  1.000000E-30  1.000000E-30  1.000000E-30  1.000000E-30  1.000000E-30
     68  3.619390900501E-02  7.329207E-30  3.232353E-30  1.000000E-30  1.000000E-30  1.000000E-30  1.000000E-30  1.000000E-30  1.000000E-30
     69  3.661379630041E-02  7.778207E-30  3.694325E-30  1.125563E-30  1.000000E-30  1.000000E-30  1.000000E-30  1.000000E-30  1.000000E-30
     70  3.704099468238E-02  1.091193E-29  5.285278E-30  1.651578E-30  1.000000E-30  1.000000E-30  1.000000E-30  1.000000E-30  1.000000E-30
     71  3.731378163516E-02  7.845455E-30  3.858085E-30  1.248709E-30  1.000000E-30  1.000000E-30  1.000000E-30  1.000000E-30  1.000000E-30
     72  3.757630769329E-02  7.891009E-30  4.138559E-30  1.387115E-30  1.000000E-30  1.000000E-30  1.000000E-30  1.000000E-30  1.000000E-30
     73  3.788075418501E-02  1.106356E-29  5.681589E-30  1.930952E-30  1.000000E-30  1.000000E-30  1.000000E-30  1.000000E-30  1.000000E-30
     74  3.819794660071E-02  1.340666E-29  6.967886E-30  2.511277E-30  1.000000E-30  1.000000E-30  1.000000E-30  1.000000E-30  1.000000E-30
     75  3.838080203158E-02  8.783153E-30  5.044982E-30  1.836960E-30  1.000000E-30  1.000000E-30  1.000000E-30  1.000000E-30  1.000000E-30
     76  3.859219912978E-02  1.093762E-29  6.066278E-30  2.284617E-30  1.000000E-30  1.000000E-30  1.000000E-30  1.000000E-30  1.000000E-30
     77  3.884096228080E-02  1.489601E-29  8.390697E-30  3.084028E-30  1.225555E-30  1.000000E-30  1.000000E-30  1.000000E-30  1.000000E-30
     78  3.907668434759E-02  1.525115E-29  8.770583E-30  3.372210E-30  1.375360E-30  1.000000E-30  1.000000E-30  1.000000E-30  1.000000E-30
     79  3.934936577490E-02  2.080041E-29  1.261569E-29  5.126532E-30  2.140679E-30  1.000000E-30  1.000000E-30  1.000000E-30  1.000000E-30
     80  3.961640452516E-02  2.262340E-29  1.400716E-29  5.769852E-30  2.576424E-30  1.000000E-30  1.000000E-30  1.000000E-30  1.000000E-30
     81  3.991996766101E-02  2.970419E-29  1.929117E-29  7.929580E-30  3.498163E-30  1.000000E-30  1.000000E-30  1.000000E-30  1.000000E-30
     82  4.019473378510E-02  2.990468E-29  1.984958E-29  8.381593E-30  3.954723E-30  1.000000E-30  1.000000E-30  1.000000E-30  1.000000E-30
     83  4.046928694587E-02  3.576817E-29  2.555422E-29  1.147896E-29  5.477638E-30  1.400538E-30  1.000000E-30  1.000000E-30  1.000000E-30
     84  4.074955599116E-02  3.702836E-29  2.637967E-29  1.255817E-29  6.244508E-30  1.640501E-30  1.000000E-30  1.000000E-30  1.000000E-30
     85  4.099011663524E-02  3.868539E-29  2.907746E-29  1.409512E-29  7.041839E-30  1.888398E-30  1.000000E-30  1.000000E-30  1.000000E-30
     86  4.118445936105E-02  3.357187E-29  2.561959E-29  1.260574E-29  6.394495E-30  1.751798E-30  1.000000E-30  1.000000E-30  1.000000E-30
     87  4.137235583218E-02  3.533615E-29  2.769663E-29  1.398711E-29  7.360593E-30  2.058633E-30  1.000000E-30  1.000000E-30  1.000000E-30
     88  4.152714488067E-02  3.023955E-29  2.400085E-29  1.226661E-29  6.510199E-30  1.851330E-30  1.000000E-30  1.000000E-30  1.000000E-30
     89  4.165981986900E-02  2.717230E-29  2.191335E-29  1.137427E-29  6.149637E-30  1.775854E-30  1.000000E-30  1.000000E-30  1.000000E-30
     90  4.188596337322E-02  4.845185E-29  3.959824E-29  2.068509E-29  1.133036E-29  3.299220E-30  1.067282E-30  1.000000E-30  1.000000E-30
     91  4.208159634323E-02  4.550036E-29  3.776456E-29  2.028906E-29  1.188208E-29  3.634635E-30  1.201603E-30  1.000000E-30  1.000000E-30
     92  4.230932596557E-02  5.683789E-29  4.867556E-29  2.663126E-29  1.538958E-29  4.726727E-30  1.593091E-30  1.000000E-30  1.000000E-30
     93  4.251598135750E-02  5.610356E-29  4.911373E-29  2.752932E-29  1.651143E-29  5.198061E-30  1.792393E-30  1.000000E-30  1.000000E-30
     94  4.274368410830E-02  6.682221E-29  6.021869E-29  3.462181E-29  2.097605E-29  6.900915E-30  2.419167E-30  1.000000E-30  1.000000E-30
     95  4.294191711445E-02  6.614359E-29  6.255849E-29  3.811896E-29  2.484941E-29  8.342814E-30  3.162920E-30  1.000000E-30  1.000000E-30
     96  4.316569238790E-02  7.857576E-29  7.544205E-29  4.658043E-29  3.126972E-29  1.068776E-29  4.041746E-30  1.000000E-30  1.000000E-30
     97  4.339365876136E-02  8.285325E-29  8.046112E-29  4.965343E-29  3.251090E-29  1.142997E-29  4.432423E-30  1.000000E-30  1.000000E-30
     98  4.362382833621E-02  8.989345E-29  8.983378E-29  5.695366E-29  3.842850E-29  1.353377E-29  5.283085E-30  1.000000E-30  1.000000E-30
     99  4.384703699487E-02  9.321145E-29  9.577187E-29  6.233189E-29  4.326790E-29  1.558155E-29  6.368890E-30  1.225035E-30  1.000000E-30
    100  4.408801045744E-02  1.086327E-28  1.147126E-28  7.646100E-29  5.432169E-29  1.977401E-29  8.438447E-30  1.656225E-30  1.000000E-30
    101  4.430336182063E-02  1.050534E-28  1.139671E-28  7.807112E-29  5.729222E-29  2.164356E-29  9.598935E-30  1.924584E-30  1.000000E-30
    102  4.453208602613E-02  1.195106E-28  1.334613E-28  9.372064E-29  7.041278E-29  2.704081E-29  1.179184E-29  2.373757E-30  1.000000E-30
    103  4.474836808964E-02  1.212479E-28  1.399920E-28  1.014639E-28  7.891003E-29  3.133492E-29  1.382710E-29  2.818770E-30  1.000000E-30
    104  4.497736119052E-02  1.390237E-28  1.661215E-28  1.242542E-28  9.991483E-29  4.088342E-29  1.870556E-29  4.062327E-30  1.141312E-30
    105  4.517199675598E-02  1.219790E-28  1.468037E-28  1.106583E-28  8.992881E-29  3.728579E-29  1.770746E-29  3.880796E-30  1.116199E-30
    106  4.536038532241E-02  1.252337E-28  1.549598E-28  1.197072E-28  9.969467E-29  4.210087E-29  2.003799E-29  4.467041E-30  1.310222E-30
    107  4.552484255766E-02  1.200940E-28  1.543352E-28  1.238458E-28  1.078782E-28  4.786579E-29  2.440841E-29  5.603361E-30  1.672414E-30
    108  4.581275722245E-02  2.164629E-28  2.818485E-28  2.276742E-28  1.987049E-28  8.760948E-29  4.397461E-29  1.025377E-29  3.247800E-30
    109  4.603616864208E-02  1.868519E-28  2.593488E-28  2.230552E-28  2.089016E-28  9.852473E-29  5.359714E-29  1.282656E-29  4.087385E-30
    110  4.624194314299E-02  1.776017E-28  2.513743E-28  2.207891E-28  2.127622E-28  1.032717E-28  5.810127E-29  1.424847E-29  4.764616E-30
    111  4.641297951594E-02  1.568174E-28  2.263644E-28  2.021516E-28  1.977952E-28  9.690802E-29  5.491278E-29  1.359327E-29  4.616201E-30
    112  4.656990459822E-02  1.484427E-28  2.171432E-28  1.960540E-28  1.939616E-28  9.619823E-29  5.550444E-29  1.401092E-29  4.843915E-30
    113  4.671253119976E-02  1.399289E-28  2.079695E-28  1.903606E-28  1.909316E-28  9.569698E-29  5.590736E-29  1.431259E-29  4.932214E-30
    114  4.684580987606E-02  1.350869E-28  2.038591E-28  1.890903E-28  1.922470E-28  9.735063E-29  5.755668E-29  1.500717E-29  5.302814E-30
    115  4.697520204195E-02  1.351683E-28  2.070130E-28  1.945132E-28  2.004275E-28  1.026442E-28  6.132069E-29  1.628710E-29  5.954927E-30
    116  4.709649788536E-02  1.312308E-28  2.041838E-28  1.945695E-28  2.034819E-28  1.055357E-28  6.392170E-29  1.718270E-29  6.315516E-30
    117  4.721637454993E-02  1.330887E-28  2.098999E-28  2.024226E-28  2.143792E-28  1.123917E-28  6.882214E-29  1.874594E-29  6.945612E-30
    118  4.732862910872E-02  1.283262E-28  2.054359E-28  2.007903E-28  2.157279E-28  1.145083E-28  7.109167E-29  1.956059E-29  7.365606E-30
    119  4.750539400184E-02  2.083413E-28  3.410614E-28  3.403884E-28  3.746574E-28  2.033866E-28  1.298477E-28  3.672619E-29  1.432014E-29
    120  4.767210524850E-02  2.037268E-28  3.438027E-28  3.515754E-28  3.951087E-28  2.173950E-28  1.391915E-28  3.831276E-29  1.470239E-29
    121  4.783406579930E-02  2.055755E-28  3.543806E-28  3.695193E-28  4.243467E-28  2.379674E-28  1.562213E-28  4.423418E-29  1.715733E-29
    122  4.799263518131E-02  2.081384E-28  3.657312E-28  3.879890E-28  4.541120E-28  2.589594E-28  1.733721E-28  4.996043E-29  1.964761E-29
    123  4.815339657435E-02  2.170480E-28  3.891947E-28  4.206255E-28  5.027465E-28  2.921087E-28  1.999668E-28  5.893065E-29  2.360000E-29
    124  4.832264594384E-02  2.342450E-28  4.296141E-28  4.740245E-28  5.799391E-28  3.439817E-28  2.412321E-28  7.268994E-29  3.016207E-29
    125  4.849826454798E-02  2.495423E-28  4.683254E-28  5.274059E-28  6.596346E-28  3.986956E-28  2.855623E-28  8.750720E-29  3.722061E-29
    126  4.867786870736E-02  2.623869E-28  5.039181E-28  5.791899E-28  7.405575E-28  4.561436E-28  3.337689E-28  1.041139E-28  4.543618E-29
    127  4.885872256535E-02  2.714028E-28  5.331677E-28  6.252761E-28  8.173113E-28  5.131206E-28  3.838285E-28  1.218643E-28  5.457480E-29
    128  4.903755607841E-02  2.751157E-28  5.528389E-28  6.616288E-28  8.845472E-28  5.663960E-28  4.336458E-28  1.402972E-28  6.456347E-29
    129  4.921259737621E-02  2.762315E-28  5.683022E-28  6.946670E-28  9.509689E-28  6.217130E-28  4.878813E-28  1.610364E-28  7.621849E-29
    130  4.938368810460E-02  2.781515E-28  5.852075E-28  7.297023E-28  1.021221E-27  6.805945E-28  5.463166E-28  1.836474E-28  8.911264E-29
    131  4.955132280349E-02  2.801190E-28  6.012739E-28  7.632411E-28  1.089713E-27  7.390711E-28  6.057838E-28  2.071324E-28  1.028700E-28
    132  4.971624312404E-02  2.816512E-28  6.171279E-28  7.979575E-28  1.163331E-27  8.036648E-28  6.735147E-28  2.345135E-28  1.192631E-28
    133  4.987811857735E-02  2.829172E-28  6.331039E-28  8.340583E-28  1.241630E-27  8.735141E-28  7.480872E-28  2.650894E-28  1.378937E-28
    134  5.003799836445E-02  2.858469E-28  6.524195E-28  8.746913E-28  1.327932E-27  9.503526E-28  8.306893E-28  2.992721E-28  1.590380E-28
    135  5.019682549602E-02  2.895981E-28  6.744465E-28  9.205749E-28  1.426093E-27  1.038747E-27  9.273289E-28  3.398560E-28  1.846538E-28
    136  5.035511419132E-02  2.947257E-28  7.007899E-28  9.741405E-28  1.539770E-27  1.141136E-27  1.039899E-27  3.874696E-28  2.150494E-28
    137  5.051299755300E-02  3.000660E-28  7.277986E-28  1.029059E-27  1.656676E-27  1.246682E-27  1.156285E-27  4.370123E-28  2.470789E-28
    138  5.067010535678E-02  3.032739E-28  7.504682E-28  1.079571E-27  1.770824E-27  1.353817E-27  1.278745E-27  4.900961E-28  2.822544E-28
    139  5.082726902819E-02  3.090496E-28  7.813212E-28  1.144675E-27  1.914810E-27  1.488105E-27  1.432203E-27  5.570140E-28  3.265532E-28
    140  5.098506829486E-02  3.161838E-28  8.158744E-28  1.216413E-27  2.073774E-27  1.637534E-27  1.605251E-27  6.334042E-28  3.781566E-28
    141  5.114361869269E-02  3.219019E-28  8.482415E-28  1.287728E-27  2.238907E-27  1.797585E-27  1.796530E-27  7.197554E-28  4.380681E-28
    142  5.130328078870E-02  3.291277E-28  8.857599E-28  1.368732E-27  2.425531E-27  1.978668E-27  2.014494E-27  8.192201E-28  5.083578E-28
    143  5.146205644840E-02  3.326608E-28  9.139578E-28  1.437387E-27  2.596254E-27  2.151938E-27  2.231482E-27  9.205696E-28  5.818938E-28
    144  5.162089365231E-02  3.384796E-28  9.497462E-28  1.520451E-27  2.799083E-27  2.356857E-27  2.488206E-27  1.040818E-27  6.694108E-28
    145  5.177902725711E-02  3.410458E-28  9.777132E-28  1.594027E-27  2.993017E-27  2.561733E-27  2.755589E-27  1.169440E-27  7.657699E-28
    146  5.193558292952E-02  3.343061E-28  9.838584E-28  1.641909E-27  3.165921E-27  2.771326E-27  3.059530E-27  1.324234E-27  8.874015E-28
    147  5.207655208218E-02  3.058611E-28  9.187518E-28  1.560219E-27  3.066142E-27  2.726612E-27  3.065025E-27  1.345175E-27  9.170938E-28
    148  5.220437120847E-02  2.812125E-28  8.610282E-28  1.486567E-27  2.975613E-27  2.687218E-27  3.075414E-27  1.368617E-27  9.494009E-28
    149  5.240275279905E-02  4.382671E-28  1.383026E-27  2.447849E-27  5.027079E-27  4.632313E-27  5.416499E-27  2.448139E-27  1.728774E-27
    150  5.258707116153E-02  4.115667E-28  1.314628E-27  2.351655E-27  4.896811E-27  4.574734E-27  5.462107E-27  2.517462E-27  1.834370E-27
    151  5.276353482958E-02  4.000206E-28  1.317797E-27  2.420851E-27  5.188141E-27  4.959744E-27  6.067636E-27  2.844434E-27  2.109227E-27
    152  5.293536770993E-02  3.931973E-28  1.328880E-27  2.495308E-27  5.479895E-27  5.346259E-27  6.697545E-27  3.197661E-27  2.426182E-27
    153  5.310288915571E-02  3.741684E-28  1.302300E-27  2.509304E-27  5.676119E-27  5.677680E-27  7.325939E-27  3.578152E-27  2.792854E-27
    154  5.325369291828E-02  3.390833E-28  1.206966E-27  2.369826E-27  5.472426E-27  5.567598E-27  7.326818E-27  3.633085E-27  2.890514E-27
    155  5.339308966526E-02  3.031623E-28  1.096166E-27  2.183525E-27  5.132703E-27  5.305517E-27  7.125897E-27  3.593064E-27  2.925078E-27
    156  5.362726198018E-02  5.189109E-28  1.956030E-27  4.039655E-27  9.880944E-27  1.054160E-26  1.464282E-26  7.557188E-27  6.301460E-27
    157  5.383816121000E-02  4.797179E-28  1.842775E-27  3.867915E-27  9.647414E-27  1.047707E-26  1.491210E-26  7.860178E-27  6.769237E-27
    158  5.403768730975E-02  4.582010E-28  1.808571E-27  3.887660E-27  9.974488E-27  1.109750E-26  1.627577E-26  8.783863E-27  7.798664E-27
    159  5.422986619970E-02  4.286832E-28  1.752604E-27  3.879241E-27  1.027942E-26  1.174120E-26  1.775582E-26  9.808352E-27  8.970350E-27
    160  5.440569294967E-02  3.965884E-28  1.654036E-27  3.725993E-27  1.008528E-26  1.173513E-26  1.816544E-26  1.022212E-26  9.583879E-27
    161  5.456994612052E-02  3.688029E-28  1.574800E-27  3.617939E-27  1.001264E-26  1.186817E-26  1.880211E-26  1.077941E-26  1.037218E-26
    162  5.485681963417E-02  6.377455E-28  2.815719E-27  6.684854E-27  1.932754E-26  2.382242E-26  3.963094E-26  2.357757E-26  2.369943E-26
    163  5.511708850657E-02  6.194997E-28  2.787867E-27  6.706644E-27  1.970337E-26  2.468847E-26  4.225211E-26  2.583498E-26  2.720489E-26
    164  5.536560227933E-02  5.888064E-28  2.788530E-27  6.999694E-27  2.150453E-26  2.786485E-26  4.939165E-26  3.094804E-26  3.357163E-26
    165  5.559867087093E-02  5.840713E-28  2.880429E-27  7.464350E-27  2.369228E-26  3.146001E-26  5.724122E-26  3.654014E-26  4.057147E-26
    166  5.582344501454E-02  6.055494E-28  3.064031E-27  8.120033E-27  2.647334E-26  3.595700E-26  6.728877E-26  4.390052E-26  5.017773E-26
    167  5.608267729631E-02  7.454861E-28  3.910934E-27  1.067444E-26  3.597536E-26  5.020620E-26  9.712399E-26  6.501261E-26  7.693206E-26
    168  5.632179590432E-02  7.915836E-28  4.282032E-27  1.198279E-26  4.150327E-26  5.917867E-26  1.172353E-25  7.978399E-26  9.614797E-26
    169  5.658568452696E-02  1.000266E-27  5.705170E-27  1.668097E-26  6.072701E-26  9.012296E-26  1.872567E-25  1.320756E-25  1.667448E-25
    170  5.682194908758E-02  1.152501E-27  6.843923E-27  2.068455E-26  7.815640E-26  1.194641E-25  2.568943E-25  1.857904E-25  2.419789E-25
    171  5.707748662895E-02  1.523187E-27  9.383455E-27  2.924998E-26  1.146020E-25  1.804635E-25  4.025345E-25  2.993232E-25  4.044488E-25
    172  5.730159219632E-02  1.895226E-27  1.205216E-26  3.857807E-26  1.558957E-25  2.517559E-25  5.791610E-25  4.408184E-25  6.142364E-25
    173  5.769211250520E-02  3.349127E-27  2.257335E-26  7.584642E-26  3.242985E-25  5.481585E-25  1.332995E-24  1.057664E-24  1.556858E-24
    174  5.804755660481E-02  5.115031E-27  3.636715E-26  1.276502E-25  5.742222E-25  1.011328E-24  2.587358E-24  2.133018E-24  3.304054E-24
    175  5.837706807704E-02  7.812127E-27  5.835556E-26  2.132534E-25  1.005429E-24  1.839234E-24  4.931586E-24  4.211710E-24  6.839643E-24
    176  5.868213309337E-02  1.168899E-26  9.143397E-26  3.469655E-25  1.709575E-24  3.240310E-24  9.078091E-24  8.011876E-24  1.359527E-23
    177  5.897372529375E-02  1.723748E-26  1.409640E-25  5.546702E-25  2.851592E-24  5.592313E-24  1.634242E-23  1.488414E-23  2.634285E-23
    178  5.927019313219E-02  2.556455E-26  2.187717E-25  8.932452E-25  4.795942E-24  9.738056E-24  2.971029E-23  2.794122E-23  5.162432E-23
    179  5.955970264735E-02  3.738635E-26  3.345103E-25  1.416114E-24  7.933981E-24  1.666714E-23  5.304515E-23  5.147743E-23  9.920499E-23
    180  5.987296131417E-02  5.608739E-26  5.267374E-25  2.319087E-24  1.360854E-23  2.966201E-23  9.884066E-23  9.924118E-23  2.002225E-22
    181  6.018239261751E-02  8.308600E-26  8.186989E-25  3.747184E-24  2.302179E-23  5.204531E-23  1.815114E-22  1.884916E-22  3.979704E-22
    182  6.051941164510E-02  1.263709E-25  1.312440E-24  6.267023E-24  4.048673E-23  9.524929E-23  3.491687E-22  3.761825E-22  8.347467E-22
    183  6.081686890997E-02  1.813490E-25  1.973304E-24  9.782496E-24  6.607554E-23  1.610259E-22  6.169638E-22  6.866757E-22  1.592382E-21
    184  6.107970107709E-02  2.477648E-25  2.809868E-24  1.439967E-23  1.011824E-22  2.543990E-22  1.013700E-21  1.161225E-21  2.800249E-21
    185  6.149099227918E-02  3.978572E-25  4.815234E-24  2.599396E-23  1.943538E-22  5.131545E-22  2.174682E-21  2.606232E-21  6.682930E-21
    186  6.184187848266E-02  5.863799E-25  7.504729E-24  4.235716E-23  3.340483E-22  9.197143E-22  4.109429E-21  5.119096E-21  1.383768E-20
    187  6.212841772032E-02  7.960719E-25  1.066602E-23  6.243194E-23  5.143684E-22  1.465520E-21  6.838407E-21  8.792267E-21  2.481701E-20
    188  6.241083345826E-02  1.065309E-24  1.493527E-23  9.062171E-23  7.796259E-22  2.297695E-21  1.119159E-20  1.484573E-20  4.373494E-20
    189  6.286334795077E-02  1.664001E-24  2.509521E-23  1.613188E-22  1.487965E-21  4.630116E-21  2.416583E-20  3.370538E-20  1.063743E-19
    190  6.324448148531E-02  2.373793E-24  3.808585E-23  2.570670E-22  2.515289E-21  8.194375E-21  4.534666E-20  6.598530E-20  2.207573E-19
    191  6.354755735680E-02  3.109417E-24  5.241794E-23  3.678242E-22  3.772827E-21  1.274899E-20  7.393077E-20  1.112754E-19  3.900499E-19
    192  6.382753282149E-02  3.950502E-24  6.972587E-23  5.072029E-22  5.435224E-21  1.899886E-20  1.150605E-19  1.786813E-19  6.540033E-19
    193  6.429792763326E-02  5.792774E-24  1.104811E-22  8.538610E-22  9.852013E-21  3.645848E-20  2.375927E-19  3.889240E-19  1.531371E-18
    194  6.470641913937E-02  7.929836E-24  1.618471E-22  1.318650E-21  1.622992E-20  6.311853E-20  4.385275E-19  7.515438E-19  3.154012E-18
    195  6.514351188605E-02  1.090990E-23  2.395124E-22  2.065096E-21  2.724630E-20  1.117602E-19  8.318517E-19  1.497567E-18  6.731127E-18
    196  6.551961572666E-02  1.416839E-23  3.313427E-22  2.999959E-21  4.203611E-20  1.805391E-19  1.426386E-18  2.679363E-18  1.277990E-17
    197  6.614173306661E-02  2.136221E-23  5.548879E-22  5.447523E-21  8.437518E-20  3.911046E-19  3.412796E-18  6.879233E-18  3.622381E-17
    198  6.666431851744E-02  2.964596E-23  8.419783E-22  8.851540E-21  1.492501E-19  7.378065E-19  7.002975E-18  1.498115E-17  8.577120E-17
    199  6.714973898932E-02  3.984310E-23  1.230024E-21  1.378187E-20  2.515814E-19  1.320531E-18  1.355926E-17  3.066046E-17  1.898217E-16
    200  6.763365269933E-02  5.318452E-23  1.785425E-21  2.132135E-20  4.215226E-19  2.349327E-18  2.610591E-17  6.239878E-17  4.178972E-16
    201  6.810748363549E-02  7.029501E-23  2.563075E-21  3.258535E-20  6.968917E-19  4.119817E-18  4.948562E-17  1.249072E-16  9.038534E-16
    202  6.886988901479E-02  1.082468E-22  4.512736E-21  6.345612E-20  1.541079E-18  1.001844E-17  1.365189E-16  3.763141E-16  3.087222E-15
    203  6.932442343830E-02  1.361095E-22  6.150608E-21  9.191076E-20  2.410923E-18  1.659526E-17  2.439957E-16  7.090045E-16  6.272270E-15
    204  6.977291475786E-02  1.645681E-22  8.057504E-21  1.278458E-19  3.619141E-18  2.635778E-17  4.178887E-16  1.279401E-15  1.219899E-14
    205  7.051837306122E-02  2.008545E-22  1.125228E-20  1.972645E-19  6.341867E-18  5.073385E-17  9.125164E-16  3.048085E-15  3.294752E-14
    206  7.120724846930E-02  2.058251E-22  1.307056E-20  2.514358E-19  9.106759E-18  7.951142E-17  1.609036E-15  5.827985E-15  7.081330E-14
    207  7.185571854523E-02  1.827383E-22  1.307198E-20  2.745511E-19  1.113758E-17  1.056266E-16  2.390914E-15  9.349348E-15  1.269569E-13
    208  7.250556240022E-02  1.438898E-22  1.159906E-20  2.660396E-19  1.209989E-17  1.247058E-16  3.160976E-15  1.335144E-14  2.028389E-13
    209  7.308358088908E-02  1.064621E-22  9.561602E-21  2.373411E-19  1.196345E-17  1.328202E-16  3.726395E-15  1.686260E-14  2.832999E-13
    210  7.365083251161E-02  7.395723E-23  7.392508E-21  1.983429E-19  1.106793E-17  1.322157E-16  4.101497E-15  1.986436E-14  3.686774E-13
    211  7.420607479025E-02  4.895334E-23  5.437115E-21  1.574588E-19  9.712781E-18  1.246832E-16  4.270401E-15  2.211002E-14  4.526537E-13
    212  7.477269193766E-02  3.056075E-23  3.781895E-21  1.184275E-19  8.097039E-18  1.118880E-16  4.242369E-15  2.351942E-14  5.325341E-13
    213  7.532671922740E-02  1.839698E-23  2.533145E-21  8.565351E-20  6.482394E-18  9.629601E-17  4.036545E-15  2.393290E-14  5.985038E-13
    214  7.590819975934E-02  1.032383E-23  1.591434E-21  5.834510E-20  4.916302E-18  7.881520E-17  3.673486E-15  2.337797E-14  6.493456E-13
    215  7.648106882397E-02  5.603671E-24  9.659262E-22  3.835991E-20  3.595645E-18  6.215576E-17  3.218363E-15  2.196719E-14  6.770761E-13
    216  7.706864365518E-02  2.868227E-24  5.549399E-22  2.392818E-20  2.503946E-18  4.677520E-17  2.700157E-15  1.980827E-14  6.798614E-13
    217  7.765097184480E-02  1.413278E-24  3.070318E-22  1.437139E-20  1.679157E-18  3.388797E-17  2.180946E-15  1.719081E-14  6.569733E-13
    218  7.824188421090E-02  6.624089E-25  1.618007E-22  8.230555E-21  1.076055E-18  2.349310E-17  1.689470E-15  1.432768E-14  6.110349E-13
    219  7.883216312169E-02  2.979516E-25  8.191484E-23  4.529780E-21  6.631320E-19  1.566516E-17  1.259589E-15  1.149516E-14  5.474008E-13
    220  7.934760137230E-02  1.428928E-25  4.363217E-23  2.597034E-21  4.201730E-19  1.063762E-17  9.438693E-16  9.186850E-15  4.821269E-13
    221  7.991019390762E-02  6.198572E-26  2.122909E-23  1.369232E-21  2.471723E-19  6.749910E-18  6.672202E-16  6.968517E-15  4.068439E-13
    222  8.044081450283E-02  2.731420E-26  1.043055E-23  7.258756E-22  1.453904E-19  4.265412E-18  4.671158E-16  5.215327E-15  3.368616E-13
    223  8.103419684334E-02  1.052753E-26  4.546359E-24  3.445299E-22  7.757979E-20  2.466357E-18  3.031424E-16  3.647793E-15  2.640396E-13
    224  8.158988408622E-02  4.165003E-27  2.020285E-24  1.659040E-22  4.173666E-20  1.431239E-18  1.961932E-16  2.533371E-15  2.041793E-13
    225  8.219791245697E-02  1.461815E-27  8.058043E-25  7.226724E-23  2.053683E-20  7.652406E-19  1.182657E-16  1.650058E-15  1.496672E-13
    226  8.273529679330E-02  5.633236E-28  3.479767E-25  3.374464E-23  1.068923E-20  4.287637E-19  7.373305E-17  1.101921E-15  1.110320E-13
    227  8.327310875316E-02  2.110928E-28  1.463711E-25  1.535735E-23  5.429098E-21  2.345248E-19  4.492236E-17  7.193909E-16  8.060287E-14
    228  8.381967664174E-02  7.626489E-29  5.945570E-26  6.757008E-24  2.671533E-21  1.244530E-19  2.661358E-17  4.573242E-16  5.710524E-14
    229  8.442137901789E-02  2.425124E-29  2.153693E-26  2.674350E-24  1.197066E-21  6.062097E-20  1.464420E-17  2.720446E-16  3.829637E-14
    230  8.496109010092E-02  8.481698E-30  8.470426E-27  1.138967E-24  5.704643E-22  3.114577E-20  8.403122E-18  1.674730E-16  2.628219E-14
    231  8.556251684447E-02  2.575357E-30  2.932920E-27  4.313102E-25  2.451192E-22  1.455919E-20  4.446297E-18  9.586903E-17  1.699317E-14
    232  8.609514523980E-02  1.000000E-30  1.129743E-27  1.798210E-25  1.143321E-22  7.318557E-21  2.495661E-18  5.771225E-17  1.140041E-14
    233  8.668730402486E-02  1.000000E-30  3.834297E-28  6.670203E-26  4.812352E-23  3.349784E-21  1.292921E-18  3.233393E-17  7.212329E-15
    234  8.725638446658E-02  1.000000E-30  1.336774E-28  2.533243E-26  2.064951E-23  1.558107E-21  6.778729E-19  1.828204E-17  4.586762E-15
    235  8.784892152766E-02  1.000000E-30  4.399199E-29  9.117142E-27  8.445997E-24  6.934218E-22  3.419942E-19  9.982066E-18  2.832359E-15
    236  8.837914431516E-02  1.000000E-30  1.609231E-29  3.611816E-27  3.753626E-24  3.324570E-22  1.835779E-19  5.753127E-18  1.823697E-15
    237  8.927467123273E-02  1.000000E-30  2.873712E-30  7.338844E-28  9.293168E-25  9.371442E-23  6.280772E-20  2.221477E-18  8.508251E-16
    238  9.009385267910E-02  1.000000E-30  1.000000E-30  1.668496E-28  2.540977E-25  2.889257E-23  2.314246E-20  9.148927E-19  4.170559E-16
    239  9.088007009323E-02  1.000000E-30  1.000000E-30  4.054774E-29  7.247569E-26  9.182858E-24  8.713781E-21  3.834236E-19  2.070854E-16
    240  9.160938796651E-02  1.000000E-30  1.000000E-30  1.068250E-29  2.220349E-26  3.121458E-24  3.482405E-21  1.695068E-19  1.072244E-16
    241  9.231864750676E-02  1.000000E-30  1.000000E-30  2.766569E-30  6.860073E-27  1.078630E-24  1.413246E-21  7.589497E-20  5.602658E-17
    242  9.335415502949E-02  1.000000E-30  1.000000E-30  1.000000E-30  1.197144E-27  2.217727E-25  3.701239E-22  2.302044E-20  2.137600E-17
    243  9.429165011748E-02  1.000000E-30  1.000000E-30  1.000000E-30  2.449817E-28  5.265045E-26  1.088366E-22  7.716262E-21  8.824122E-18
    244  9.514750284226E-02  1.000000E-30  1.000000E-30  1.000000E-30  5.730472E-29  1.391812E-26  3.498465E-23  2.802669E-21  3.889052E-18
    245  9.592869681963E-02  1.000000E-30  1.000000E-30  1.000000E-30  1.511252E-29  4.112530E-27  1.235358E-23  1.105183E-21  1.829591E-18
    246  9.638259128200E-02  1.000000E-30  1.000000E-30  1.000000E-30  6.949335E-30  2.010185E-27  6.694932E-24  6.391828E-22  1.174419E-18
    247  9.686466198075E-02  1.000000E-30  1.000000E-30  1.000000E-30  3.004538E-30  9.326258E-28  3.481234E-24  3.563931E-22  7.317836E-19
    248  9.745016881397E-02  1.000000E-30  1.000000E-30  1.000000E-30  1.089335E-30  3.655335E-28  1.567862E-24  1.747831E-22  4.108966E-19
    249  9.798964068785E-02  1.000000E-30  1.000000E-30  1.000000E-30  1.000000E-30  1.534950E-28  7.485938E-25  9.029993E-23  2.406340E-19
    250  9.892639389759E-02  1.000000E-30  1.000000E-30  1.000000E-30  1.000000E-30  3.324115E-29  2.040361E-25  2.829447E-23  9.403832E-20
    251  9.977784733458E-02  1.000000E-30  1.000000E-30  1.000000E-30  1.000000E-30  8.268644E-30  6.226280E-26  9.794244E-24  3.979253E-20
    252  1.005622893962E-01  1.000000E-30  1.000000E-30  1.000000E-30  1.000000E-30  2.277495E-30  2.054135E-26  3.634260E-24  1.782680E-20
    253  1.013070552067E-01  1.000000E-30  1.000000E-30  1.000000E-30  1.000000E-30  1.000000E-30  7.129712E-27  1.410891E-24  8.279700E-21
    254  1.019791947326E-01  1.000000E-30  1.000000E-30  1.000000E-30  1.000000E-30  1.000000E-30  2.723638E-27  5.967988E-25  4.122523E-21
    255  1.025982572428E-01  1.000000E-30  1.000000E-30  1.000000E-30  1.000000E-30  1.000000E-30  1.112193E-27  2.679325E-25  2.154618E-21
    256  1.032644197032E-01  1.000000E-30  1.000000E-30  1.000000E-30  1.000000E-30  1.000000E-30  4.225492E-28  1.127998E-25  1.068753E-21
    257  1.039121745974E-01  1.000000E-30  1.000000E-30  1.000000E-30  1.000000E-30  1.000000E-30  1.635339E-28  4.828366E-26  5.374574E-22
    258  1.045193471709E-01  1.000000E-30  1.000000E-30  1.000000E-30  1.000000E-30  1.000000E-30  6.676650E-29  2.166004E-26  2.806246E-22
    259  1.051181778144E-01  1.000000E-30  1.000000E-30  1.000000E-30  1.000000E-30  1.000000E-30  2.750604E-29  9.791903E-27  1.474238E-22
    260  1.056826419982E-01  1.000000E-30  1.000000E-30  1.000000E-30  1.000000E-30  1.000000E-30  1.187390E-29  4.612291E-27  8.007483E-23
    261  1.062431336111E-01  1.000000E-30  1.000000E-30  1.000000E-30  1.000000E-30  1.000000E-30  5.127269E-30  2.166944E-27  4.340901E-23
    262  1.068146627648E-01  1.000000E-30  1.000000E-30  1.000000E-30  1.000000E-30  1.000000E-30  2.185258E-30  1.000104E-27  2.319092E-23
    263  1.073656177930E-01  1.000000E-30  1.000000E-30  1.000000E-30  1.000000E-30  1.000000E-30  1.000000E-30  4.737385E-28  1.264958E-23
    264  1.079139362418E-01  1.000000E-30  1.000000E-30  1.000000E-30  1.000000E-30  1.000000E-30  1.000000E-30  2.230829E-28  6.869611E-24
    265  1.084202130578E-01  1.000000E-30  1.000000E-30  1.000000E-30  1.000000E-30  1.000000E-30  1.000000E-30  1.110214E-28  3.900292E-24
    266  1.089957947327E-01  1.000000E-30  1.000000E-30  1.000000E-30  1.000000E-30  1.000000E-30  1.000000E-30  5.011051E-29  2.044650E-24
    267  1.095139929398E-01  1.000000E-30  1.000000E-30  1.000000E-30  1.000000E-30  1.000000E-30  1.000000E-30  2.439222E-29  1.139286E-24
    268  1.100036617482E-01  1.000000E-30  1.000000E-30  1.000000E-30  1.000000E-30  1.000000E-30  1.000000E-30  1.227087E-29  6.517502E-25
    269  1.105581599754E-01  1.000000E-30  1.000000E-30  1.000000E-30  1.000000E-30  1.000000E-30  1.000000E-30  5.637545E-30  3.454229E-25
    270  1.111738162549E-01  1.000000E-30  1.000000E-30  1.000000E-30  1.000000E-30  1.000000E-30  1.000000E-30  2.390216E-30  1.703193E-25
    271  1.117276452796E-01  1.000000E-30  1.000000E-30  1.000000E-30  1.000000E-30  1.000000E-30  1.000000E-30  1.102802E-30  8.947403E-26
    272  1.122547306619E-01  1.000000E-30  1.000000E-30  1.000000E-30  1.000000E-30  1.000000E-30  1.000000E-30  1.000000E-30  4.828552E-26
    273  1.128196390807E-01  1.000000E-30  1.000000E-30  1.000000E-30  1.000000E-30  1.000000E-30  1.000000E-30  1.000000E-30  2.487701E-26
    274  1.134172103791E-01  1.000000E-30  1.000000E-30  1.000000E-30  1.000000E-30  1.000000E-30  1.000000E-30  1.000000E-30  1.227206E-26
    275  1.139661173569E-01  1.000000E-30  1.000000E-30  1.000000E-30  1.000000E-30  1.000000E-30  1.000000E-30  1.000000E-30  6.366411E-27
    276  1.145721141816E-01  1.000000E-30  1.000000E-30  1.000000E-30  1.000000E-30  1.000000E-30  1.000000E-30  1.000000E-30  3.075844E-27
    277  1.151138636995E-01  1.000000E-30  1.000000E-30  1.000000E-30  1.000000E-30  1.000000E-30  1.000000E-30  1.000000E-30  1.602445E-27
    278  1.160623872824E-01  1.000000E-30  1.000000E-30  1.000000E-30  1.000000E-30  1.000000E-30  1.000000E-30  1.000000E-30  5.025798E-28
    279  1.166131253687E-01  1.000000E-30  1.000000E-30  1.000000E-30  1.000000E-30  1.000000E-30  1.000000E-30  1.000000E-30  2.547957E-28
    280  1.171578902390E-01  1.000000E-30  1.000000E-30  1.000000E-30  1.000000E-30  1.000000E-30  1.000000E-30  1.000000E-30  1.300570E-28
    281  1.179966344325E-01  1.000000E-30  1.000000E-30  1.000000E-30  1.000000E-30  1.000000E-30  1.000000E-30  1.000000E-30  4.549379E-29
    282  1.184626561866E-01  1.000000E-30  1.000000E-30  1.000000E-30  1.000000E-30  1.000000E-30  1.000000E-30  1.000000E-30  2.526940E-29
    283  1.189221956404E-01  1.000000E-30  1.000000E-30  1.000000E-30  1.000000E-30  1.000000E-30  1.000000E-30  1.000000E-30  1.417796E-29
    284  1.197605220964E-01  1.000000E-30  1.000000E-30  1.000000E-30  1.000000E-30  1.000000E-30  1.000000E-30  1.000000E-30  4.934962E-30
    285  1.205341475296E-01  1.000000E-30  1.000000E-30  1.000000E-30  1.000000E-30  1.000000E-30  1.000000E-30  1.000000E-30  1.903927E-30
    286  1.212540834288E-01  1.000000E-30  1.000000E-30  1.000000E-30  1.000000E-30  1.000000E-30  1.000000E-30  1.000000E-30  1.000000E-30
    287  1.219299358624E-01  1.000000E-30  1.000000E-30  1.000000E-30  1.000000E-30  1.000000E-30  1.000000E-30  1.000000E-30  1.000000E-30
    288  1.225766858039E-01  1.000000E-30  1.000000E-30  1.000000E-30  1.000000E-30  1.000000E-30  1.000000E-30  1.000000E-30  1.000000E-30
    289  1.231854533608E-01  1.000000E-30  1.000000E-30  1.000000E-30  1.000000E-30  1.000000E-30  1.000000E-30  1.000000E-30  1.000000E-30
    290  1.237219182154E-01  1.000000E-30  1.000000E-30  1.000000E-30  1.000000E-30  1.000000E-30  1.000000E-30  1.000000E-30  1.000000E-30
    291  1.242404039059E-01  1.000000E-30  1.000000E-30  1.000000E-30  1.000000E-30  1.000000E-30  1.000000E-30  1.000000E-30  1.000000E-30
    292  1.248086455930E-01  1.000000E-30  1.000000E-30  1.000000E-30  1.000000E-30  1.000000E-30  1.000000E-30  1.000000E-30  1.000000E-30
    293  1.253177247642E-01  1.000000E-30  1.000000E-30  1.000000E-30  1.000000E-30  1.000000E-30  1.000000E-30  1.000000E-30  1.000000E-30
    294  1.258810647447E-01  1.000000E-30  1.000000E-30  1.000000E-30  1.000000E-30  1.000000E-30  1.000000E-30  1.000000E-30  1.000000E-30
    295  1.264205598797E-01  1.000000E-30  1.000000E-30  1.000000E-30  1.000000E-30  1.000000E-30  1.000000E-30  1.000000E-30  1.000000E-30
    296  1.270317883483E-01  1.000000E-30  1.000000E-30  1.000000E-30  1.000000E-30  1.000000E-30  1.000000E-30  1.000000E-30  1.000000E-30
    297  1.275757308169E-01  1.000000E-30  1.000000E-30  1.000000E-30  1.000000E-30  1.000000E-30  1.000000E-30  1.000000E-30  1.000000E-30
    298  1.286048671531E-01  1.000000E-30  1.000000E-30  1.000000E-30  1.000000E-30  1.000000E-30  1.000000E-30  1.000000E-30  1.000000E-30
    299  1.290949488661E-01  1.000000E-30  1.000000E-30  1.000000E-30  1.000000E-30  1.000000E-30  1.000000E-30  1.000000E-30  1.000000E-30
    300  1.295345101683E-01  1.000000E-30  1.000000E-30  1.000000E-30  1.000000E-30  1.000000E-30  1.000000E-30  1.000000E-30  1.000000E-30
    301  1.303954523490E-01  1.000000E-30  1.000000E-30  1.000000E-30  1.000000E-30  1.000000E-30  1.000000E-30  1.000000E-30  1.000000E-30
    302  1.308549873199E-01  1.000000E-30  1.000000E-30  1.000000E-30  1.000000E-30  1.000000E-30  1.000000E-30  1.000000E-30  1.000000E-30
    303  1.312776310019E-01  1.000000E-30  1.000000E-30  1.000000E-30  1.000000E-30  1.000000E-30  1.000000E-30  1.000000E-30  1.000000E-30
    304  1.320787884157E-01  1.000000E-30  1.000000E-30  1.000000E-30  1.000000E-30  1.000000E-30  1.000000E-30  1.000000E-30  1.000000E-30
    305  1.327308179063E-01  1.000000E-30  1.000000E-30  1.000000E-30  1.000000E-30  1.000000E-30  1.000000E-30  1.000000E-30  1.000000E-30
    306  1.333821207310E-01  1.000000E-30  1.000000E-30  1.000000E-30  1.000000E-30  1.000000E-30  1.000000E-30  1.000000E-30  1.000000E-30
    307  1.339749669338E-01  1.000000E-30  1.000000E-30  1.000000E-30  1.000000E-30  1.000000E-30  1.000000E-30  1.000000E-30  1.000000E-30
    308  1.345530840576E-01  1.000000E-30  1.000000E-30  1.000000E-30  1.000000E-30  1.000000E-30  1.000000E-30  1.000000E-30  1.000000E-30
    309  1.351098094661E-01  1.000000E-30  1.000000E-30  1.000000E-30  1.000000E-30  1.000000E-30  1.000000E-30  1.000000E-30  1.000000E-30
    310  1.359304916944E-01  1.000000E-30  1.000000E-30  1.000000E-30  1.000000E-30  1.000000E-30  1.000000E-30  1.000000E-30  1.000000E-30
    311  1.363572082699E-01  1.000000E-30  1.000000E-30  1.000000E-30  1.000000E-30  1.000000E-30  1.000000E-30  1.000000E-30  1.000000E-30
    312  1.367788244083E-01  1.000000E-30  1.000000E-30  1.000000E-30  1.000000E-30  1.000000E-30  1.000000E-30  1.000000E-30  1.000000E-30
    313  1.375777712339E-01  1.000000E-30  1.000000E-30  1.000000E-30  1.000000E-30  1.000000E-30  1.000000E-30  1.000000E-30  1.000000E-30
    314  1.380438267916E-01  1.000000E-30  1.000000E-30  1.000000E-30  1.000000E-30  1.000000E-30  1.000000E-30  1.000000E-30  1.000000E-30
    315  1.384690951451E-01  1.000000E-30  1.000000E-30  1.000000E-30  1.000000E-30  1.000000E-30  1.000000E-30  1.000000E-30  1.000000E-30
    316  1.391087445178E-01  1.000000E-30  1.000000E-30  1.000000E-30  1.000000E-30  1.000000E-30  1.000000E-30  1.000000E-30  1.000000E-30
    317  1.397002518981E-01  1.000000E-30  1.000000E-30  1.000000E-30  1.000000E-30  1.000000E-30  1.000000E-30  1.000000E-30  1.000000E-30
    318  1.402705851668E-01  1.000000E-30  1.000000E-30  1.000000E-30  1.000000E-30  1.000000E-30  1.000000E-30  1.000000E-30  1.000000E-30
    319  1.408634912375E-01  1.000000E-30  1.000000E-30  1.000000E-30  1.000000E-30  1.000000E-30  1.000000E-30  1.000000E-30  1.000000E-30
    320  1.414089642241E-01  1.000000E-30  1.000000E-30  1.000000E-30  1.000000E-30  1.000000E-30  1.000000E-30  1.000000E-30  1.000000E-30
    321  1.419220762512E-01  1.000000E-30  1.000000E-30  1.000000E-30  1.000000E-30  1.000000E-30  1.000000E-30  1.000000E-30  1.000000E-30
    322  1.422771704232E-01  1.000000E-30  1.000000E-30  1.000000E-30  1.000000E-30  1.000000E-30  1.000000E-30  1.000000E-30  1.000000E-30
    323  1.426029315631E-01  1.000000E-30  1.000000E-30  1.000000E-30  1.000000E-30  1.000000E-30  1.000000E-30  1.000000E-30  1.000000E-30
    324  1.430135230101E-01  1.000000E-30  1.000000E-30  1.000000E-30  1.000000E-30  1.000000E-30  1.000000E-30  1.000000E-30  1.000000E-30
    325  1.434683796643E-01  1.000000E-30  1.000000E-30  1.000000E-30  1.000000E-30  1.000000E-30  1.000000E-30  1.000000E-30  1.000000E-30
    326  1.440315208021E-01  1.000000E-30  1.000000E-30  1.000000E-30  1.000000E-30  1.000000E-30  1.000000E-30  1.000000E-30  1.000000E-30
    327  1.445490332405E-01  1.000000E-30  1.000000E-30  1.000000E-30  1.000000E-30  1.000000E-30  1.000000E-30  1.000000E-30  1.000000E-30
    328  1.451370980342E-01  1.000000E-30  1.000000E-30  1.000000E-30  1.000000E-30  1.000000E-30  1.000000E-30  1.000000E-30  1.000000E-30
    329  1.457052374241E-01  1.000000E-30  1.000000E-30  1.000000E-30  1.000000E-30  1.000000E-30  1.000000E-30  1.000000E-30  1.000000E-30
    330  1.463107957421E-01  1.000000E-30  1.000000E-30  1.000000E-30  1.000000E-30  1.000000E-30  1.000000E-30  1.000000E-30  1.000000E-30
    331  1.468752132891E-01  1.000000E-30  1.000000E-30  1.000000E-30  1.000000E-30  1.000000E-30  1.000000E-30  1.000000E-30  1.000000E-30
    332  1.475510939381E-01  1.000000E-30  1.000000E-30  1.000000E-30  1.000000E-30  1.000000E-30  1.000000E-30  1.000000E-30  1.000000E-30
    333  1.481899111058E-01  1.000000E-30  1.000000E-30  1.000000E-30  1.000000E-30  1.000000E-30  1.000000E-30  1.000000E-30  1.000000E-30
    334  1.491767377555E-01  1.000000E-30  1.000000E-30  1.000000E-30  1.000000E-30  1.000000E-30  1.000000E-30  1.000000E-30  1.000000E-30
    335  1.497116139607E-01  1.000000E-30  1.000000E-30  1.000000E-30  1.000000E-30  1.000000E-30  1.000000E-30  1.000000E-30  1.000000E-30
    336  1.502421520731E-01  1.000000E-30  1.000000E-30  1.000000E-30  1.000000E-30  1.000000E-30  1.000000E-30  1.000000E-30  1.000000E-30
    337  1.509052103900E-01  1.000000E-30  1.000000E-30  1.000000E-30  1.000000E-30  1.000000E-30  1.000000E-30  1.000000E-30  1.000000E-30
    338  1.515352476696E-01  1.000000E-30  1.000000E-30  1.000000E-30  1.000000E-30  1.000000E-30  1.000000E-30  1.000000E-30  1.000000E-30
    339  1.521327102765E-01  1.000000E-30  1.000000E-30  1.000000E-30  1.000000E-30  1.000000E-30  1.000000E-30  1.000000E-30  1.000000E-30
    340  1.526678407657E-01  1.000000E-30  1.000000E-30  1.000000E-30  1.000000E-30  1.000000E-30  1.000000E-30  1.000000E-30  1.000000E-30
    341  1.532481602429E-01  1.000000E-30  1.000000E-30  1.000000E-30  1.000000E-30  1.000000E-30  1.000000E-30  1.000000E-30  1.000000E-30
    342  1.535863948111E-01  1.000000E-30  1.000000E-30  1.000000E-30  1.000000E-30  1.000000E-30  1.000000E-30  1.000000E-30  1.000000E-30
    343  1.538995751697E-01  1.000000E-30  1.000000E-30  1.000000E-30  1.000000E-30  1.000000E-30  1.000000E-30  1.000000E-30  1.000000E-30
    344  1.546020187628E-01  1.000000E-30  1.000000E-30  1.000000E-30  1.000000E-30  1.000000E-30  1.000000E-30  1.000000E-30  1.000000E-30
    345  1.552062305672E-01  1.000000E-30  1.000000E-30  1.000000E-30  1.000000E-30  1.000000E-30  1.000000E-30  1.000000E-30  1.000000E-30
    346  1.557875935888E-01  1.000000E-30  1.000000E-30  1.000000E-30  1.000000E-30  1.000000E-30  1.000000E-30  1.000000E-30  1.000000E-30
    347  1.566447447202E-01  1.000000E-30  1.000000E-30  1.000000E-30  1.000000E-30  1.000000E-30  1.000000E-30  1.000000E-30  1.000000E-30
    348  1.574294426159E-01  1.000000E-30  1.000000E-30  1.000000E-30  1.000000E-30  1.000000E-30  1.000000E-30  1.000000E-30  1.000000E-30
    349  1.581710514975E-01  1.000000E-30  1.000000E-30  1.000000E-30  1.000000E-30  1.000000E-30  1.000000E-30  1.000000E-30  1.000000E-30
    350  1.588328903187E-01  1.000000E-30  1.000000E-30  1.000000E-30  1.000000E-30  1.000000E-30  1.000000E-30  1.000000E-30  1.000000E-30
    351  1.594606073659E-01  1.000000E-30  1.000000E-30  1.000000E-30  1.000000E-30  1.000000E-30  1.000000E-30  1.000000E-30  1.000000E-30
    352  1.600565792087E-01  1.000000E-30  1.000000E-30  1.000000E-30  1.000000E-30  1.000000E-30  1.000000E-30  1.000000E-30  1.000000E-30
    353  1.607059625219E-01  1.000000E-30  1.000000E-30  1.000000E-30  1.000000E-30  1.000000E-30  1.000000E-30  1.000000E-30  1.000000E-30
    354  1.613957576202E-01  1.000000E-30  1.000000E-30  1.000000E-30  1.000000E-30  1.000000E-30  1.000000E-30  1.000000E-30  1.000000E-30
    355  1.620398820205E-01  1.000000E-30  1.000000E-30  1.000000E-30  1.000000E-30  1.000000E-30  1.000000E-30  1.000000E-30  1.000000E-30
    356  1.627691861850E-01  1.000000E-30  1.000000E-30  1.000000E-30  1.000000E-30  1.000000E-30  1.000000E-30  1.000000E-30  1.000000E-30
    357  1.634667099868E-01  1.000000E-30  1.000000E-30  1.000000E-30  1.000000E-30  1.000000E-30  1.000000E-30  1.000000E-30  1.000000E-30
    358  1.645369737572E-01  1.000000E-30  1.000000E-30  1.000000E-30  1.000000E-30  1.000000E-30  1.000000E-30  1.000000E-30  1.000000E-30
    359  1.651200899964E-01  1.000000E-30  1.000000E-30  1.000000E-30  1.000000E-30  1.000000E-30  1.000000E-30  1.000000E-30  1.000000E-30
    360  1.656939516385E-01  1.000000E-30  1.000000E-30  1.000000E-30  1.000000E-30  1.000000E-30  1.000000E-30  1.000000E-30  1.000000E-30
    361  1.664404283242E-01  1.000000E-30  1.000000E-30  1.000000E-30  1.000000E-30  1.000000E-30  1.000000E-30  1.000000E-30  1.000000E-30
    362  1.671401020014E-01  1.000000E-30  1.000000E-30  1.000000E-30  1.000000E-30  1.000000E-30  1.000000E-30  1.000000E-30  1.000000E-30
    363  1.682228463170E-01  1.000000E-30  1.000000E-30  1.000000E-30  1.000000E-30  1.000000E-30  1.000000E-30  1.000000E-30  1.000000E-30
    364  1.688914277275E-01  1.000000E-30  1.000000E-30  1.000000E-30  1.000000E-30  1.000000E-30  1.000000E-30  1.000000E-30  1.000000E-30
    365  1.695862681704E-01  1.000000E-30  1.000000E-30  1.000000E-30  1.000000E-30  1.000000E-30  1.000000E-30  1.000000E-30  1.000000E-30
    366  1.708796298676E-01  1.000000E-30  1.000000E-30  1.000000E-30  1.000000E-30  1.000000E-30  1.000000E-30  1.000000E-30  1.000000E-30
    367  1.720689125062E-01  1.000000E-30  1.000000E-30  1.000000E-30  1.000000E-30  1.000000E-30  1.000000E-30  1.000000E-30  1.000000E-30
    368  1.730357271347E-01  1.000000E-30  1.000000E-30  1.000000E-30  1.000000E-30  1.000000E-30  1.000000E-30  1.000000E-30  1.000000E-30
    369  1.739185931198E-01  1.000000E-30  1.000000E-30  1.000000E-30  1.000000E-30  1.000000E-30  1.000000E-30  1.000000E-30  1.000000E-30
    370  1.748109107026E-01  1.000000E-30  1.000000E-30  1.000000E-30  1.000000E-30  1.000000E-30  1.000000E-30  1.000000E-30  1.000000E-30
    371  1.757092013639E-01  1.000000E-30  1.000000E-30  1.000000E-30  1.000000E-30  1.000000E-30  1.000000E-30  1.000000E-30  1.000000E-30
    372  1.765567714958E-01  1.000000E-30  1.000000E-30  1.000000E-30  1.000000E-30  1.000000E-30  1.000000E-30  1.000000E-30  1.000000E-30
    373  1.775373762473E-01  1.000000E-30  1.000000E-30  1.000000E-30  1.000000E-30  1.000000E-30  1.000000E-30  1.000000E-30  1.000000E-30
    374  1.784803688374E-01  1.000000E-30  1.000000E-30  1.000000E-30  1.000000E-30  1.000000E-30  1.000000E-30  1.000000E-30  1.000000E-30
    375  1.795112536071E-01  1.000000E-30  1.000000E-30  1.000000E-30  1.000000E-30  1.000000E-30  1.000000E-30  1.000000E-30  1.000000E-30
    376  1.804824008025E-01  1.000000E-30  1.000000E-30  1.000000E-30  1.000000E-30  1.000000E-30  1.000000E-30  1.000000E-30  1.000000E-30
    377  1.815169070317E-01  1.000000E-30  1.000000E-30  1.000000E-30  1.000000E-30  1.000000E-30  1.000000E-30  1.000000E-30  1.000000E-30
    378  1.825428215499E-01  1.000000E-30  1.000000E-30  1.000000E-30  1.000000E-30  1.000000E-30  1.000000E-30  1.000000E-30  1.000000E-30
    379  1.841355644659E-01  1.000000E-30  1.000000E-30  1.000000E-30  1.000000E-30  1.000000E-30  1.000000E-30  1.000000E-30  1.000000E-30
    380  1.856860183354E-01  1.000000E-30  1.000000E-30  1.000000E-30  1.000000E-30  1.000000E-30  1.000000E-30  1.000000E-30  1.000000E-30
    381  1.870847965371E-01  1.000000E-30  1.000000E-30  1.000000E-30  1.000000E-30  1.000000E-30  1.000000E-30  1.000000E-30  1.000000E-30
    382  1.883699545972E-01  1.000000E-30  1.000000E-30  1.000000E-30  1.000000E-30  1.000000E-30  1.000000E-30  1.000000E-30  1.000000E-30
    383  1.895671856375E-01  1.000000E-30  1.000000E-30  1.000000E-30  1.000000E-30  1.000000E-30  1.000000E-30  1.000000E-30  1.000000E-30
    384  1.907324824205E-01  1.000000E-30  1.000000E-30  1.000000E-30  1.000000E-30  1.000000E-30  1.000000E-30  1.000000E-30  1.000000E-30
    385  1.917913284253E-01  1.000000E-30  1.000000E-30  1.000000E-30  1.000000E-30  1.000000E-30  1.000000E-30  1.000000E-30  1.000000E-30
    386  1.928179034582E-01  1.000000E-30  1.000000E-30  1.000000E-30  1.000000E-30  1.000000E-30  1.000000E-30  1.000000E-30  1.000000E-30
    387  1.939781308337E-01  1.000000E-30  1.000000E-30  1.000000E-30  1.000000E-30  1.000000E-30  1.000000E-30  1.000000E-30  1.000000E-30
    388  1.950365569225E-01  1.000000E-30  1.000000E-30  1.000000E-30  1.000000E-30  1.000000E-30  1.000000E-30  1.000000E-30  1.000000E-30
    389  1.963061656501E-01  1.000000E-30  1.000000E-30  1.000000E-30  1.000000E-30  1.000000E-30  1.000000E-30  1.000000E-30  1.000000E-30
    390  1.975160386553E-01  1.000000E-30  1.000000E-30  1.000000E-30  1.000000E-30  1.000000E-30  1.000000E-30  1.000000E-30  1.000000E-30
    391  1.988970783448E-01  1.000000E-30  1.000000E-30  1.000000E-30  1.000000E-30  1.000000E-30  1.000000E-30  1.000000E-30  1.000000E-30
    392  2.001908516564E-01  1.000000E-30  1.000000E-30  1.000000E-30  1.000000E-30  1.000000E-30  1.000000E-30  1.000000E-30  1.000000E-30
    393  2.023233395230E-01  1.000000E-30  1.000000E-30  1.000000E-30  1.000000E-30  1.000000E-30  1.000000E-30  1.000000E-30  1.000000E-30
    394  2.035207364909E-01  1.000000E-30  1.000000E-30  1.000000E-30  1.000000E-30  1.000000E-30  1.000000E-30  1.000000E-30  1.000000E-30
    395  2.047171141817E-01  1.000000E-30  1.000000E-30  1.000000E-30  1.000000E-30  1.000000E-30  1.000000E-30  1.000000E-30  1.000000E-30
    396  2.061861175315E-01  1.000000E-30  1.000000E-30  1.000000E-30  1.000000E-30  1.000000E-30  1.000000E-30  1.000000E-30  1.000000E-30
    397  2.075162532616E-01  1.000000E-30  1.000000E-30  1.000000E-30  1.000000E-30  1.000000E-30  1.000000E-30  1.000000E-30  1.000000E-30
    398  2.088103947538E-01  1.000000E-30  1.000000E-30  1.000000E-30  1.000000E-30  1.000000E-30  1.000000E-30  1.000000E-30  1.000000E-30
    399  2.102374295066E-01  1.000000E-30  1.000000E-30  1.000000E-30  1.000000E-30  1.000000E-30  1.000000E-30  1.000000E-30  1.000000E-30
    400  2.116254943500E-01  1.000000E-30  1.000000E-30  1.000000E-30  1.000000E-30  1.000000E-30  1.000000E-30  1.000000E-30  1.000000E-30
    401  2.137594200207E-01  1.000000E-30  1.000000E-30  1.000000E-30  1.000000E-30  1.000000E-30  1.000000E-30  1.000000E-30  1.000000E-30
    402  2.149968302441E-01  1.000000E-30  1.000000E-30  1.000000E-30  1.000000E-30  1.000000E-30  1.000000E-30  1.000000E-30  1.000000E-30
    403  2.163578604848E-01  1.000000E-30  1.000000E-30  1.000000E-30  1.000000E-30  1.000000E-30  1.000000E-30  1.000000E-30  1.000000E-30
    404  2.188327022992E-01  1.000000E-30  1.000000E-30  1.000000E-30  1.000000E-30  1.000000E-30  1.000000E-30  1.000000E-30  1.000000E-30
    405  2.210861741802E-01  1.000000E-30  1.000000E-30  1.000000E-30  1.000000E-30  1.000000E-30  1.000000E-30  1.000000E-30  1.000000E-30
    406  2.231360986547E-01  1.000000E-30  1.000000E-30  1.000000E-30  1.000000E-30  1.000000E-30  1.000000E-30  1.000000E-30  1.000000E-30
    407  2.249661932162E-01  1.000000E-30  1.000000E-30  1.000000E-30  1.000000E-30  1.000000E-30  1.000000E-30  1.000000E-30  1.000000E-30
    408  2.266023391923E-01  1.000000E-30  1.000000E-30  1.000000E-30  1.000000E-30  1.000000E-30  1.000000E-30  1.000000E-30  1.000000E-30
    409  2.291569547831E-01  1.000000E-30  1.000000E-30  1.000000E-30  1.000000E-30  1.000000E-30  1.000000E-30  1.000000E-30  1.000000E-30
    410  2.305971902523E-01  1.000000E-30  1.000000E-30  1.000000E-30  1.000000E-30  1.000000E-30  1.000000E-30  1.000000E-30  1.000000E-30
    411  2.319348711247E-01  1.000000E-30  1.000000E-30  1.000000E-30  1.000000E-30  1.000000E-30  1.000000E-30  1.000000E-30  1.000000E-30
    412  2.335360820165E-01  1.000000E-30  1.000000E-30  1.000000E-30  1.000000E-30  1.000000E-30  1.000000E-30  1.000000E-30  1.000000E-30
    413  2.351317971316E-01  1.000000E-30  1.000000E-30  1.000000E-30  1.000000E-30  1.000000E-30  1.000000E-30  1.000000E-30  1.000000E-30
    414  2.376293164755E-01  1.000000E-30  1.000000E-30  1.000000E-30  1.000000E-30  1.000000E-30  1.000000E-30  1.000000E-30  1.000000E-30
    415  2.399259738388E-01  1.000000E-30  1.000000E-30  1.000000E-30  1.000000E-30  1.000000E-30  1.000000E-30  1.000000E-30  1.000000E-30
    416  2.420046682363E-01  1.000000E-30  1.000000E-30  1.000000E-30  1.000000E-30  1.000000E-30  1.000000E-30  1.000000E-30  1.000000E-30
    417  2.451201276448E-01  1.000000E-30  1.000000E-30  1.000000E-30  1.000000E-30  1.000000E-30  1.000000E-30  1.000000E-30  1.000000E-30
    418  2.467564269033E-01  1.000000E-30  1.000000E-30  1.000000E-30  1.000000E-30  1.000000E-30  1.000000E-30  1.000000E-30  1.000000E-30
    419  2.483354027874E-01  1.000000E-30  1.000000E-30  1.000000E-30  1.000000E-30  1.000000E-30  1.000000E-30  1.000000E-30  1.000000E-30
    420  2.499258654919E-01  1.000000E-30  1.000000E-30  1.000000E-30  1.000000E-30  1.000000E-30  1.000000E-30  1.000000E-30  1.000000E-30
    421  2.515152656983E-01  1.000000E-30  1.000000E-30  1.000000E-30  1.000000E-30  1.000000E-30  1.000000E-30  1.000000E-30  1.000000E-30
    422  2.542060864984E-01  1.000000E-30  1.000000E-30  1.000000E-30  1.000000E-30  1.000000E-30  1.000000E-30  1.000000E-30  1.000000E-30
    423  2.556901221114E-01  1.000000E-30  1.000000E-30  1.000000E-30  1.000000E-30  1.000000E-30  1.000000E-30  1.000000E-30  1.000000E-30
    424  2.570805114381E-01  1.000000E-30  1.000000E-30  1.000000E-30  1.000000E-30  1.000000E-30  1.000000E-30  1.000000E-30  1.000000E-30
    425  2.598984391343E-01  1.000000E-30  1.000000E-30  1.000000E-30  1.000000E-30  1.000000E-30  1.000000E-30  1.000000E-30  1.000000E-30
    426  2.622653138568E-01  1.000000E-30  1.000000E-30  1.000000E-30  1.000000E-30  1.000000E-30  1.000000E-30  1.000000E-30  1.000000E-30
    427  2.644885215151E-01  1.000000E-30  1.000000E-30  1.000000E-30  1.000000E-30  1.000000E-30  1.000000E-30  1.000000E-30  1.000000E-30
    428  2.667229470066E-01  1.000000E-30  1.000000E-30  1.000000E-30  1.000000E-30  1.000000E-30  1.000000E-30  1.000000E-30  1.000000E-30
    429  2.687894382327E-01  1.000000E-30  1.000000E-30  1.000000E-30  1.000000E-30  1.000000E-30  1.000000E-30  1.000000E-30  1.000000E-30
    430  2.709436570286E-01  1.000000E-30  1.000000E-30  1.000000E-30  1.000000E-30  1.000000E-30  1.000000E-30  1.000000E-30  1.000000E-30
    431  2.728595154549E-01  1.000000E-30  1.000000E-30  1.000000E-30  1.000000E-30  1.000000E-30  1.000000E-30  1.000000E-30  1.000000E-30
    432  2.763050324764E-01  1.000000E-30  1.000000E-30  1.000000E-30  1.000000E-30  1.000000E-30  1.000000E-30  1.000000E-30  1.000000E-30
    433  2.797281875476E-01  1.000000E-30  1.000000E-30  1.000000E-30  1.000000E-30  1.000000E-30  1.000000E-30  1.000000E-30  1.000000E-30
    434  2.831107064370E-01  1.000000E-30  1.000000E-30  1.000000E-30  1.000000E-30  1.000000E-30  1.000000E-30  1.000000E-30  1.000000E-30
    435  2.863632962154E-01  1.000000E-30  1.000000E-30  1.000000E-30  1.000000E-30  1.000000E-30  1.000000E-30  1.000000E-30  1.000000E-30
    436  2.894106333807E-01  1.000000E-30  1.000000E-30  1.000000E-30  1.000000E-30  1.000000E-30  1.000000E-30  1.000000E-30  1.000000E-30
    437  2.941185503109E-01  1.000000E-30  1.000000E-30  1.000000E-30  1.000000E-30  1.000000E-30  1.000000E-30  1.000000E-30  1.000000E-30
    438  2.983685787405E-01  1.000000E-30  1.000000E-30  1.000000E-30  1.000000E-30  1.000000E-30  1.000000E-30  1.000000E-30  1.000000E-30
    439  3.021949729112E-01  1.000000E-30  1.000000E-30  1.000000E-30  1.000000E-30  1.000000E-30  1.000000E-30  1.000000E-30  1.000000E-30
    440  3.059150641439E-01  1.000000E-30  1.000000E-30  1.000000E-30  1.000000E-30  1.000000E-30  1.000000E-30  1.000000E-30  1.000000E-30
    441  3.094680949786E-01  1.000000E-30  1.000000E-30  1.000000E-30  1.000000E-30  1.000000E-30  1.000000E-30  1.000000E-30  1.000000E-30
    442  3.127856926026E-01  1.000000E-30  1.000000E-30  1.000000E-30  1.000000E-30  1.000000E-30  1.000000E-30  1.000000E-30  1.000000E-30
    443  3.178598433803E-01  1.000000E-30  1.000000E-30  1.000000E-30  1.000000E-30  1.000000E-30  1.000000E-30  1.000000E-30  1.000000E-30
    444  3.224504526026E-01  1.000000E-30  1.000000E-30  1.000000E-30  1.000000E-30  1.000000E-30  1.000000E-30  1.000000E-30  1.000000E-30
    445  3.266870398371E-01  1.000000E-30  1.000000E-30  1.000000E-30  1.000000E-30  1.000000E-30  1.000000E-30  1.000000E-30  1.000000E-30
    446  3.305577136787E-01  1.000000E-30  1.000000E-30  1.000000E-30  1.000000E-30  1.000000E-30  1.000000E-30  1.000000E-30  1.000000E-30
    447  3.362681054783E-01  1.000000E-30  1.000000E-30  1.000000E-30  1.000000E-30  1.000000E-30  1.000000E-30  1.000000E-30  1.000000E-30
    448  3.414589872690E-01  1.000000E-30  1.000000E-30  1.000000E-30  1.000000E-30  1.000000E-30  1.000000E-30  1.000000E-30  1.000000E-30
    449  3.462773530350E-01  1.000000E-30  1.000000E-30  1.000000E-30  1.000000E-30  1.000000E-30  1.000000E-30  1.000000E-30  1.000000E-30
    450  3.508856189623E-01  1.000000E-30  1.000000E-30  1.000000E-30  1.000000E-30  1.000000E-30  1.000000E-30  1.000000E-30  1.000000E-30
    451  3.552628710565E-01  1.000000E-30  1.000000E-30  1.000000E-30  1.000000E-30  1.000000E-30  1.000000E-30  1.000000E-30  1.000000E-30
    452  3.595141079779E-01  1.000000E-30  1.000000E-30  1.000000E-30  1.000000E-30  1.000000E-30  1.000000E-30  1.000000E-30  1.000000E-30
    453  3.636744849418E-01  1.000000E-30  1.000000E-30  1.000000E-30  1.000000E-30  1.000000E-30  1.000000E-30  1.000000E-30  1.000000E-30
    454  3.676260234901E-01  1.000000E-30  1.000000E-30  1.000000E-30  1.000000E-30  1.000000E-30  1.000000E-30  1.000000E-30  1.000000E-30
    455  3.714655117309E-01  1.000000E-30  1.000000E-30  1.000000E-30  1.000000E-30  1.000000E-30  1.000000E-30  1.000000E-30  1.000000E-30
    456  3.752653942304E-01  1.000000E-30  1.000000E-30  1.000000E-30  1.000000E-30  1.000000E-30  1.000000E-30  1.000000E-30  1.000000E-30
    457  3.809506426681E-01  1.000000E-30  1.000000E-30  1.000000E-30  1.000000E-30  1.000000E-30  1.000000E-30  1.000000E-30  1.000000E-30
    458  3.865190953769E-01  1.000000E-30  1.000000E-30  1.000000E-30  1.000000E-30  1.000000E-30  1.000000E-30  1.000000E-30  1.000000E-30
    459  3.928522091207E-01  1.000000E-30  1.000000E-30  1.000000E-30  1.000000E-30  1.000000E-30  1.000000E-30  1.000000E-30  1.000000E-30
    460  3.991093841216E-01  1.000000E-30  1.000000E-30  1.000000E-30  1.000000E-30  1.000000E-30  1.000000E-30  1.000000E-30  1.000000E-30
    461  4.054183851758E-01  1.000000E-30  1.000000E-30  1.000000E-30  1.000000E-30  1.000000E-30  1.000000E-30  1.000000E-30  1.000000E-30
    462  4.147392755742E-01  1.000000E-30  1.000000E-30  1.000000E-30  1.000000E-30  1.000000E-30  1.000000E-30  1.000000E-30  1.000000E-30
    463  4.232199499949E-01  1.000000E-30  1.000000E-30  1.000000E-30  1.000000E-30  1.000000E-30  1.000000E-30  1.000000E-30  1.000000E-30
    464  4.316976825025E-01  1.000000E-30  1.000000E-30  1.000000E-30  1.000000E-30  1.000000E-30  1.000000E-30  1.000000E-30  1.000000E-30
    465  4.393401554526E-01  1.000000E-30  1.000000E-30  1.000000E-30  1.000000E-30  1.000000E-30  1.000000E-30  1.000000E-30  1.000000E-30
    466  4.465935084243E-01  1.000000E-30  1.000000E-30  1.000000E-30  1.000000E-30  1.000000E-30  1.000000E-30  1.000000E-30  1.000000E-30
    467  4.537106765818E-01  1.000000E-30  1.000000E-30  1.000000E-30  1.000000E-30  1.000000E-30  1.000000E-30  1.000000E-30  1.000000E-30
    468  4.602314649238E-01  1.000000E-30  1.000000E-30  1.000000E-30  1.000000E-30  1.000000E-30  1.000000E-30  1.000000E-30  1.000000E-30
    469  4.709552966107E-01  1.000000E-30  1.000000E-30  1.000000E-30  1.000000E-30  1.000000E-30  1.000000E-30  1.000000E-30  1.237652E-30
    470  4.769745726746E-01  1.000000E-30  1.000000E-30  1.000000E-30  1.000000E-30  1.000000E-30  1.000000E-30  1.000000E-30  1.281405E-30
    471  4.828178172001E-01  1.000000E-30  1.000000E-30  1.000000E-30  1.000000E-30  1.000000E-30  1.000000E-30  1.000000E-30  1.530979E-30
    472  4.927188450138E-01  1.000000E-30  1.000000E-30  1.000000E-30  1.000000E-30  1.000000E-30  1.102882E-30  1.000000E-30  2.226990E-30
    473  5.000000000000E-01  1.000000E-30  1.000000E-30  1.000000E-30  1.000000E-30  1.000000E-30  1.000000E-30  1.000000E-30  1.912605E-30
