 *                                      
 * expansion:  temp0=  1.000E+10 den0=  3.000E+06 temp_stop=  1.000E+07
 *          time                y95           y96           y97           y98           y99           y100          y101          y102 
      1  0.000000000000E+00  1.000000E-30  1.000000E-30  1.000000E-30  1.000000E-30  1.000000E-30  1.000000E-30  1.000000E-30  1.000000E-30
      2  1.000000000000E-16  1.000000E-30  1.000000E-30  1.000224E-30  1.000812E-30  1.002777E-30  1.000000E-30  1.005926E-30  1.000000E-30
      3  6.264265632874E-16  1.000000E-30  1.000000E-30  1.001457E-30  1.005265E-30  1.017155E-30  1.000000E-30  1.036552E-30  1.000000E-30
      4  2.206990590178E-15  1.000000E-30  1.000000E-30  1.005723E-30  1.020295E-30  1.057991E-30  1.000000E-30  1.122988E-30  1.000000E-30
      5  6.425069294186E-15  1.000000E-30  1.000000E-30  1.021780E-30  1.069747E-30  1.151679E-30  1.000000E-30  1.317861E-30  1.000000E-30
      6  1.724777641531E-14  1.000000E-30  1.000000E-30  1.095200E-30  1.224974E-30  1.330018E-30  1.058898E-30  1.644150E-30  1.000000E-30
      7  4.527785414179E-14  1.000000E-30  1.058715E-30  1.435459E-30  1.683436E-30  1.763524E-30  1.323043E-30  1.946678E-30  1.000000E-30
      8  1.231582592127E-13  1.160118E-30  1.810290E-30  2.417411E-30  2.473318E-30  2.205661E-30  1.457886E-30  2.036614E-30  1.000002E-30
      9  4.001734798240E-13  1.506611E-30  2.178300E-30  2.708104E-30  2.592735E-30  2.239361E-30  1.466347E-30  2.045812E-30  1.000279E-30
     10  1.150918682670E-12  1.495190E-30  2.146602E-30  2.653363E-30  2.542278E-30  2.211990E-30  1.445057E-30  2.025143E-30  1.000000E-30
     11  2.802808442389E-12  1.535162E-30  2.236560E-30  2.788581E-30  2.699143E-30  2.338235E-30  1.519555E-30  2.094407E-30  1.032474E-30
     12  6.912921996243E-12  1.617691E-30  2.392151E-30  2.964143E-30  2.839186E-30  2.484428E-30  1.628193E-30  2.212982E-30  1.076784E-30
     13  1.659368270033E-11  1.000000E-30  1.276548E-30  1.524100E-30  1.427577E-30  1.199483E-30  1.000000E-30  1.000000E-30  1.000000E-30
     14  1.134012897413E-10  1.000000E-30  1.000000E-30  1.000000E-30  1.000000E-30  1.000000E-30  1.000000E-30  1.000000E-30  1.000000E-30
     15  1.081477360150E-09  1.000000E-30  1.000000E-30  1.000000E-30  1.000000E-30  1.000000E-30  1.000000E-30  1.000000E-30  1.000000E-30
     16  1.076223806424E-08  1.000000E-30  1.000000E-30  1.000000E-30  1.000000E-30  1.000000E-30  1.000000E-30  1.000000E-30  1.000000E-30
     17  6.834096797002E-08  1.000000E-30  1.000000E-30  1.000000E-30  1.000000E-30  1.000000E-30  1.000000E-30  1.000000E-30  1.000000E-30
     18  2.542122411654E-07  1.000000E-30  1.000000E-30  1.000000E-30  1.000000E-30  1.000000E-30  1.000000E-30  1.000000E-30  1.000000E-30
     19  7.007518887657E-07  1.000000E-30  1.000000E-30  1.000000E-30  1.000000E-30  1.000000E-30  1.000000E-30  1.000000E-30  1.000000E-30
     20  1.724661805125E-06  1.000000E-30  1.000000E-30  1.000000E-30  1.000000E-30  1.000000E-30  1.000000E-30  1.000000E-30  1.000000E-30
     21  4.267664185819E-06  1.000000E-30  1.000000E-30  1.000000E-30  1.000000E-30  1.000000E-30  1.000000E-30  1.000000E-30  1.000000E-30
     22  1.786211798807E-05  1.000000E-30  1.000000E-30  1.000000E-30  1.000000E-30  1.000000E-30  1.000000E-30  1.000000E-30  1.000000E-30
     23  6.929007850093E-05  1.000000E-30  1.000000E-30  1.000000E-30  1.000000E-30  1.000000E-30  1.000000E-30  1.000000E-30  1.000000E-30
     24  5.835696836295E-04  1.000000E-30  1.000000E-30  1.000000E-30  1.000000E-30  1.000000E-30  1.000000E-30  1.000000E-30  1.000000E-30
     25  1.496090518789E-03  1.000000E-30  1.000000E-30  1.000000E-30  1.000000E-30  1.000000E-30  1.000000E-30  1.000000E-30  1.000000E-30
     26  2.379765156362E-03  1.000000E-30  1.000000E-30  1.000000E-30  1.000000E-30  1.000000E-30  1.000000E-30  1.000000E-30  1.000000E-30
     27  3.772948503579E-03  1.000000E-30  1.000000E-30  1.000000E-30  1.000000E-30  1.000000E-30  1.000000E-30  1.000000E-30  1.000000E-30
     28  4.957278025650E-03  1.000000E-30  1.000000E-30  1.000000E-30  1.000000E-30  1.000000E-30  1.000000E-30  1.000000E-30  1.000000E-30
     29  5.758110286319E-03  1.000000E-30  1.000000E-30  1.000000E-30  1.000000E-30  1.000000E-30  1.000000E-30  1.000000E-30  1.000000E-30
     30  6.636115041812E-03  1.000000E-30  1.000000E-30  1.000000E-30  1.000000E-30  1.000000E-30  1.000000E-30  1.000000E-30  1.000000E-30
     31  7.490864585256E-03  1.000000E-30  1.000000E-30  1.000000E-30  1.000000E-30  1.000000E-30  1.000000E-30  1.000000E-30  1.000000E-30
     32  8.026631019591E-03  1.000000E-30  1.000000E-30  1.000000E-30  1.000000E-30  1.000000E-30  1.000000E-30  1.000000E-30  1.000000E-30
     33  8.451616658664E-03  1.000000E-30  1.000000E-30  1.000000E-30  1.000000E-30  1.000000E-30  1.000000E-30  1.000000E-30  1.000000E-30
     34  9.803471762980E-03  1.000000E-30  1.000000E-30  1.000000E-30  1.000000E-30  1.000000E-30  1.000000E-30  1.000000E-30  1.000000E-30
     35  1.116687552369E-02  1.000000E-30  1.000000E-30  1.000000E-30  1.000000E-30  1.000000E-30  1.000000E-30  1.000000E-30  1.000000E-30
     36  1.219012310682E-02  1.000000E-30  1.000000E-30  1.000000E-30  1.000000E-30  1.000000E-30  1.000000E-30  1.000000E-30  1.000000E-30
     37  1.314647137106E-02  1.000000E-30  1.000000E-30  1.000000E-30  1.000000E-30  1.000000E-30  1.000000E-30  1.000000E-30  1.000000E-30
     38  1.431720408173E-02  1.000000E-30  1.000000E-30  1.000000E-30  1.000000E-30  1.000000E-30  1.000000E-30  1.000000E-30  1.000000E-30
     39  1.545287753035E-02  1.000000E-30  1.000000E-30  1.000000E-30  1.000000E-30  1.000000E-30  1.000000E-30  1.000000E-30  1.000000E-30
     40  1.716820108076E-02  1.000000E-30  1.000000E-30  1.000000E-30  1.000000E-30  1.000000E-30  1.000000E-30  1.000000E-30  1.000000E-30
     41  1.871872199221E-02  1.000000E-30  1.000000E-30  1.000000E-30  1.000000E-30  1.000000E-30  1.000000E-30  1.000000E-30  1.000000E-30
     42  2.131412024987E-02  1.000000E-30  1.000000E-30  1.000000E-30  1.000000E-30  1.000000E-30  1.000000E-30  1.000000E-30  1.000000E-30
     43  2.288535686070E-02  1.000000E-30  1.000000E-30  1.000000E-30  1.000000E-30  1.000000E-30  1.000000E-30  1.000000E-30  1.000000E-30
     44  2.437102778700E-02  1.000000E-30  1.000000E-30  1.000000E-30  1.000000E-30  1.000000E-30  1.000000E-30  1.000000E-30  1.000000E-30
     45  2.666254430666E-02  1.000000E-30  1.000000E-30  1.000000E-30  1.000000E-30  1.000000E-30  1.000000E-30  1.000000E-30  1.000000E-30
     46  2.807329513827E-02  1.000000E-30  1.000000E-30  1.000000E-30  1.000000E-30  1.000000E-30  1.000000E-30  1.000000E-30  1.000000E-30
     47  2.946719119355E-02  1.000000E-30  1.000000E-30  1.000000E-30  1.000000E-30  1.000000E-30  1.000000E-30  1.000000E-30  1.000000E-30
     48  2.982466835475E-02  1.000000E-30  1.000000E-30  1.000000E-30  1.000000E-30  1.000000E-30  1.000000E-30  1.000000E-30  1.000000E-30
     49  3.017238950627E-02  1.000000E-30  1.000000E-30  1.000000E-30  1.000000E-30  1.000000E-30  1.000000E-30  1.000000E-30  1.000000E-30
     50  3.052509122072E-02  1.000000E-30  1.000000E-30  1.000000E-30  1.000000E-30  1.000000E-30  1.000000E-30  1.000000E-30  1.000000E-30
     51  3.066477686677E-02  1.000000E-30  1.000000E-30  1.000000E-30  1.000000E-30  1.000000E-30  1.000000E-30  1.000000E-30  1.000000E-30
     52  3.080037159611E-02  1.000000E-30  1.000000E-30  1.000000E-30  1.000000E-30  1.000000E-30  1.000000E-30  1.000000E-30  1.000000E-30
     53  3.111325257314E-02  1.000000E-30  1.000000E-30  1.000000E-30  1.000000E-30  1.000000E-30  1.000000E-30  1.000000E-30  1.000000E-30
     54  3.147800645819E-02  1.000000E-30  1.000000E-30  1.000000E-30  1.000000E-30  1.000000E-30  1.000000E-30  1.000000E-30  1.000000E-30
     55  3.181357346897E-02  1.000000E-30  1.000000E-30  1.000000E-30  1.000000E-30  1.000000E-30  1.000000E-30  1.000000E-30  1.000000E-30
     56  3.217197145871E-02  1.000000E-30  1.000000E-30  1.000000E-30  1.000000E-30  1.000000E-30  1.000000E-30  1.000000E-30  1.000000E-30
     57  3.249951277145E-02  1.000000E-30  1.000000E-30  1.000000E-30  1.000000E-30  1.000000E-30  1.000000E-30  1.000000E-30  1.000000E-30
     58  3.262595809504E-02  1.000000E-30  1.000000E-30  1.000000E-30  1.000000E-30  1.000000E-30  1.000000E-30  1.000000E-30  1.000000E-30
     59  3.272641576722E-02  1.000000E-30  1.000000E-30  1.000000E-30  1.000000E-30  1.000000E-30  1.000000E-30  1.000000E-30  1.000000E-30
     60  3.304841700500E-02  1.000000E-30  1.000000E-30  1.000000E-30  1.000000E-30  1.000000E-30  1.000000E-30  1.000000E-30  1.000000E-30
     61  3.362823507679E-02  1.000000E-30  1.000000E-30  1.000000E-30  1.000000E-30  1.000000E-30  1.000000E-30  1.000000E-30  1.000000E-30
     62  3.417743618412E-02  1.000000E-30  1.000000E-30  1.000000E-30  1.000000E-30  1.000000E-30  1.000000E-30  1.000000E-30  1.000000E-30
     63  3.448472684867E-02  1.000000E-30  1.000000E-30  1.000000E-30  1.000000E-30  1.000000E-30  1.000000E-30  1.000000E-30  1.000000E-30
     64  3.459225947862E-02  1.000000E-30  1.000000E-30  1.000000E-30  1.000000E-30  1.000000E-30  1.000000E-30  1.000000E-30  1.000000E-30
     65  3.468161085917E-02  1.000000E-30  1.000000E-30  1.000000E-30  1.000000E-30  1.000000E-30  1.000000E-30  1.000000E-30  1.000000E-30
     66  3.501586344154E-02  1.000000E-30  1.000000E-30  1.000000E-30  1.000000E-30  1.000000E-30  1.000000E-30  1.000000E-30  1.000000E-30
     67  3.563385967804E-02  1.000000E-30  1.000000E-30  1.000000E-30  1.000000E-30  1.000000E-30  1.000000E-30  1.000000E-30  1.000000E-30
     68  3.619390900501E-02  1.000000E-30  1.000000E-30  1.000000E-30  1.000000E-30  1.000000E-30  1.000000E-30  1.000000E-30  1.000000E-30
     69  3.661379630041E-02  1.000000E-30  1.000000E-30  1.000000E-30  1.000000E-30  1.000000E-30  1.000000E-30  1.000000E-30  1.000000E-30
     70  3.704099468238E-02  1.000000E-30  1.000000E-30  1.000000E-30  1.000000E-30  1.000000E-30  1.000000E-30  1.000000E-30  1.000000E-30
     71  3.731378163516E-02  1.000000E-30  1.000000E-30  1.000000E-30  1.000000E-30  1.000000E-30  1.000000E-30  1.000000E-30  1.000000E-30
     72  3.757630769329E-02  1.000000E-30  1.000000E-30  1.000000E-30  1.000000E-30  1.000000E-30  1.000000E-30  1.000000E-30  1.000000E-30
     73  3.788075418501E-02  1.000000E-30  1.000000E-30  1.000000E-30  1.000000E-30  1.000000E-30  1.000000E-30  1.000000E-30  1.000000E-30
     74  3.819794660071E-02  1.000000E-30  1.000000E-30  1.000000E-30  1.000000E-30  1.000000E-30  1.000000E-30  1.000000E-30  1.000000E-30
     75  3.838080203158E-02  1.000000E-30  1.000000E-30  1.000000E-30  1.000000E-30  1.000000E-30  1.000000E-30  1.000000E-30  1.000000E-30
     76  3.859219912978E-02  1.000000E-30  1.000000E-30  1.000000E-30  1.000000E-30  1.000000E-30  1.000000E-30  1.000000E-30  1.000000E-30
     77  3.884096228080E-02  1.000000E-30  1.000000E-30  1.000000E-30  1.000000E-30  1.000000E-30  1.000000E-30  1.000000E-30  1.000000E-30
     78  3.907668434759E-02  1.000000E-30  1.000000E-30  1.000000E-30  1.000000E-30  1.000000E-30  1.000000E-30  1.000000E-30  1.000000E-30
     79  3.934936577490E-02  1.000000E-30  1.000000E-30  1.000000E-30  1.000000E-30  1.000000E-30  1.000000E-30  1.000000E-30  1.000000E-30
     80  3.961640452516E-02  1.000000E-30  1.000000E-30  1.000000E-30  1.000000E-30  1.000000E-30  1.000000E-30  1.000000E-30  1.000000E-30
     81  3.991996766101E-02  1.000000E-30  1.000000E-30  1.000000E-30  1.000000E-30  1.000000E-30  1.000000E-30  1.000000E-30  1.000000E-30
     82  4.019473378510E-02  1.000000E-30  1.000000E-30  1.000000E-30  1.000000E-30  1.000000E-30  1.000000E-30  1.000000E-30  1.000000E-30
     83  4.046928694587E-02  1.000000E-30  1.000000E-30  1.000000E-30  1.000000E-30  1.000000E-30  1.000000E-30  1.000000E-30  1.000000E-30
     84  4.074955599116E-02  1.000000E-30  1.000000E-30  1.000000E-30  1.000000E-30  1.000000E-30  1.000000E-30  1.000000E-30  1.000000E-30
     85  4.099011663524E-02  1.000000E-30  1.000000E-30  1.000000E-30  1.000000E-30  1.000000E-30  1.000000E-30  1.000000E-30  1.000000E-30
     86  4.118445936105E-02  1.000000E-30  1.000000E-30  1.000000E-30  1.000000E-30  1.000000E-30  1.000000E-30  1.000000E-30  1.000000E-30
     87  4.137235583218E-02  1.000000E-30  1.000000E-30  1.000000E-30  1.000000E-30  1.000000E-30  1.000000E-30  1.000000E-30  1.000000E-30
     88  4.152714488067E-02  1.000000E-30  1.000000E-30  1.000000E-30  1.000000E-30  1.000000E-30  1.000000E-30  1.000000E-30  1.000000E-30
     89  4.165981986900E-02  1.000000E-30  1.000000E-30  1.000000E-30  1.000000E-30  1.000000E-30  1.000000E-30  1.000000E-30  1.000000E-30
     90  4.188596337322E-02  1.000000E-30  1.000000E-30  1.000000E-30  1.000000E-30  1.000000E-30  1.000000E-30  1.000000E-30  1.000000E-30
     91  4.208159634323E-02  1.000000E-30  1.000000E-30  1.000000E-30  1.000000E-30  1.000000E-30  1.000000E-30  1.000000E-30  1.000000E-30
     92  4.230932596557E-02  1.441913E-30  1.000000E-30  1.000000E-30  1.000000E-30  1.000000E-30  1.000000E-30  1.000000E-30  1.000000E-30
     93  4.251598135750E-02  3.204510E-30  1.000000E-30  1.000000E-30  1.000000E-30  1.000000E-30  1.000000E-30  1.000000E-30  1.000000E-30
     94  4.274368410830E-02  8.131458E-30  1.000000E-30  1.000000E-30  1.000000E-30  1.000000E-30  1.000000E-30  1.000000E-30  1.000000E-30
     95  4.294191711445E-02  1.859032E-29  2.115834E-30  1.000000E-30  1.000000E-30  1.000000E-30  1.000000E-30  1.000000E-30  1.000000E-30
     96  4.316569238790E-02  4.826906E-29  5.616422E-30  1.000000E-30  1.000000E-30  1.000000E-30  1.000000E-30  1.000000E-30  1.000000E-30
     97  4.339365876136E-02  1.300717E-28  1.547825E-29  1.000000E-30  1.000000E-30  1.000000E-30  1.000000E-30  1.000000E-30  1.000000E-30
     98  4.362382833621E-02  3.607136E-28  4.391486E-29  1.648022E-30  1.000000E-30  1.000000E-30  1.000000E-30  1.000000E-30  1.000000E-30
     99  4.384703699487E-02  9.913687E-28  1.233989E-28  4.722845E-30  1.000000E-30  1.000000E-30  1.000000E-30  1.000000E-30  1.000000E-30
    100  4.408801045744E-02  3.033699E-27  3.867636E-28  1.505910E-29  1.000000E-30  1.000000E-30  1.000000E-30  1.000000E-30  1.000000E-30
    101  4.430336182063E-02  8.481181E-27  1.104764E-27  4.368639E-29  1.391352E-30  1.000000E-30  1.000000E-30  1.000000E-30  1.000000E-30
    102  4.453208602613E-02  2.596838E-26  3.460746E-27  1.391212E-28  4.534657E-30  1.000000E-30  1.000000E-30  1.000000E-30  1.000000E-30
    103  4.474836808964E-02  7.669998E-26  1.044646E-26  4.265991E-28  1.416044E-29  1.000000E-30  1.000000E-30  1.000000E-30  1.000000E-30
    104  4.497736119052E-02  2.454277E-25  3.420322E-26  1.420144E-27  4.805512E-29  2.475744E-30  1.000000E-30  1.000000E-30  1.000000E-30
    105  4.517199675598E-02  6.637416E-25  9.432143E-26  3.972027E-27  1.366190E-28  7.073444E-30  1.000000E-30  1.000000E-30  1.000000E-30
    106  4.536038532241E-02  1.735152E-24  2.512922E-25  1.072889E-26  3.749300E-28  1.971457E-29  1.000000E-30  1.000000E-30  1.000000E-30
    107  4.552484255766E-02  3.975999E-24  5.853777E-25  2.529336E-26  8.961678E-28  4.775755E-29  1.000000E-30  1.000000E-30  1.000000E-30
    108  4.581275722245E-02  1.636139E-23  2.479674E-24  1.094284E-25  3.972516E-27  2.167644E-28  3.761176E-30  1.000000E-30  1.000000E-30
    109  4.603616864208E-02  4.715334E-23  7.308536E-24  3.278461E-25  1.212735E-26  6.739650E-28  1.188232E-29  1.000000E-30  1.000000E-30
    110  4.624194314299E-02  1.201838E-22  1.902275E-23  8.665020E-25  3.262149E-26  1.844283E-27  3.306704E-29  2.189913E-30  1.000000E-30
    111  4.641297951594E-02  2.533519E-22  4.080607E-23  1.882639E-24  7.192198E-26  4.124819E-27  7.500112E-29  5.010152E-30  1.000000E-30
    112  4.656990459822E-02  4.894264E-22  8.009564E-23  3.738731E-24  1.447532E-25  8.411158E-27  1.549118E-28  1.049066E-29  1.000000E-30
    113  4.671253119976E-02  8.724254E-22  1.448564E-22  6.833872E-24  2.678230E-25  1.574864E-26  2.934462E-28  2.011992E-29  1.000000E-30
    114  4.684580987606E-02  1.472454E-21  2.478171E-22  1.180809E-23  4.680539E-25  2.783093E-26  5.242568E-28  3.636434E-29  1.430742E-30
    115  4.697520204195E-02  2.412000E-21  4.113220E-22  1.978939E-23  7.931329E-25  4.767417E-26  9.076116E-28  6.366902E-29  2.514038E-30
    116  4.709649788536E-02  3.783875E-21  6.532838E-22  3.171741E-23  1.284433E-24  7.799489E-26  1.499687E-27  1.063224E-28  4.243281E-30
    117  4.721637454993E-02  5.840768E-21  1.020797E-21  5.000838E-23  2.046022E-24  1.254989E-25  2.436964E-27  1.745924E-28  7.041558E-30
    118  4.732862910872E-02  8.689619E-21  1.536169E-21  7.589390E-23  3.135067E-24  1.941238E-25  3.804472E-27  2.752566E-28  1.121141E-29
    119  4.750539400184E-02  1.597289E-20  2.874946E-21  1.439324E-22  6.035993E-24  3.793332E-25  7.542570E-27  5.541788E-28  2.292280E-29
    120  4.767210524850E-02  2.790374E-20  5.108785E-21  2.590145E-22  1.101889E-23  7.023304E-25  1.415869E-26  1.055673E-27  4.431292E-29
    121  4.783406579930E-02  4.730899E-20  8.806575E-21  4.520127E-22  1.949948E-23  1.260093E-24  2.574628E-26  1.947319E-27  8.291958E-29
    122  4.799263518131E-02  7.838822E-20  1.483116E-20  7.704659E-22  3.369465E-23  2.206992E-24  4.569059E-26  3.504637E-27  1.513401E-28
    123  4.815339657435E-02  1.294079E-19  2.489145E-20  1.309021E-21  5.804672E-23  3.854515E-24  8.087176E-26  6.292172E-27  2.756075E-28
    124  4.832264594384E-02  2.171075E-19  4.249322E-20  2.263768E-21  1.018628E-22  6.862652E-24  1.460296E-25  1.153389E-26  5.128399E-28
    125  4.849826454798E-02  3.676965E-19  7.327972E-20  3.956753E-21  1.807692E-22  1.236343E-23  2.669650E-25  2.141821E-26  9.673005E-28
    126  4.867786870736E-02  6.243149E-19  1.267461E-19  6.938745E-21  3.219789E-22  2.236380E-23  4.902138E-25  3.996498E-26  1.833977E-27
    127  4.885872256535E-02  1.054822E-18  2.181778E-19  1.211167E-20  5.709084E-22  4.027639E-23  8.963395E-25  7.426694E-26  3.463399E-27
    128  4.903755607841E-02  1.758304E-18  3.704599E-19  2.085105E-20  9.982425E-22  7.151943E-23  1.615714E-24  1.360349E-25  6.445811E-27
    129  4.921259737621E-02  2.880165E-18  6.178990E-19  3.525202E-20  1.713568E-21  1.246422E-22  2.857561E-24  2.444047E-25  1.176293E-26
    130  4.938368810460E-02  4.638586E-18  1.012908E-18  5.855961E-20  2.889244E-21  2.132997E-22  4.961103E-24  4.309038E-25  2.105812E-26
    131  4.955132280349E-02  7.361053E-18  1.635546E-18  9.579679E-20  4.796053E-21  3.592674E-22  8.475187E-24  7.473414E-25  3.707371E-26
    132  4.971624312404E-02  1.154053E-17  2.608398E-18  1.547552E-19  7.860162E-21  5.973191E-22  1.428875E-23  1.278911E-24  6.438705E-26
    133  4.987811857735E-02  1.786703E-17  4.106739E-18  2.467528E-19  1.271141E-20  9.797348E-22  2.376030E-23  2.158083E-24  1.102368E-25
    134  5.003799836445E-02  2.740553E-17  6.404680E-18  3.896741E-19  2.035688E-20  1.591123E-21  3.911473E-23  3.604635E-24  1.867888E-25
    135  5.019682549602E-02  4.175893E-17  9.921656E-18  6.112309E-19  3.237885E-20  2.566297E-21  6.394547E-23  5.978725E-24  3.142660E-25
    136  5.035511419132E-02  6.330289E-17  1.529037E-17  9.537864E-19  5.123201E-20  4.117498E-21  1.039906E-22  9.864229E-24  5.259427E-25
    137  5.051299755300E-02  9.550458E-17  2.345134E-17  1.481196E-18  8.067322E-20  6.574554E-21  1.682988E-22  1.619636E-23  8.759340E-25
    138  5.067010535678E-02  1.432612E-16  3.575967E-17  2.286842E-18  1.262866E-19  1.043573E-20  2.707529E-22  2.643378E-23  1.450003E-24
    139  5.082726902819E-02  2.141111E-16  5.432963E-17  3.517975E-18  1.969831E-19  1.650593E-20  4.340497E-22  4.299239E-23  2.392037E-24
    140  5.098506829486E-02  3.192460E-16  8.235544E-17  5.400043E-18  3.066062E-19  2.605410E-20  6.944807E-22  6.979392E-23  3.939073E-24
    141  5.114361869269E-02  4.749030E-16  1.245614E-16  8.271352E-18  4.762603E-19  4.104561E-20  1.109110E-21  1.131047E-22  6.475823E-24
    142  5.130328078870E-02  7.052250E-16  1.880946E-16  1.265057E-17  7.387762E-19  6.458326E-20  1.769312E-21  1.831126E-22  1.063708E-23
    143  5.146205644840E-02  1.039935E-15  2.820273E-16  1.921086E-17  1.137776E-18  1.008850E-19  2.801973E-21  2.942800E-22  1.734306E-23
    144  5.162089365231E-02  1.525837E-15  4.207665E-16  2.902921E-17  1.743667E-18  1.568243E-19  4.415887E-21  4.706684E-22  2.814185E-23
    145  5.177902725711E-02  2.222622E-15  6.231916E-16  4.354543E-17  2.652585E-18  2.419831E-19  6.907816E-21  7.471750E-22  4.532228E-23
    146  5.193558292952E-02  3.206311E-15  9.139151E-16  6.466963E-17  3.994476E-18  3.695564E-19  1.069367E-20  1.173623E-21  7.221105E-23
    147  5.207655208218E-02  4.436561E-15  1.283506E-15  9.186286E-17  5.745737E-18  5.383711E-19  1.577049E-20  1.753690E-21  1.092961E-22
    148  5.220437120847E-02  5.927003E-15  1.737968E-15  1.256840E-16  7.951168E-18  7.536672E-19  2.232417E-20  2.512290E-21  1.584126E-22
    149  5.240275279905E-02  9.200845E-15  2.755396E-15  2.025198E-16  1.304264E-17  1.258885E-18  3.794669E-20  4.351383E-21  2.794594E-22
    150  5.258707116153E-02  1.368337E-14  4.178212E-15  3.117265E-16  2.040797E-17  2.002904E-18  6.135082E-20  7.157514E-21  4.674751E-22
    151  5.276353482958E-02  1.978161E-14  6.154120E-15  4.658037E-16  3.097988E-17  3.089632E-18  9.611104E-20  1.140036E-20  7.567159E-22
    152  5.293536770993E-02  2.799682E-14  8.869889E-15  6.808686E-16  4.598571E-17  4.658592E-18  1.471191E-19  1.773579E-20  1.195956E-21
    153  5.310288915571E-02  3.881829E-14  1.251842E-14  9.742166E-16  6.679264E-17  6.870675E-18  2.201910E-19  2.696776E-20  1.846659E-21
    154  5.325369291828E-02  5.156956E-14  1.689896E-14  1.331538E-15  9.253506E-17  9.651067E-18  3.134309E-19  3.893909E-20  2.703657E-21
    155  5.339308966526E-02  6.644349E-14  2.209768E-14  1.761275E-15  1.239415E-16  1.309296E-17  4.304675E-19  5.419040E-20  3.811195E-21
    156  5.362726198018E-02  9.974505E-14  3.401722E-14  2.764845E-15  1.987532E-16  2.145888E-17  7.204678E-19  9.276733E-20  6.668747E-21
    157  5.383816121000E-02  1.406902E-13  4.906641E-14  4.058033E-15  2.972857E-16  3.272490E-17  1.119346E-18  1.470424E-19  1.077784E-20
    158  5.403768730975E-02  1.912469E-13  6.813178E-14  5.729048E-15  4.273224E-16  4.791467E-17  1.668160E-18  2.233484E-19  1.667536E-20
    159  5.422986619970E-02  2.528157E-13  9.193041E-14  7.854976E-15  5.961469E-16  6.804555E-17  2.409834E-18  3.286389E-19  2.497696E-20
    160  5.440569294967E-02  3.220663E-13  1.193339E-13  1.034755E-14  7.979197E-16  9.257819E-17  3.330472E-18  4.619237E-19  3.568446E-20
    161  5.456994612052E-02  3.994146E-13  1.506168E-13  1.324121E-14  1.036368E-15  1.220993E-16  4.457418E-18  6.280771E-19  4.926670E-20
    162  5.485681963417E-02  5.689488E-13  2.212934E-13  1.993371E-14  1.601690E-15  1.938770E-16  7.263525E-18  1.052433E-18  8.480438E-20
    163  5.511708850657E-02  7.666608E-13  3.066137E-13  2.823150E-14  2.322647E-15  2.880895E-16  1.104849E-17  1.641773E-18  1.355567E-19
    164  5.536560227933E-02  1.002530E-12  4.117859E-13  3.872160E-14  3.258535E-15  4.137249E-16  1.622516E-17  2.469785E-18  2.087053E-19
    165  5.559867087093E-02  1.273227E-12  5.362663E-13  5.143770E-14  4.421775E-15  5.739251E-16  2.298692E-17  3.579469E-18  3.091571E-19
    166  5.582344501454E-02  1.587136E-12  6.848797E-13  6.696610E-14  5.876276E-15  7.791461E-16  3.184869E-17  5.069634E-18  4.472071E-19
    167  5.608267729631E-02  2.024282E-12  8.983362E-13  8.981363E-14  8.070872E-15  1.096889E-15  4.590711E-17  7.495921E-18  6.775967E-19
    168  5.632179590432E-02  2.510126E-12  1.143144E-12  1.166670E-13  1.071691E-14  1.490164E-15  6.374150E-17  1.065603E-17  9.852492E-19
    169  5.658568452696E-02  3.152852E-12  1.477521E-12  1.542738E-13  1.452011E-14  2.070751E-15  9.074106E-17  1.557068E-17  1.476072E-18
    170  5.682194908758E-02  3.837079E-12  1.844889E-12  1.966233E-13  1.891384E-14  2.759380E-15  1.235668E-16  2.170597E-17  2.104312E-18
    171  5.707748662895E-02  4.709351E-12  2.328082E-12  2.537078E-13  2.498844E-14  3.736706E-15  1.713138E-16  3.086820E-17  3.066136E-18
    172  5.730159219632E-02  5.602288E-12  2.837924E-12  3.153900E-13  3.171516E-14  4.846701E-15  2.268453E-16  4.179851E-17  4.241407E-18
    173  5.769211250520E-02  7.489436E-12  3.959048E-12  4.553427E-13  4.747834E-14  7.536390E-15  3.657071E-16  7.006942E-17  7.379750E-18
    174  5.804755660481E-02  9.634944E-12  5.295053E-12  6.284337E-13  6.773147E-14  1.113169E-14  5.583345E-16  1.108762E-16  1.208230E-17
    175  5.837706807704E-02  1.205694E-11  6.869741E-12  8.395427E-13  9.331105E-14  1.584053E-14  8.193523E-16  1.682264E-16  1.892215E-17
    176  5.868213309337E-02  1.473317E-11  8.680517E-12  1.090120E-12  1.246694E-13  2.181076E-14  1.160876E-15  2.458438E-16  2.847746E-17
    177  5.897372529375E-02  1.774127E-11  1.079352E-11  1.391388E-12  1.635342E-13  2.944883E-14  1.610979E-15  3.514534E-16  4.187380E-17
    178  5.927019313219E-02  2.131667E-11  1.339940E-11  1.774064E-12  2.144024E-13  3.976474E-14  2.237000E-15  5.030519E-16  6.168147E-17
    179  5.955970264735E-02  2.538195E-11  1.647289E-11  2.238881E-12  2.780566E-13  5.308358E-14  3.069226E-15  7.110228E-16  8.966684E-17
    180  5.987296131417E-02  3.050955E-11  2.049869E-11  2.866508E-12  3.666878E-13  7.223809E-14  4.302829E-15  1.029499E-15  1.338487E-16
    181  6.018239261751E-02  3.642569E-11  2.532728E-11  3.643268E-12  4.799003E-13  9.753449E-14  5.983535E-15  1.478214E-15  1.980827E-16
    182  6.051941164510E-02  4.397470E-11  3.174181E-11  4.709442E-12  6.404873E-13  1.346862E-13  8.533435E-15  2.183267E-15  3.023712E-16
    183  6.081686890997E-02  5.173268E-11  3.859767E-11  5.885930E-12  8.234504E-13  1.784740E-13  1.163536E-14  3.070705E-15  4.378775E-16
    184  6.107970107709E-02  5.955661E-11  4.575531E-11  7.149400E-12  1.025570E-12  2.283192E-13  1.526653E-14  4.141382E-15  6.060227E-16
    185  6.149099227918E-02  7.388707E-11  5.943223E-11  9.649090E-12  1.439605E-12  3.342888E-13  2.325907E-14  6.588321E-15  1.004028E-15
    186  6.184187848266E-02  8.841932E-11  7.396881E-11  1.241035E-11  1.914843E-12  4.610003E-13  3.318696E-14  9.755352E-15  1.539221E-15
    187  6.212841772032E-02  1.021022E-10  8.820295E-11  1.520299E-11  2.411134E-12  5.979365E-13  4.426349E-14  1.341260E-14  2.177323E-15
    188  6.241083345826E-02  1.173940E-10  1.046802E-10  1.853126E-11  3.019920E-12  7.711885E-13  5.868701E-14  1.832570E-14  3.059692E-15
    189  6.286334795077E-02  1.461716E-10  1.371506E-10  2.534691E-11  4.314930E-12  1.155162E-12  9.190112E-14  3.011975E-14  5.261324E-15
    190  6.324448148531E-02  1.751208E-10  1.715299E-10  3.287791E-11  5.807189E-12  1.618070E-12  1.336601E-13  4.563723E-14  8.282324E-15
    191  6.354755735680E-02  2.016742E-10  2.044217E-10  4.034129E-11  7.337963E-12  2.110937E-12  1.796844E-13  6.339124E-14  1.186017E-14
    192  6.382753282149E-02  2.293446E-10  2.399557E-10  4.865206E-11  9.093787E-12  2.694684E-12  2.358428E-13  8.576519E-14  1.650550E-14
    193  6.429792763326E-02  2.835860E-10  3.129729E-10  6.642460E-11  1.299816E-11  4.049151E-12  3.714141E-13  1.421588E-13  2.869112E-14
    194  6.470641913937E-02  3.397690E-10  3.928117E-10  8.676891E-11  1.767109E-11  5.750680E-12  5.495450E-13  2.199540E-13  4.627221E-14
    195  6.514351188605E-02  4.108346E-10  4.992435E-10  1.151297E-10  2.447396E-11  8.347873E-12  8.336519E-13  3.501004E-13  7.700652E-14
    196  6.551961572666E-02  4.823813E-10  6.119344E-10  1.464757E-10  3.231085E-11  1.147842E-11  1.190756E-12  5.212992E-13  1.191601E-13
    197  6.614173306661E-02  6.257130E-10  8.524282E-10  2.171176E-10  5.092653E-11  1.935884E-11  2.139500E-12  1.003737E-12  2.445791E-13
    198  6.666431851744E-02  7.747684E-10  1.120882E-09  3.009327E-10  7.434010E-11  2.992668E-11  3.489387E-12  1.735751E-12  4.464103E-13
    199  6.714973898932E-02  9.412901E-10  1.440211E-09  4.062043E-10  1.053113E-10  4.472910E-11  5.482853E-12  2.880819E-12  7.791974E-13
    200  6.763365269933E-02  1.138676E-09  1.842527E-09  5.460505E-10  1.485752E-10  6.659137E-11  8.582414E-12  4.763815E-12  1.355184E-12
    201  6.810748363549E-02  1.367453E-09  2.337739E-09  7.274872E-10  2.075660E-10  9.809395E-11  1.328221E-11  7.782014E-12  2.326394E-12
    202  6.886988901479E-02  1.823700E-09  3.407035E-09  1.147795E-09  3.536060E-10  1.821137E-10  2.671222E-11  1.708428E-11  5.534205E-12
    203  6.932442343830E-02  2.156710E-09  4.248882E-09  1.501407E-09  4.842870E-10  2.626374E-10  4.041756E-11  2.724695E-11  9.261646E-12
    204  6.977291475786E-02  2.537482E-09  5.268640E-09  1.952208E-09  6.589927E-10  3.761873E-10  6.071505E-11  4.312489E-11  1.537496E-11
    205  7.051837306122E-02  3.304370E-09  7.489080E-09  3.004851E-09  1.094328E-09  6.807368E-10  1.189811E-10  9.223342E-11  3.561159E-11
    206  7.120724846930E-02  4.188364E-09  1.029640E-08  4.450193E-09  1.739094E-09  1.172063E-09  2.206415E-10  1.855696E-10  7.716633E-11
    207  7.185571854523E-02  5.202216E-09  1.380995E-08  6.406263E-09  2.676137E-09  1.946161E-09  3.930879E-10  3.572027E-10  1.593525E-10
    208  7.250556240022E-02  6.423956E-09  1.842295E-08  9.180507E-09  4.101320E-09  3.220951E-09  6.984866E-10  6.863169E-10  3.286588E-10
    209  7.308358088908E-02  7.707201E-09  2.368112E-08  1.258438E-08  5.969411E-09  5.022583E-09  1.160755E-09  1.223255E-09  6.241113E-10
    210  7.365083251161E-02  9.165529E-09  3.014091E-08  1.706989E-08  8.589956E-09  7.737274E-09  1.904166E-09  2.150494E-09  1.168014E-09
    211  7.420607479025E-02  1.080089E-08  3.796779E-08  2.289725E-08  1.221117E-08  1.176346E-08  3.079946E-09  3.723864E-09  2.150963E-09
    212  7.477269193766E-02  1.269471E-08  4.777694E-08  3.073824E-08  1.739730E-08  1.795758E-08  5.010350E-09  6.497457E-09  3.997634E-09
    213  7.532671922740E-02  1.477187E-08  5.944490E-08  4.076452E-08  2.445898E-08  2.702372E-08  8.026685E-09  1.115235E-08  7.301038E-09
    214  7.590819975934E-02  1.718247E-08  7.419665E-08  5.443570E-08  3.473362E-08  4.123660E-08  1.308489E-08  1.955471E-08  1.366837E-08
    215  7.648106882397E-02  1.976036E-08  9.148532E-08  7.177969E-08  4.867240E-08  6.205794E-08  2.102476E-08  3.377547E-08  2.519071E-08
    216  7.706864365518E-02  2.255191E-08  1.121708E-07  9.433945E-08  6.810386E-08  9.347574E-08  3.388415E-08  5.865234E-08  4.677151E-08
    217  7.765097184480E-02  2.535099E-08  1.354115E-07  1.220751E-07  9.379111E-08  1.385638E-07  5.373224E-08  1.002015E-07  8.541363E-08
    218  7.824188421090E-02  2.803857E-08  1.610388E-07  1.558728E-07  1.276028E-07  2.032389E-07  8.442938E-08  1.698929E-07  1.550122E-07
    219  7.883216312169E-02  3.030738E-08  1.871976E-07  1.946457E-07  1.698085E-07  2.917177E-07  1.298687E-07  2.821071E-07  2.755938E-07
    220  7.934760137230E-02  3.169142E-08  2.086193E-07  2.310372E-07  2.131082E-07  3.912866E-07  1.851136E-07  4.300833E-07  4.461155E-07
    221  7.991019390762E-02  3.225212E-08  2.276369E-07  2.702039E-07  2.649174E-07  5.232807E-07  2.646369E-07  6.619507E-07  7.332879E-07
    222  8.044081450283E-02  3.162643E-08  2.384280E-07  3.022990E-07  3.139978E-07  6.647565E-07  3.581405E-07  9.608248E-07  1.132796E-06
    223  8.103419684334E-02  2.945643E-08  2.391122E-07  3.265623E-07  3.618994E-07  8.283900E-07  4.792198E-07  1.391109E-06  1.759085E-06
    224  8.158988408622E-02  2.613191E-08  2.273819E-07  3.331216E-07  3.923328E-07  9.666557E-07  5.979810E-07  1.869727E-06  2.525439E-06
    225  8.219791245697E-02  2.150481E-08  2.019377E-07  3.196663E-07  4.024992E-07  1.075461E-06  7.162315E-07  2.430329E-06  3.529493E-06
    226  8.273529679330E-02  1.710617E-08  1.718630E-07  2.914987E-07  3.894371E-07  1.118416E-06  7.953413E-07  2.902446E-06  4.495638E-06
    227  8.327310875316E-02  1.292561E-08  1.389799E-07  2.527262E-07  3.583386E-07  1.106718E-06  8.407584E-07  3.301479E-06  5.456142E-06
    228  8.381967664174E-02  9.263967E-09  1.067426E-07  2.084571E-07  3.140586E-07  1.044834E-06  8.491739E-07  3.593938E-06  6.345990E-06
    229  8.442137901789E-02  6.108746E-09  7.597448E-08  1.605982E-07  2.587307E-07  9.347035E-07  8.186343E-07  3.764513E-06  7.152530E-06
    230  8.496109010092E-02  4.047057E-09  5.391911E-08  1.224468E-07  2.095440E-07  8.155629E-07  7.641779E-07  3.787779E-06  7.688763E-06
    231  8.556251684447E-02  2.470620E-09  3.554893E-08  8.750175E-08  1.602034E-07  6.778837E-07  6.851196E-07  3.693900E-06  8.074931E-06
    232  8.609514523980E-02  1.556541E-09  2.398147E-08  6.343239E-08  1.233203E-07  5.621860E-07  6.078278E-07  3.532251E-06  8.248228E-06
    233  8.668730402486E-02  9.106745E-10  1.514353E-08  4.342142E-08  9.026568E-08  4.473137E-07  5.215391E-07  3.296092E-06  8.286197E-06
    234  8.725638446658E-02  5.344572E-10  9.566556E-09  2.966235E-08  6.578040E-08  3.534087E-07  4.432585E-07  3.038340E-06  8.203044E-06
    235  8.784892152766E-02  3.024035E-10  5.845830E-09  1.967757E-08  4.668743E-08  2.729994E-07  3.696188E-07  2.758574E-06  8.025299E-06
    236  8.837914431516E-02  1.797806E-10  3.724032E-09  1.349989E-08  3.403371E-08  2.147865E-07  3.115303E-07  2.510187E-06  7.810336E-06
    237  8.927467123273E-02  7.331101E-11  1.707837E-09  7.026500E-09  1.963512E-08  1.411284E-07  2.301550E-07  2.113110E-06  7.371464E-06
    238  9.009385267910E-02  3.175977E-11  8.241142E-10  3.812126E-09  1.171070E-08  9.491441E-08  1.724730E-07  1.786298E-06  6.924416E-06
    239  9.088007009323E-02  1.403798E-11  4.042508E-10  2.095568E-09  7.053682E-09  6.423494E-08  1.296197E-07  1.508779E-06  6.477120E-06
    240  9.160938796651E-02  6.517667E-12  2.068183E-10  1.192841E-09  4.371826E-09  4.439574E-08  9.880552E-08  1.282827E-06  6.058165E-06
    241  9.231864750676E-02  3.062023E-12  1.068301E-10  6.842778E-10  2.725453E-09  3.079913E-08  7.545155E-08  1.090307E-06  5.653040E-06
    242  9.335415502949E-02  9.985381E-13  4.007305E-11  2.998122E-10  1.349325E-09  1.785368E-08  5.038660E-08  8.526701E-07  5.073061E-06
    243  9.429165011748E-02  3.565050E-13  1.624223E-11  1.401036E-10  7.047706E-10  1.077451E-08  3.461015E-08  6.767425E-07  4.565959E-06
    244  9.514750284226E-02  1.371321E-13  7.021230E-12  6.908995E-11  3.849511E-10  6.724778E-09  2.434057E-08  5.438279E-07  4.120119E-06
    245  9.592869681963E-02  5.664728E-14  3.227868E-12  3.586440E-11  2.194746E-10  4.335048E-09  1.751300E-08  4.423702E-07  3.728514E-06
    246  9.638259128200E-02  3.366488E-14  2.041978E-12  2.436322E-11  1.574818E-10  3.342792E-09  1.440180E-08  3.909070E-07  3.506915E-06
    247  9.686466198075E-02  1.926746E-14  1.249345E-12  1.608538E-11  1.102186E-10  2.526474E-09  1.165845E-08  3.416896E-07  3.276425E-06
    248  9.745016881397E-02  9.709138E-15  6.829201E-13  9.650029E-12  7.099361E-11  1.787522E-09  8.969945E-09  2.887253E-07  3.002984E-06
    249  9.798964068785E-02  5.120996E-15  3.883439E-13  5.982030E-12  4.699902E-11  1.291031E-09  7.002166E-09  2.458488E-07  2.757086E-06
    250  9.892639389759E-02  1.648390E-15  1.426469E-13  2.556401E-12  2.252791E-11  7.209100E-10  4.480367E-09  1.831939E-07  2.344142E-06
    251  9.977784733458E-02  5.748418E-16  5.608496E-14  1.154122E-12  1.129519E-11  4.158126E-10  2.928025E-09  1.376727E-07  1.988118E-06
    252  1.005622893962E-01  2.125758E-16  2.318083E-14  5.423035E-13  5.849326E-12  2.453583E-10  1.940730E-09  1.039345E-07  1.679648E-06
    253  1.013070552067E-01  8.099744E-17  9.820138E-15  2.595345E-13  3.071359E-12  1.459721E-10  1.290438E-09  7.827078E-08  1.408605E-06
    254  1.019791947326E-01  3.329374E-17  4.443165E-15  1.310828E-13  1.687262E-12  8.983956E-11  8.787479E-10  5.969185E-08  1.184665E-06
    255  1.025982572428E-01  1.444002E-17  2.106004E-15  6.874356E-14  9.564164E-13  5.659451E-11  6.080735E-10  4.588740E-08  9.972506E-07
    256  1.032644197032E-01  5.782822E-18  9.281882E-16  3.375371E-14  5.107584E-13  3.388137E-11  4.029947E-10  3.407952E-08  8.171214E-07
    257  1.039121745974E-01  2.335037E-18  4.114644E-16  1.660094E-14  2.726808E-13  2.023121E-11  2.658403E-10  2.513491E-08  6.635427E-07
    258  1.045193471709E-01  9.834929E-19  1.891322E-16  8.396142E-15  1.489640E-13  1.228404E-11  1.773305E-10  1.863066E-08  5.386236E-07
    259  1.051181778144E-01  4.139045E-19  8.675897E-17  4.222334E-15  8.084976E-14  7.403499E-12  1.173272E-10  1.368527E-08  4.329596E-07
    260  1.056826419982E-01  1.810212E-19  4.114957E-17  2.177675E-15  4.481596E-14  4.532248E-12  7.847050E-11  1.010720E-08  3.482845E-07
    261  1.062431336111E-01  7.876322E-20  1.940414E-17  1.112061E-15  2.458860E-14  2.746132E-12  5.194530E-11  7.388913E-09  2.773273E-07
    262  1.068146627648E-01  3.343609E-20  8.938618E-18  5.528782E-16  1.315418E-14  1.626177E-12  3.368157E-11  5.304103E-09  2.172987E-07
    263  1.073656177930E-01  1.455171E-20  4.206919E-18  2.783408E-16  7.107364E-15  9.692758E-13  2.192011E-11  3.809409E-09  1.698808E-07
    264  1.079139362418E-01  6.315735E-21  1.973269E-18  1.386186E-16  3.797988E-15  5.714584E-13  1.411447E-11  2.707910E-09  1.314782E-07
    265  1.084202130578E-01  2.915713E-21  9.782642E-19  7.204985E-17  2.106511E-15  3.470935E-13  9.303320E-12  1.956445E-09  1.027919E-07
    266  1.089957947327E-01  1.210347E-21  4.401980E-19  3.383072E-17  1.064762E-15  1.945317E-13  5.724776E-12  1.336949E-09  7.686924E-08
    267  1.095139929398E-01  5.491669E-22  2.146841E-19  1.694087E-17  5.696315E-16  1.142056E-13  3.657614E-12  9.392489E-10  5.859470E-08
    268  1.100036617482E-01  2.605076E-22  1.090396E-19  8.722283E-18  3.121150E-16  6.831830E-14  2.371367E-12  6.665588E-10  4.493965E-08
    269  1.105581599754E-01  1.124814E-22  5.088275E-20  4.072552E-18  1.563026E-16  3.776787E-14  1.436679E-12  4.475707E-10  3.296193E-08
    270  1.111738162549E-01  4.461558E-23  2.201386E-20  1.729095E-18  7.167021E-17  1.930401E-14  8.133520E-13  2.841883E-10  2.309765E-08
    271  1.117276452796E-01  1.951307E-23  1.042186E-20  7.912668E-19  3.511674E-17  1.041688E-14  4.815313E-13  1.867129E-10  1.659399E-08
    272  1.122547306619E-01  8.930145E-24  5.149328E-21  3.732363E-19  1.765675E-17  5.730747E-15  2.894882E-13  1.240180E-10  1.200682E-08
    273  1.128196390807E-01  3.886095E-24  2.436461E-21  1.658109E-19  8.387867E-18  2.989459E-15  1.661566E-13  7.924840E-11  8.413159E-09
    274  1.134172103791E-01  1.617186E-24  1.110068E-21  6.986021E-20  3.786610E-18  1.483844E-15  9.130801E-14  4.882273E-11  5.717464E-09
    275  1.139661173569E-01  7.228059E-25  5.402062E-22  3.144426E-20  1.812159E-18  7.709680E-16  5.212317E-14  3.098231E-11  3.973108E-09
    276  1.145721141816E-01  2.970943E-25  2.443825E-22  1.301511E-20  8.007210E-19  3.702705E-16  2.778961E-14  1.857624E-11  2.634739E-09
    277  1.151138636995E-01  1.340209E-25  1.202633E-22  5.927339E-21  3.856853E-19  1.905243E-16  1.570528E-14  1.166514E-11  1.811268E-09
    278  1.160623872824E-01  3.271516E-26  3.429831E-23  1.500140E-21  1.072362E-19  5.811322E-17  5.654308E-15  5.061253E-12  9.223629E-10
    279  1.166131253687E-01  1.429507E-26  1.643767E-23  6.805944E-22  5.130302E-20  2.884067E-17  3.091910E-15  3.086438E-12  6.176689E-10
    280  1.171578902390E-01  6.256204E-27  7.886306E-24  3.134142E-22  2.489287E-20  1.431029E-17  1.689226E-15  1.878956E-12  4.126928E-10
    281  1.179966344325E-01  1.707415E-27  2.489225E-24  9.547909E-23  8.246316E-21  4.771458E-18  6.546323E-16  8.617751E-13  2.187438E-10
    282  1.184626561866E-01  8.255506E-28  1.301891E-24  4.985984E-23  4.513871E-21  2.576942E-18  3.840265E-16  5.551613E-13  1.527811E-10
    283  1.189221956404E-01  3.992346E-28  6.816662E-25  2.630699E-23  2.502110E-21  1.395660E-18  2.258785E-16  3.582400E-13  1.067989E-10
    284  1.197605220964E-01  1.028114E-28  2.036261E-25  8.178783E-24  8.574366E-22  4.473421E-19  8.435814E-17  1.587479E-13  5.484899E-11
    285  1.205341475296E-01  2.874565E-29  6.534702E-26  2.791053E-24  3.226208E-22  1.546154E-19  3.356700E-17  7.392848E-14  2.928772E-11
    286  1.212540834288E-01  8.591197E-30  2.216734E-26  1.021275E-24  1.301486E-22  5.676960E-20  1.404938E-17  3.583282E-14  1.614217E-11
    287  1.219299358624E-01  2.692238E-30  7.845674E-27  3.936968E-25  5.526087E-23  2.186083E-20  6.127282E-18  1.794113E-14  9.127770E-12
    288  1.225766858039E-01  1.000000E-30  2.854884E-27  1.569264E-25  2.425026E-23  8.699312E-21  2.746605E-18  9.168026E-15  5.243221E-12
    289  1.231854533608E-01  1.000000E-30  1.080790E-27  6.523401E-26  1.106969E-23  3.616694E-21  1.278039E-18  4.822525E-15  3.081906E-12
    290  1.237219182154E-01  1.000000E-30  4.522415E-28  2.980136E-26  5.502118E-24  1.656993E-21  6.468028E-19  2.715575E-15  1.914979E-12
    291  1.242404039059E-01  1.000000E-30  1.925315E-28  1.386771E-26  2.781455E-24  7.757440E-22  3.333867E-19  1.548691E-15  1.201606E-12
    292  1.248086455930E-01  1.000000E-30  7.445474E-29  5.938315E-27  1.305814E-24  3.360240E-22  1.604715E-19  8.303293E-16  7.157197E-13
    293  1.253177247642E-01  1.000000E-30  3.127937E-29  2.744183E-27  6.558715E-25  1.577952E-22  8.283767E-20  4.706824E-16  4.461935E-13
    294  1.258810647447E-01  1.000000E-30  1.181624E-29  1.156982E-27  3.034167E-25  6.820601E-23  3.975454E-20  2.491861E-16  2.625592E-13
    295  1.264205598797E-01  1.000000E-30  4.595311E-30  5.019062E-28  1.438654E-25  3.055069E-23  1.967333E-20  1.345053E-16  1.568813E-13
    296  1.270317883483E-01  1.000000E-30  1.545395E-30  1.923964E-28  6.099435E-26  1.228352E-23  8.855662E-21  6.612474E-17  8.661929E-14
    297  1.275757308169E-01  1.000000E-30  1.000000E-30  8.131381E-29  2.816561E-26  5.478609E-24  4.364603E-21  3.481840E-17  5.060656E-14
    298  1.286048671531E-01  1.000000E-30  1.000000E-30  1.566822E-29  6.417766E-27  1.209800E-24  1.166196E-21  1.012037E-17  1.794051E-14
    299  1.290949488661E-01  1.000000E-30  1.000000E-30  7.246850E-30  3.175119E-27  6.019962E-25  6.314492E-22  5.553958E-18  1.082244E-14
    300  1.295345101683E-01  1.000000E-30  1.000000E-30  3.622568E-30  1.686170E-27  3.240118E-25  3.671806E-22  3.222834E-18  6.842902E-15
    301  1.303954523490E-01  1.000000E-30  1.000000E-30  1.000000E-30  4.958419E-28  9.969814E-26  1.311204E-22  1.094634E-18  2.752531E-15
    302  1.308549873199E-01  1.000000E-30  1.000000E-30  1.000000E-30  2.621852E-28  5.429650E-26  7.698548E-23  6.095593E-19  1.678036E-15
    303  1.312776310019E-01  1.000000E-30  1.000000E-30  1.000000E-30  1.476642E-28  3.140088E-26  4.763012E-23  3.537973E-19  1.059438E-15
    304  1.320787884157E-01  1.000000E-30  1.000000E-30  1.000000E-30  5.219078E-29  1.152134E-26  1.968527E-23  1.248313E-19  4.387503E-16
    305  1.327308179063E-01  1.000000E-30  1.000000E-30  1.000000E-30  2.360902E-29  5.257497E-27  9.778560E-24  5.287621E-20  2.118263E-16
    306  1.333821207310E-01  1.000000E-30  1.000000E-30  1.000000E-30  1.117609E-29  2.457681E-27  4.913225E-24  2.217425E-20  1.013678E-16
    307  1.339749669338E-01  1.000000E-30  1.000000E-30  1.000000E-30  5.866546E-30  1.256985E-27  2.646818E-24  9.997753E-21  5.154867E-17
    308  1.345530840576E-01  1.000000E-30  1.000000E-30  1.000000E-30  3.205789E-30  6.644555E-28  1.451073E-24  4.567281E-21  2.650027E-17
    309  1.351098094661E-01  1.000000E-30  1.000000E-30  1.000000E-30  1.817250E-30  3.645644E-28  8.123680E-25  2.134768E-21  1.388591E-17
    310  1.359304916944E-01  1.000000E-30  1.000000E-30  1.000000E-30  1.000000E-30  1.545351E-28  3.448258E-25  6.921589E-22  5.332797E-18
    311  1.363572082699E-01  1.000000E-30  1.000000E-30  1.000000E-30  1.000000E-30  1.000395E-28  2.202531E-25  3.851480E-22  3.237662E-18
    312  1.367788244083E-01  1.000000E-30  1.000000E-30  1.000000E-30  1.000000E-30  6.543786E-29  1.407919E-25  2.150268E-22  1.972416E-18
    313  1.375777712339E-01  1.000000E-30  1.000000E-30  1.000000E-30  1.000000E-30  2.981473E-29  5.989275E-26  7.136193E-23  7.726619E-19
    314  1.380438267916E-01  1.000000E-30  1.000000E-30  1.000000E-30  1.000000E-30  1.904376E-29  3.622802E-26  3.768760E-23  4.488201E-19
    315  1.384690951451E-01  1.000000E-30  1.000000E-30  1.000000E-30  1.000000E-30  1.269689E-29  2.277081E-26  2.103648E-23  2.735033E-19
    316  1.391087445178E-01  1.000000E-30  1.000000E-30  1.000000E-30  1.000000E-30  6.948966E-30  1.124247E-26  8.796941E-24  1.305452E-19
    317  1.397002518981E-01  1.000000E-30  1.000000E-30  1.000000E-30  1.000000E-30  4.009594E-30  5.822240E-27  3.971960E-24  6.654921E-20
    318  1.402705851668E-01  1.000000E-30  1.000000E-30  1.000000E-30  1.000000E-30  2.368741E-30  3.068940E-27  1.863743E-24  3.509208E-20
    319  1.408634912375E-01  1.000000E-30  1.000000E-30  1.000000E-30  1.000000E-30  1.369012E-30  1.565115E-27  8.561547E-25  1.821380E-20
    320  1.414089642241E-01  1.000000E-30  1.000000E-30  1.000000E-30  1.000000E-30  1.000000E-30  8.407270E-28  4.241198E-25  1.009043E-20
    321  1.419220762512E-01  1.000000E-30  1.000000E-30  1.000000E-30  1.000000E-30  1.000000E-30  4.686247E-28  2.216703E-25  5.856630E-21
    322  1.422771704232E-01  1.000000E-30  1.000000E-30  1.000000E-30  1.000000E-30  1.000000E-30  3.121190E-28  1.419912E-25  4.035639E-21
    323  1.426029315631E-01  1.000000E-30  1.000000E-30  1.000000E-30  1.000000E-30  1.000000E-30  2.150829E-28  9.471027E-26  2.878469E-21
    324  1.430135230101E-01  1.000000E-30  1.000000E-30  1.000000E-30  1.000000E-30  1.000000E-30  1.348564E-28  5.717969E-26  1.890497E-21
    325  1.434683796643E-01  1.000000E-30  1.000000E-30  1.000000E-30  1.000000E-30  1.000000E-30  8.081202E-29  3.293661E-26  1.194611E-21
    326  1.440315208021E-01  1.000000E-30  1.000000E-30  1.000000E-30  1.000000E-30  1.000000E-30  4.325820E-29  1.678715E-26  6.819581E-22
    327  1.445490332405E-01  1.000000E-30  1.000000E-30  1.000000E-30  1.000000E-30  1.000000E-30  2.455910E-29  9.075088E-27  4.087242E-22
    328  1.451370980342E-01  1.000000E-30  1.000000E-30  1.000000E-30  1.000000E-30  1.000000E-30  1.313764E-29  4.555766E-27  2.298097E-22
    329  1.457052374241E-01  1.000000E-30  1.000000E-30  1.000000E-30  1.000000E-30  1.000000E-30  7.327091E-30  2.365626E-27  1.323639E-22
    330  1.463107957421E-01  1.000000E-30  1.000000E-30  1.000000E-30  1.000000E-30  1.000000E-30  4.008817E-30  1.184623E-27  7.347676E-23
    331  1.468752132891E-01  1.000000E-30  1.000000E-30  1.000000E-30  1.000000E-30  1.000000E-30  2.331174E-30  6.288502E-28  4.246631E-23
    332  1.475510939381E-01  1.000000E-30  1.000000E-30  1.000000E-30  1.000000E-30  1.000000E-30  1.247076E-30  3.002884E-28  2.204437E-23
    333  1.481899111058E-01  1.000000E-30  1.000000E-30  1.000000E-30  1.000000E-30  1.000000E-30  1.000000E-30  1.521564E-28  1.181831E-23
    334  1.491767377555E-01  1.000000E-30  1.000000E-30  1.000000E-30  1.000000E-30  1.000000E-30  1.000000E-30  5.595124E-29  4.492671E-24
    335  1.497116139607E-01  1.000000E-30  1.000000E-30  1.000000E-30  1.000000E-30  1.000000E-30  1.000000E-30  3.351411E-29  2.656598E-24
    336  1.502421520731E-01  1.000000E-30  1.000000E-30  1.000000E-30  1.000000E-30  1.000000E-30  1.000000E-30  2.048556E-29  1.570144E-24
    337  1.509052103900E-01  1.000000E-30  1.000000E-30  1.000000E-30  1.000000E-30  1.000000E-30  1.000000E-30  1.137358E-29  8.133255E-25
    338  1.515352476696E-01  1.000000E-30  1.000000E-30  1.000000E-30  1.000000E-30  1.000000E-30  1.000000E-30  6.659906E-30  4.356503E-25
    339  1.521327102765E-01  1.000000E-30  1.000000E-30  1.000000E-30  1.000000E-30  1.000000E-30  1.000000E-30  4.062560E-30  2.401823E-25
    340  1.526678407657E-01  1.000000E-30  1.000000E-30  1.000000E-30  1.000000E-30  1.000000E-30  1.000000E-30  2.632753E-30  1.410628E-25
    341  1.532481602429E-01  1.000000E-30  1.000000E-30  1.000000E-30  1.000000E-30  1.000000E-30  1.000000E-30  1.655505E-30  7.949519E-26
    342  1.535863948111E-01  1.000000E-30  1.000000E-30  1.000000E-30  1.000000E-30  1.000000E-30  1.000000E-30  1.267309E-30  5.699309E-26
    343  1.538995751697E-01  1.000000E-30  1.000000E-30  1.000000E-30  1.000000E-30  1.000000E-30  1.000000E-30  1.000000E-30  4.186051E-26
    344  1.546020187628E-01  1.000000E-30  1.000000E-30  1.000000E-30  1.000000E-30  1.000000E-30  1.000000E-30  1.000000E-30  2.109676E-26
    345  1.552062305672E-01  1.000000E-30  1.000000E-30  1.000000E-30  1.000000E-30  1.000000E-30  1.000000E-30  1.000000E-30  1.182034E-26
    346  1.557875935888E-01  1.000000E-30  1.000000E-30  1.000000E-30  1.000000E-30  1.000000E-30  1.000000E-30  1.000000E-30  6.817568E-27
    347  1.566447447202E-01  1.000000E-30  1.000000E-30  1.000000E-30  1.000000E-30  1.000000E-30  1.000000E-30  1.000000E-30  3.083863E-27
    348  1.574294426159E-01  1.000000E-30  1.000000E-30  1.000000E-30  1.000000E-30  1.000000E-30  1.000000E-30  1.000000E-30  1.526731E-27
    349  1.581710514975E-01  1.000000E-30  1.000000E-30  1.000000E-30  1.000000E-30  1.000000E-30  1.000000E-30  1.000000E-30  7.977772E-28
    350  1.588328903187E-01  1.000000E-30  1.000000E-30  1.000000E-30  1.000000E-30  1.000000E-30  1.000000E-30  1.000000E-30  4.542858E-28
    351  1.594606073659E-01  1.000000E-30  1.000000E-30  1.000000E-30  1.000000E-30  1.000000E-30  1.000000E-30  1.000000E-30  2.693130E-28
    352  1.600565792087E-01  1.000000E-30  1.000000E-30  1.000000E-30  1.000000E-30  1.000000E-30  1.000000E-30  1.000000E-30  1.650196E-28
    353  1.607059625219E-01  1.000000E-30  1.000000E-30  1.000000E-30  1.000000E-30  1.000000E-30  1.000000E-30  1.000000E-30  9.760963E-29
    354  1.613957576202E-01  1.000000E-30  1.000000E-30  1.000000E-30  1.000000E-30  1.000000E-30  1.000000E-30  1.000000E-30  5.623950E-29
    355  1.620398820205E-01  1.000000E-30  1.000000E-30  1.000000E-30  1.000000E-30  1.000000E-30  1.000000E-30  1.000000E-30  3.367798E-29
    356  1.627691861850E-01  1.000000E-30  1.000000E-30  1.000000E-30  1.000000E-30  1.000000E-30  1.000000E-30  1.000000E-30  1.891477E-29
    357  1.634667099868E-01  1.000000E-30  1.000000E-30  1.000000E-30  1.000000E-30  1.000000E-30  1.000000E-30  1.000000E-30  1.089541E-29
    358  1.645369737572E-01  1.000000E-30  1.000000E-30  1.000000E-30  1.000000E-30  1.000000E-30  1.000000E-30  1.000000E-30  4.655496E-30
    359  1.651200899964E-01  1.000000E-30  1.000000E-30  1.000000E-30  1.000000E-30  1.000000E-30  1.000000E-30  1.000000E-30  2.930322E-30
    360  1.656939516385E-01  1.000000E-30  1.000000E-30  1.000000E-30  1.000000E-30  1.000000E-30  1.000000E-30  1.000000E-30  1.845990E-30
    361  1.664404283242E-01  1.000000E-30  1.000000E-30  1.000000E-30  1.000000E-30  1.000000E-30  1.000000E-30  1.000000E-30  1.007395E-30
    362  1.671401020014E-01  1.000000E-30  1.000000E-30  1.000000E-30  1.000000E-30  1.000000E-30  1.000000E-30  1.000000E-30  1.000000E-30
    363  1.682228463170E-01  1.000000E-30  1.000000E-30  1.000000E-30  1.000000E-30  1.000000E-30  1.000000E-30  1.000000E-30  1.000000E-30
    364  1.688914277275E-01  1.000000E-30  1.000000E-30  1.000000E-30  1.000000E-30  1.000000E-30  1.000000E-30  1.000000E-30  1.000000E-30
    365  1.695862681704E-01  1.000000E-30  1.000000E-30  1.000000E-30  1.000000E-30  1.000000E-30  1.000000E-30  1.000000E-30  1.000000E-30
    366  1.708796298676E-01  1.000000E-30  1.000000E-30  1.000000E-30  1.000000E-30  1.000000E-30  1.000000E-30  1.000000E-30  1.000000E-30
    367  1.720689125062E-01  1.000000E-30  1.000000E-30  1.000000E-30  1.000000E-30  1.000000E-30  1.000000E-30  1.000000E-30  1.000000E-30
    368  1.730357271347E-01  1.000000E-30  1.000000E-30  1.000000E-30  1.000000E-30  1.000000E-30  1.000000E-30  1.000000E-30  1.000000E-30
    369  1.739185931198E-01  1.000000E-30  1.000000E-30  1.000000E-30  1.000000E-30  1.000000E-30  1.000000E-30  1.000000E-30  1.000000E-30
    370  1.748109107026E-01  1.000000E-30  1.000000E-30  1.000000E-30  1.000000E-30  1.000000E-30  1.000000E-30  1.000000E-30  1.000000E-30
    371  1.757092013639E-01  1.000000E-30  1.000000E-30  1.000000E-30  1.000000E-30  1.000000E-30  1.000000E-30  1.000000E-30  1.000000E-30
    372  1.765567714958E-01  1.000000E-30  1.000000E-30  1.000000E-30  1.000000E-30  1.000000E-30  1.000000E-30  1.000000E-30  1.000000E-30
    373  1.775373762473E-01  1.000000E-30  1.000000E-30  1.000000E-30  1.000000E-30  1.000000E-30  1.000000E-30  1.000000E-30  1.000000E-30
    374  1.784803688374E-01  1.000000E-30  1.000000E-30  1.000000E-30  1.000000E-30  1.000000E-30  1.000000E-30  1.000000E-30  1.000000E-30
    375  1.795112536071E-01  1.000000E-30  1.000000E-30  1.000000E-30  1.000000E-30  1.000000E-30  1.000000E-30  1.000000E-30  1.000000E-30
    376  1.804824008025E-01  1.000000E-30  1.000000E-30  1.000000E-30  1.000000E-30  1.000000E-30  1.000000E-30  1.000000E-30  1.000000E-30
    377  1.815169070317E-01  1.000000E-30  1.000000E-30  1.000000E-30  1.000000E-30  1.000000E-30  1.000000E-30  1.000000E-30  1.000000E-30
    378  1.825428215499E-01  1.000000E-30  1.000000E-30  1.000000E-30  1.000000E-30  1.000000E-30  1.000000E-30  1.000000E-30  1.000000E-30
    379  1.841355644659E-01  1.000000E-30  1.000000E-30  1.000000E-30  1.000000E-30  1.000000E-30  1.000000E-30  1.000000E-30  1.000000E-30
    380  1.856860183354E-01  1.000000E-30  1.000000E-30  1.000000E-30  1.000000E-30  1.000000E-30  1.000000E-30  1.000000E-30  1.000000E-30
    381  1.870847965371E-01  1.000000E-30  1.000000E-30  1.000000E-30  1.000000E-30  1.000000E-30  1.000000E-30  1.000000E-30  1.000000E-30
    382  1.883699545972E-01  1.000000E-30  1.000000E-30  1.000000E-30  1.000000E-30  1.000000E-30  1.000000E-30  1.000000E-30  1.000000E-30
    383  1.895671856375E-01  1.000000E-30  1.000000E-30  1.000000E-30  1.000000E-30  1.000000E-30  1.000000E-30  1.000000E-30  1.000000E-30
    384  1.907324824205E-01  1.000000E-30  1.000000E-30  1.000000E-30  1.000000E-30  1.000000E-30  1.000000E-30  1.000000E-30  1.000000E-30
    385  1.917913284253E-01  1.000000E-30  1.000000E-30  1.000000E-30  1.000000E-30  1.000000E-30  1.000000E-30  1.000000E-30  1.000000E-30
    386  1.928179034582E-01  1.000000E-30  1.000000E-30  1.000000E-30  1.000000E-30  1.000000E-30  1.000000E-30  1.000000E-30  1.000000E-30
    387  1.939781308337E-01  1.000000E-30  1.000000E-30  1.000000E-30  1.000000E-30  1.000000E-30  1.000000E-30  1.000000E-30  1.000000E-30
    388  1.950365569225E-01  1.000000E-30  1.000000E-30  1.000000E-30  1.000000E-30  1.000000E-30  1.000000E-30  1.000000E-30  1.000000E-30
    389  1.963061656501E-01  1.000000E-30  1.000000E-30  1.000000E-30  1.000000E-30  1.000000E-30  1.000000E-30  1.000000E-30  1.000000E-30
    390  1.975160386553E-01  1.000000E-30  1.000000E-30  1.000000E-30  1.000000E-30  1.000000E-30  1.000000E-30  1.000000E-30  1.000000E-30
    391  1.988970783448E-01  1.000000E-30  1.000000E-30  1.000000E-30  1.000000E-30  1.000000E-30  1.000000E-30  1.000000E-30  1.000000E-30
    392  2.001908516564E-01  1.000000E-30  1.000000E-30  1.000000E-30  1.000000E-30  1.000000E-30  1.000000E-30  1.000000E-30  1.000000E-30
    393  2.023233395230E-01  1.000000E-30  1.000000E-30  1.000000E-30  1.000000E-30  1.000000E-30  1.000000E-30  1.000000E-30  1.000000E-30
    394  2.035207364909E-01  1.000000E-30  1.000000E-30  1.000000E-30  1.000000E-30  1.000000E-30  1.000000E-30  1.000000E-30  1.000000E-30
    395  2.047171141817E-01  1.000000E-30  1.000000E-30  1.000000E-30  1.000000E-30  1.000000E-30  1.000000E-30  1.000000E-30  1.000000E-30
    396  2.061861175315E-01  1.000000E-30  1.000000E-30  1.000000E-30  1.000000E-30  1.000000E-30  1.000000E-30  1.000000E-30  1.000000E-30
    397  2.075162532616E-01  1.000000E-30  1.000000E-30  1.000000E-30  1.000000E-30  1.000000E-30  1.000000E-30  1.000000E-30  1.000000E-30
    398  2.088103947538E-01  1.000000E-30  1.000000E-30  1.000000E-30  1.000000E-30  1.000000E-30  1.000000E-30  1.000000E-30  1.000000E-30
    399  2.102374295066E-01  1.000000E-30  1.000000E-30  1.000000E-30  1.000000E-30  1.000000E-30  1.000000E-30  1.000000E-30  1.000000E-30
    400  2.116254943500E-01  1.000000E-30  1.000000E-30  1.000000E-30  1.000000E-30  1.000000E-30  1.000000E-30  1.000000E-30  1.000000E-30
    401  2.137594200207E-01  1.000000E-30  1.000000E-30  1.000000E-30  1.000000E-30  1.000000E-30  1.000000E-30  1.000000E-30  1.000000E-30
    402  2.149968302441E-01  1.000000E-30  1.000000E-30  1.000000E-30  1.000000E-30  1.000000E-30  1.000000E-30  1.000000E-30  1.000000E-30
    403  2.163578604848E-01  1.000000E-30  1.000000E-30  1.000000E-30  1.000000E-30  1.000000E-30  1.000000E-30  1.000000E-30  1.000000E-30
    404  2.188327022992E-01  1.000000E-30  1.000000E-30  1.000000E-30  1.000000E-30  1.000000E-30  1.000000E-30  1.000000E-30  1.000000E-30
    405  2.210861741802E-01  1.000000E-30  1.000000E-30  1.000000E-30  1.000000E-30  1.000000E-30  1.000000E-30  1.000000E-30  1.000000E-30
    406  2.231360986547E-01  1.000000E-30  1.000000E-30  1.000000E-30  1.000000E-30  1.000000E-30  1.000000E-30  1.000000E-30  1.000000E-30
    407  2.249661932162E-01  1.000000E-30  1.000000E-30  1.000000E-30  1.000000E-30  1.000000E-30  1.000000E-30  1.000000E-30  1.000000E-30
    408  2.266023391923E-01  1.000000E-30  1.000000E-30  1.000000E-30  1.000000E-30  1.000000E-30  1.000000E-30  1.000000E-30  1.000000E-30
    409  2.291569547831E-01  1.000000E-30  1.000000E-30  1.000000E-30  1.000000E-30  1.000000E-30  1.000000E-30  1.000000E-30  1.000000E-30
    410  2.305971902523E-01  1.000000E-30  1.000000E-30  1.000000E-30  1.000000E-30  1.000000E-30  1.000000E-30  1.000000E-30  1.000000E-30
    411  2.319348711247E-01  1.000000E-30  1.000000E-30  1.000000E-30  1.000000E-30  1.000000E-30  1.000000E-30  1.000000E-30  1.000000E-30
    412  2.335360820165E-01  1.000000E-30  1.000000E-30  1.000000E-30  1.000000E-30  1.000000E-30  1.000000E-30  1.000000E-30  1.000000E-30
    413  2.351317971316E-01  1.000000E-30  1.000000E-30  1.000000E-30  1.000000E-30  1.000000E-30  1.000000E-30  1.000000E-30  1.000000E-30
    414  2.376293164755E-01  1.000000E-30  1.000000E-30  1.000000E-30  1.000000E-30  1.000000E-30  1.000000E-30  1.000000E-30  1.000000E-30
    415  2.399259738388E-01  1.000000E-30  1.000000E-30  1.000000E-30  1.000000E-30  1.000000E-30  1.000000E-30  1.000000E-30  1.000000E-30
    416  2.420046682363E-01  1.000000E-30  1.000000E-30  1.000000E-30  1.000000E-30  1.000000E-30  1.000000E-30  1.000000E-30  1.000000E-30
    417  2.451201276448E-01  1.000000E-30  1.000000E-30  1.000000E-30  1.000000E-30  1.000000E-30  1.000000E-30  1.000000E-30  1.000000E-30
    418  2.467564269033E-01  1.000000E-30  1.000000E-30  1.000000E-30  1.000000E-30  1.000000E-30  1.000000E-30  1.000000E-30  1.000000E-30
    419  2.483354027874E-01  1.000000E-30  1.000000E-30  1.000000E-30  1.000000E-30  1.000000E-30  1.000000E-30  1.000000E-30  1.000000E-30
    420  2.499258654919E-01  1.000000E-30  1.000000E-30  1.000000E-30  1.000000E-30  1.000000E-30  1.000000E-30  1.000000E-30  1.000000E-30
    421  2.515152656983E-01  1.000000E-30  1.000000E-30  1.000000E-30  1.000000E-30  1.000000E-30  1.000000E-30  1.000000E-30  1.000000E-30
    422  2.542060864984E-01  1.000000E-30  1.000000E-30  1.000000E-30  1.000000E-30  1.000000E-30  1.000000E-30  1.000000E-30  1.000000E-30
    423  2.556901221114E-01  1.000000E-30  1.000000E-30  1.000000E-30  1.000000E-30  1.000000E-30  1.000000E-30  1.000000E-30  1.000000E-30
    424  2.570805114381E-01  1.000000E-30  1.000000E-30  1.000000E-30  1.000000E-30  1.000000E-30  1.000000E-30  1.000000E-30  1.000000E-30
    425  2.598984391343E-01  1.000000E-30  1.000000E-30  1.000000E-30  1.000000E-30  1.000000E-30  1.000000E-30  1.000000E-30  1.000000E-30
    426  2.622653138568E-01  1.000000E-30  1.000000E-30  1.000000E-30  1.000000E-30  1.000000E-30  1.000000E-30  1.000000E-30  1.000000E-30
    427  2.644885215151E-01  1.000000E-30  1.000000E-30  1.000000E-30  1.000000E-30  1.000000E-30  1.000000E-30  1.000000E-30  1.000000E-30
    428  2.667229470066E-01  1.000000E-30  1.000000E-30  1.000000E-30  1.000000E-30  1.000000E-30  1.000000E-30  1.000000E-30  1.000000E-30
    429  2.687894382327E-01  1.000000E-30  1.000000E-30  1.000000E-30  1.000000E-30  1.000000E-30  1.000000E-30  1.000000E-30  1.000000E-30
    430  2.709436570286E-01  1.000000E-30  1.000000E-30  1.000000E-30  1.000000E-30  1.000000E-30  1.000000E-30  1.000000E-30  1.000000E-30
    431  2.728595154549E-01  1.000000E-30  1.000000E-30  1.000000E-30  1.000000E-30  1.000000E-30  1.000000E-30  1.000000E-30  1.000000E-30
    432  2.763050324764E-01  1.000000E-30  1.000000E-30  1.000000E-30  1.000000E-30  1.000000E-30  1.000000E-30  1.000000E-30  1.000000E-30
    433  2.797281875476E-01  1.000000E-30  1.000000E-30  1.000000E-30  1.000000E-30  1.000000E-30  1.000000E-30  1.000000E-30  1.000000E-30
    434  2.831107064370E-01  1.000000E-30  1.000000E-30  1.000000E-30  1.000000E-30  1.000000E-30  1.000000E-30  1.000000E-30  1.000000E-30
    435  2.863632962154E-01  1.000000E-30  1.000000E-30  1.000000E-30  1.000000E-30  1.000000E-30  1.000000E-30  1.000000E-30  1.000000E-30
    436  2.894106333807E-01  1.000000E-30  1.000000E-30  1.000000E-30  1.000000E-30  1.000000E-30  1.000000E-30  1.000000E-30  1.000000E-30
    437  2.941185503109E-01  1.000000E-30  1.000000E-30  1.000000E-30  1.000000E-30  1.000000E-30  1.000000E-30  1.000000E-30  1.000000E-30
    438  2.983685787405E-01  1.000000E-30  1.000000E-30  1.000000E-30  1.000000E-30  1.000000E-30  1.000000E-30  1.000000E-30  1.000000E-30
    439  3.021949729112E-01  1.000000E-30  1.000000E-30  1.000000E-30  1.000000E-30  1.000000E-30  1.000000E-30  1.000000E-30  1.000000E-30
    440  3.059150641439E-01  1.000000E-30  1.000000E-30  1.000000E-30  1.000000E-30  1.000000E-30  1.000000E-30  1.000000E-30  1.000000E-30
    441  3.094680949786E-01  1.000000E-30  1.000000E-30  1.000000E-30  1.000000E-30  1.000000E-30  1.000000E-30  1.000000E-30  1.000000E-30
    442  3.127856926026E-01  1.000000E-30  1.000000E-30  1.000000E-30  1.000000E-30  1.000000E-30  1.000000E-30  1.000000E-30  1.000000E-30
    443  3.178598433803E-01  1.000000E-30  1.000000E-30  1.000000E-30  1.000000E-30  1.000000E-30  1.000000E-30  1.000000E-30  1.000000E-30
    444  3.224504526026E-01  1.000000E-30  1.000000E-30  1.000000E-30  1.000000E-30  1.000000E-30  1.000000E-30  1.000000E-30  1.000000E-30
    445  3.266870398371E-01  1.000000E-30  1.000000E-30  1.000000E-30  1.000000E-30  1.000000E-30  1.000000E-30  1.000000E-30  1.000000E-30
    446  3.305577136787E-01  1.000000E-30  1.000000E-30  1.000000E-30  1.000000E-30  1.000000E-30  1.000000E-30  1.000000E-30  1.000000E-30
    447  3.362681054783E-01  1.000000E-30  1.000000E-30  1.000000E-30  1.000000E-30  1.000000E-30  1.000000E-30  1.000000E-30  1.000000E-30
    448  3.414589872690E-01  1.000000E-30  1.000000E-30  1.000000E-30  1.000000E-30  1.000000E-30  1.000000E-30  1.000000E-30  1.000000E-30
    449  3.462773530350E-01  1.000000E-30  1.000000E-30  1.000000E-30  1.000000E-30  1.000000E-30  1.000000E-30  1.000000E-30  1.000000E-30
    450  3.508856189623E-01  1.000000E-30  1.000000E-30  1.000000E-30  1.000000E-30  1.000000E-30  1.000000E-30  1.000000E-30  1.000000E-30
    451  3.552628710565E-01  1.000000E-30  1.000000E-30  1.000000E-30  1.000000E-30  1.000000E-30  1.000000E-30  1.000000E-30  1.000000E-30
    452  3.595141079779E-01  1.000000E-30  1.000000E-30  1.000000E-30  1.000000E-30  1.000000E-30  1.000000E-30  1.000000E-30  1.000000E-30
    453  3.636744849418E-01  1.000000E-30  1.000000E-30  1.000000E-30  1.000000E-30  1.000000E-30  1.000000E-30  1.000000E-30  1.000000E-30
    454  3.676260234901E-01  1.000000E-30  1.000000E-30  1.000000E-30  1.000000E-30  1.000000E-30  1.000000E-30  1.000000E-30  1.000000E-30
    455  3.714655117309E-01  1.000000E-30  1.000000E-30  1.000000E-30  1.000000E-30  1.000000E-30  1.000000E-30  1.000000E-30  1.000000E-30
    456  3.752653942304E-01  1.000000E-30  1.000000E-30  1.000000E-30  1.000000E-30  1.000000E-30  1.000000E-30  1.000000E-30  1.000000E-30
    457  3.809506426681E-01  1.000000E-30  1.000000E-30  1.000000E-30  1.000000E-30  1.000000E-30  1.000000E-30  1.000000E-30  1.000000E-30
    458  3.865190953769E-01  1.000000E-30  1.000000E-30  1.000000E-30  1.000000E-30  1.000000E-30  1.000000E-30  1.000000E-30  1.000000E-30
    459  3.928522091207E-01  1.000000E-30  1.000000E-30  1.000000E-30  1.000000E-30  1.000000E-30  1.000000E-30  1.000000E-30  1.000000E-30
    460  3.991093841216E-01  1.000000E-30  1.000000E-30  1.000000E-30  1.000000E-30  1.000000E-30  1.000000E-30  1.000000E-30  1.000000E-30
    461  4.054183851758E-01  1.000000E-30  1.000000E-30  1.000000E-30  1.000000E-30  1.000000E-30  1.000000E-30  1.000000E-30  1.000000E-30
    462  4.147392755742E-01  1.000000E-30  1.000000E-30  1.000000E-30  1.000000E-30  1.000000E-30  1.000000E-30  1.000000E-30  1.000000E-30
    463  4.232199499949E-01  1.000000E-30  1.000000E-30  1.000000E-30  1.000000E-30  1.000000E-30  1.000000E-30  1.000000E-30  1.000000E-30
    464  4.316976825025E-01  1.000000E-30  1.000000E-30  1.000000E-30  1.000000E-30  1.000000E-30  1.000000E-30  1.000000E-30  3.505436E-30
    465  4.393401554526E-01  1.000000E-30  1.000000E-30  1.450184E-30  1.000000E-30  1.000000E-30  1.000000E-30  1.000000E-30  1.157973E-29
    466  4.465935084243E-01  1.000000E-30  1.000000E-30  1.000000E-30  1.000000E-30  1.000000E-30  1.000000E-30  1.000000E-30  4.275606E-29
    467  4.537106765818E-01  1.000000E-30  1.000000E-30  1.150317E-30  1.000000E-30  1.000000E-30  1.000000E-30  1.779381E-30  1.522703E-28
    468  4.602314649238E-01  1.000000E-30  1.000000E-30  1.477644E-30  1.000000E-30  1.000000E-30  1.100123E-30  5.678205E-30  4.866106E-28
    469  4.709552966107E-01  1.000000E-30  1.000000E-30  2.249319E-30  1.000000E-30  1.108815E-30  5.934042E-30  3.580732E-29  3.247719E-27
    470  4.769745726746E-01  1.000000E-30  1.000000E-30  2.511966E-30  1.000000E-30  1.400355E-30  1.596423E-29  1.038847E-28  9.359727E-27
    471  4.828178172001E-01  1.202659E-30  1.000000E-30  3.118066E-30  1.000000E-30  2.520225E-30  4.300597E-29  2.926730E-28  2.595362E-26
    472  4.927188450138E-01  1.804350E-30  1.057200E-30  5.662289E-30  1.000000E-30  1.037181E-29  2.316792E-28  1.691339E-27  1.436294E-25
    473  5.000000000000E-01  1.658102E-30  1.000000E-30  5.341775E-30  1.619261E-30  3.416576E-29  7.942895E-28  6.122681E-27  4.982706E-25
