 *                                      
 * expansion:  temp0=  1.000E+10 den0=  3.000E+06 temp_stop=  1.000E+07
 *          time                ge88          ge89          ge90          ge91          ge92          ge93          ge94          ge95 
      1  0.000000000000E+00  1.000000E-30  1.000000E-30  1.000000E-30  1.000000E-30  1.000000E-30  1.000000E-30  1.000000E-30  1.000000E-30
      2  1.000000000000E-16  1.000000E-30  1.001918E-30  1.000000E-30  1.001624E-30  1.000000E-30  1.001195E-30  1.000000E-30  1.000000E-30
      3  6.264265632874E-16  1.000000E-30  1.011959E-30  1.000000E-30  1.010135E-30  1.000000E-30  1.007467E-30  1.000000E-30  1.000000E-30
      4  2.206990590178E-15  1.000000E-30  1.041557E-30  1.000000E-30  1.035319E-30  1.000000E-30  1.026081E-30  1.000000E-30  1.000000E-30
      5  6.425069294186E-15  1.000000E-30  1.116645E-30  1.000000E-30  1.099889E-30  1.000000E-30  1.074226E-30  1.000000E-30  1.000000E-30
      6  1.724777641531E-14  1.000000E-30  1.285730E-30  1.000000E-30  1.249267E-30  1.000000E-30  1.188159E-30  1.000000E-30  1.000000E-30
      7  4.527785414179E-14  1.000000E-30  1.599942E-30  1.000000E-30  1.546344E-30  1.000000E-30  1.428121E-30  1.000000E-30  1.000000E-30
      8  1.231582592127E-13  1.000000E-30  1.968728E-30  1.000000E-30  1.959236E-30  1.000000E-30  1.813961E-30  1.000000E-30  1.000000E-30
      9  4.001734798240E-13  1.000000E-30  2.094211E-30  1.000000E-30  2.166925E-30  1.000000E-30  2.091456E-30  1.000000E-30  1.000000E-30
     10  1.150918682670E-12  1.000000E-30  2.095072E-30  1.000000E-30  2.172780E-30  1.000052E-30  2.106710E-30  1.000248E-30  1.000000E-30
     11  2.802808442389E-12  1.010421E-30  2.121542E-30  1.012127E-30  2.180529E-30  1.006636E-30  2.101018E-30  1.000000E-30  1.000011E-30
     12  6.912921996243E-12  1.000000E-30  2.008120E-30  1.000000E-30  2.097436E-30  1.000000E-30  2.059787E-30  1.000000E-30  1.000591E-30
     13  1.659368270033E-11  1.000000E-30  1.428916E-30  1.000000E-30  1.304058E-30  1.000000E-30  1.079808E-30  1.000000E-30  1.000000E-30
     14  1.134012897413E-10  1.000000E-30  1.000000E-30  1.000000E-30  1.000000E-30  1.000000E-30  1.000000E-30  1.000000E-30  1.000000E-30
     15  1.081477360150E-09  1.000000E-30  1.000000E-30  1.000000E-30  1.000000E-30  1.000000E-30  1.000000E-30  1.000000E-30  1.000000E-30
     16  1.076223806424E-08  1.000000E-30  1.000000E-30  1.000000E-30  1.000000E-30  1.000000E-30  1.000000E-30  1.000000E-30  1.000000E-30
     17  6.834096797002E-08  1.000000E-30  1.000000E-30  1.000000E-30  1.000000E-30  1.000000E-30  1.000000E-30  1.000000E-30  1.000000E-30
     18  2.542122411654E-07  1.000000E-30  1.000000E-30  1.000000E-30  1.000000E-30  1.000000E-30  1.000000E-30  1.000000E-30  1.000000E-30
     19  7.007518887657E-07  1.000000E-30  1.000000E-30  1.000000E-30  1.000000E-30  1.000000E-30  1.000000E-30  1.000000E-30  1.000000E-30
     20  1.724661805125E-06  1.000000E-30  1.000000E-30  1.000000E-30  1.000000E-30  1.000000E-30  1.000000E-30  1.000000E-30  1.000000E-30
     21  4.267664185819E-06  1.000000E-30  1.000000E-30  1.000000E-30  1.000000E-30  1.000000E-30  1.000000E-30  1.000000E-30  1.000000E-30
     22  1.786211798807E-05  1.000000E-30  1.000000E-30  1.000000E-30  1.000000E-30  1.000000E-30  1.000000E-30  1.000000E-30  1.000000E-30
     23  6.929007850093E-05  1.000000E-30  1.000000E-30  1.000000E-30  1.000000E-30  1.000000E-30  1.000000E-30  1.000000E-30  1.000000E-30
     24  5.835696836295E-04  1.000000E-30  1.000000E-30  1.000000E-30  1.000000E-30  1.000000E-30  1.000000E-30  1.000000E-30  1.000000E-30
     25  1.496090518789E-03  1.000000E-30  1.000000E-30  1.000000E-30  1.000000E-30  1.000000E-30  1.000000E-30  1.000000E-30  1.000000E-30
     26  2.379765156362E-03  1.000000E-30  1.000000E-30  1.000000E-30  1.000000E-30  1.000000E-30  1.000000E-30  1.000000E-30  1.000000E-30
     27  3.772948503579E-03  1.000000E-30  1.000000E-30  1.000000E-30  1.000000E-30  1.000000E-30  1.000000E-30  1.000000E-30  1.000000E-30
     28  4.957278025650E-03  1.000000E-30  1.000000E-30  1.000000E-30  1.000000E-30  1.000000E-30  1.000000E-30  1.000000E-30  1.000000E-30
     29  5.758110286319E-03  1.000000E-30  1.000000E-30  1.000000E-30  1.000000E-30  1.000000E-30  1.000000E-30  1.000000E-30  1.000000E-30
     30  6.636115041812E-03  1.000000E-30  1.000000E-30  1.000000E-30  1.000000E-30  1.000000E-30  1.000000E-30  1.000000E-30  1.000000E-30
     31  7.490864585256E-03  1.000000E-30  1.000000E-30  1.000000E-30  1.000000E-30  1.000000E-30  1.000000E-30  1.000000E-30  1.000000E-30
     32  8.026631019591E-03  1.000000E-30  1.000000E-30  1.000000E-30  1.000000E-30  1.000000E-30  1.000000E-30  1.000000E-30  1.000000E-30
     33  8.451616658664E-03  1.000000E-30  1.000000E-30  1.000000E-30  1.000000E-30  1.000000E-30  1.000000E-30  1.000000E-30  1.000000E-30
     34  9.803471762980E-03  1.000000E-30  1.000000E-30  1.000000E-30  1.000000E-30  1.000000E-30  1.000000E-30  1.000000E-30  1.000000E-30
     35  1.116687552369E-02  1.000000E-30  1.000000E-30  1.000000E-30  1.000000E-30  1.000000E-30  1.000000E-30  1.000000E-30  1.000000E-30
     36  1.219012310682E-02  1.000000E-30  1.000000E-30  1.000000E-30  1.000000E-30  1.000000E-30  1.000000E-30  1.000000E-30  1.000000E-30
     37  1.314647137106E-02  1.000000E-30  1.000000E-30  1.000000E-30  1.000000E-30  1.000000E-30  1.000000E-30  1.000000E-30  1.000000E-30
     38  1.431720408173E-02  1.000000E-30  1.000000E-30  1.000000E-30  1.000000E-30  1.000000E-30  1.000000E-30  1.000000E-30  1.000000E-30
     39  1.545287753035E-02  1.000000E-30  1.000000E-30  1.000000E-30  1.000000E-30  1.000000E-30  1.000000E-30  1.000000E-30  1.000000E-30
     40  1.716820108076E-02  1.000000E-30  1.000000E-30  1.000000E-30  1.000000E-30  1.000000E-30  1.000000E-30  1.000000E-30  1.000000E-30
     41  1.871872199221E-02  1.000000E-30  1.000000E-30  1.000000E-30  1.000000E-30  1.000000E-30  1.000000E-30  1.000000E-30  1.000000E-30
     42  2.131412024987E-02  1.000000E-30  1.000000E-30  1.000000E-30  1.000000E-30  1.000000E-30  1.000000E-30  1.000000E-30  1.000000E-30
     43  2.288535686070E-02  1.000000E-30  1.000000E-30  1.000000E-30  1.000000E-30  1.000000E-30  1.000000E-30  1.000000E-30  1.000000E-30
     44  2.437102778700E-02  1.000000E-30  1.000000E-30  1.000000E-30  1.000000E-30  1.000000E-30  1.000000E-30  1.000000E-30  1.000000E-30
     45  2.666254430666E-02  1.000000E-30  1.000000E-30  1.000000E-30  1.000000E-30  1.000000E-30  1.000000E-30  1.000000E-30  1.000000E-30
     46  2.807329513827E-02  1.000000E-30  1.000000E-30  1.000000E-30  1.000000E-30  1.000000E-30  1.000000E-30  1.000000E-30  1.000000E-30
     47  2.946719119355E-02  1.000000E-30  1.000000E-30  1.000000E-30  1.000000E-30  1.000000E-30  1.000000E-30  1.000000E-30  1.000000E-30
     48  2.982466835475E-02  1.000000E-30  1.000000E-30  1.000000E-30  1.000000E-30  1.000000E-30  1.000000E-30  1.000000E-30  1.000000E-30
     49  3.017238950627E-02  1.000000E-30  1.000000E-30  1.000000E-30  1.000000E-30  1.000000E-30  1.000000E-30  1.000000E-30  1.000000E-30
     50  3.052509122072E-02  1.000000E-30  1.000000E-30  1.000000E-30  1.000000E-30  1.000000E-30  1.000000E-30  1.000000E-30  1.000000E-30
     51  3.066477686677E-02  1.000000E-30  1.000000E-30  1.000000E-30  1.000000E-30  1.000000E-30  1.000000E-30  1.000000E-30  1.000000E-30
     52  3.080037159611E-02  1.000000E-30  1.000000E-30  1.000000E-30  1.000000E-30  1.000000E-30  1.000000E-30  1.000000E-30  1.000000E-30
     53  3.111325257314E-02  1.000000E-30  1.000000E-30  1.000000E-30  1.000000E-30  1.000000E-30  1.000000E-30  1.000000E-30  1.000000E-30
     54  3.147800645819E-02  1.000000E-30  1.000000E-30  1.000000E-30  1.000000E-30  1.000000E-30  1.000000E-30  1.000000E-30  1.000000E-30
     55  3.181357346897E-02  1.000000E-30  1.000000E-30  1.000000E-30  1.000000E-30  1.000000E-30  1.000000E-30  1.000000E-30  1.000000E-30
     56  3.217197145871E-02  1.000000E-30  1.000000E-30  1.000000E-30  1.000000E-30  1.000000E-30  1.000000E-30  1.000000E-30  1.000000E-30
     57  3.249951277145E-02  1.000000E-30  1.000000E-30  1.000000E-30  1.000000E-30  1.000000E-30  1.000000E-30  1.000000E-30  1.000000E-30
     58  3.262595809504E-02  1.000000E-30  1.000000E-30  1.000000E-30  1.000000E-30  1.000000E-30  1.000000E-30  1.000000E-30  1.000000E-30
     59  3.272641576722E-02  1.000000E-30  1.000000E-30  1.000000E-30  1.000000E-30  1.000000E-30  1.000000E-30  1.000000E-30  1.000000E-30
     60  3.304841700500E-02  1.000000E-30  1.000000E-30  1.000000E-30  1.000000E-30  1.000000E-30  1.000000E-30  1.000000E-30  1.000000E-30
     61  3.362823507679E-02  1.000000E-30  1.000000E-30  1.000000E-30  1.000000E-30  1.000000E-30  1.000000E-30  1.000000E-30  1.000000E-30
     62  3.417743618412E-02  1.000000E-30  1.000000E-30  1.000000E-30  1.000000E-30  1.000000E-30  1.000000E-30  1.000000E-30  1.000000E-30
     63  3.448472684867E-02  1.000000E-30  1.000000E-30  1.000000E-30  1.000000E-30  1.000000E-30  1.000000E-30  1.000000E-30  1.000000E-30
     64  3.459225947862E-02  1.000000E-30  1.000000E-30  1.000000E-30  1.000000E-30  1.000000E-30  1.000000E-30  1.000000E-30  1.000000E-30
     65  3.468161085917E-02  1.000000E-30  1.000000E-30  1.000000E-30  1.000000E-30  1.000000E-30  1.000000E-30  1.000000E-30  1.000000E-30
     66  3.501586344154E-02  1.000000E-30  1.000000E-30  1.000000E-30  1.000000E-30  1.000000E-30  1.000000E-30  1.000000E-30  1.000000E-30
     67  3.563385967804E-02  1.000000E-30  1.000000E-30  1.000000E-30  1.000000E-30  1.000000E-30  1.000000E-30  1.000000E-30  1.000000E-30
     68  3.619390900501E-02  1.000000E-30  1.000000E-30  1.000000E-30  1.000000E-30  1.000000E-30  1.000000E-30  1.000000E-30  1.000000E-30
     69  3.661379630041E-02  1.000000E-30  1.000000E-30  1.000000E-30  1.000000E-30  1.000000E-30  1.000000E-30  1.000000E-30  1.000000E-30
     70  3.704099468238E-02  1.000000E-30  1.000000E-30  1.000000E-30  1.000000E-30  1.000000E-30  1.000000E-30  1.000000E-30  1.000000E-30
     71  3.731378163516E-02  1.000000E-30  1.000000E-30  1.000000E-30  1.000000E-30  1.000000E-30  1.000000E-30  1.000000E-30  1.000000E-30
     72  3.757630769329E-02  1.000000E-30  1.000000E-30  1.000000E-30  1.000000E-30  1.000000E-30  1.000000E-30  1.000000E-30  1.000000E-30
     73  3.788075418501E-02  1.000000E-30  1.000000E-30  1.000000E-30  1.000000E-30  1.000000E-30  1.000000E-30  1.000000E-30  1.000000E-30
     74  3.819794660071E-02  1.000000E-30  1.000000E-30  1.000000E-30  1.000000E-30  1.000000E-30  1.000000E-30  1.000000E-30  1.000000E-30
     75  3.838080203158E-02  1.000000E-30  1.000000E-30  1.000000E-30  1.000000E-30  1.000000E-30  1.000000E-30  1.000000E-30  1.000000E-30
     76  3.859219912978E-02  1.000000E-30  1.000000E-30  1.000000E-30  1.000000E-30  1.000000E-30  1.000000E-30  1.000000E-30  1.000000E-30
     77  3.884096228080E-02  1.000000E-30  1.000000E-30  1.000000E-30  1.000000E-30  1.000000E-30  1.000000E-30  1.000000E-30  1.000000E-30
     78  3.907668434759E-02  1.000000E-30  1.000000E-30  1.000000E-30  1.000000E-30  1.000000E-30  1.000000E-30  1.000000E-30  1.000000E-30
     79  3.934936577490E-02  1.000000E-30  1.000000E-30  1.000000E-30  1.000000E-30  1.000000E-30  1.000000E-30  1.000000E-30  1.000000E-30
     80  3.961640452516E-02  1.000000E-30  1.000000E-30  1.000000E-30  1.000000E-30  1.000000E-30  1.000000E-30  1.000000E-30  1.000000E-30
     81  3.991996766101E-02  1.000000E-30  1.000000E-30  1.000000E-30  1.000000E-30  1.000000E-30  1.000000E-30  1.000000E-30  1.000000E-30
     82  4.019473378510E-02  1.000000E-30  1.000000E-30  1.000000E-30  1.000000E-30  1.000000E-30  1.000000E-30  1.000000E-30  1.000000E-30
     83  4.046928694587E-02  1.000000E-30  1.000000E-30  1.000000E-30  1.000000E-30  1.000000E-30  1.000000E-30  1.000000E-30  1.000000E-30
     84  4.074955599116E-02  1.000000E-30  1.000000E-30  1.000000E-30  1.000000E-30  1.000000E-30  1.000000E-30  1.000000E-30  1.000000E-30
     85  4.099011663524E-02  1.000000E-30  1.000000E-30  1.000000E-30  1.000000E-30  1.000000E-30  1.000000E-30  1.000000E-30  1.000000E-30
     86  4.118445936105E-02  1.000000E-30  1.000000E-30  1.000000E-30  1.000000E-30  1.000000E-30  1.000000E-30  1.000000E-30  1.000000E-30
     87  4.137235583218E-02  1.000000E-30  1.000000E-30  1.000000E-30  1.000000E-30  1.000000E-30  1.000000E-30  1.000000E-30  1.000000E-30
     88  4.152714488067E-02  1.000000E-30  1.000000E-30  1.000000E-30  1.000000E-30  1.000000E-30  1.000000E-30  1.000000E-30  1.000000E-30
     89  4.165981986900E-02  1.000000E-30  1.000000E-30  1.000000E-30  1.000000E-30  1.000000E-30  1.000000E-30  1.000000E-30  1.000000E-30
     90  4.188596337322E-02  1.000000E-30  1.000000E-30  1.000000E-30  1.000000E-30  1.000000E-30  1.000000E-30  1.000000E-30  1.000000E-30
     91  4.208159634323E-02  1.000000E-30  1.000000E-30  1.000000E-30  1.000000E-30  1.000000E-30  1.000000E-30  1.000000E-30  1.000000E-30
     92  4.230932596557E-02  1.000000E-30  1.000000E-30  1.000000E-30  1.000000E-30  1.000000E-30  1.000000E-30  1.000000E-30  1.000000E-30
     93  4.251598135750E-02  1.000000E-30  1.000000E-30  1.000000E-30  1.000000E-30  1.000000E-30  1.000000E-30  1.000000E-30  1.000000E-30
     94  4.274368410830E-02  1.000000E-30  1.000000E-30  1.000000E-30  1.000000E-30  1.000000E-30  1.000000E-30  1.000000E-30  1.000000E-30
     95  4.294191711445E-02  1.000000E-30  1.000000E-30  1.000000E-30  1.000000E-30  1.000000E-30  1.000000E-30  1.000000E-30  1.000000E-30
     96  4.316569238790E-02  1.000000E-30  1.000000E-30  1.000000E-30  1.000000E-30  1.000000E-30  1.000000E-30  1.000000E-30  1.000000E-30
     97  4.339365876136E-02  1.000000E-30  1.000000E-30  1.000000E-30  1.000000E-30  1.000000E-30  1.000000E-30  1.000000E-30  1.000000E-30
     98  4.362382833621E-02  1.000000E-30  1.000000E-30  1.000000E-30  1.000000E-30  1.000000E-30  1.000000E-30  1.000000E-30  1.000000E-30
     99  4.384703699487E-02  1.000000E-30  1.000000E-30  1.000000E-30  1.000000E-30  1.000000E-30  1.000000E-30  1.000000E-30  1.000000E-30
    100  4.408801045744E-02  1.000000E-30  1.000000E-30  1.000000E-30  1.000000E-30  1.000000E-30  1.000000E-30  1.000000E-30  1.000000E-30
    101  4.430336182063E-02  1.000000E-30  1.000000E-30  1.000000E-30  1.000000E-30  1.000000E-30  1.000000E-30  1.000000E-30  1.000000E-30
    102  4.453208602613E-02  1.000000E-30  1.000000E-30  1.000000E-30  1.000000E-30  1.000000E-30  1.000000E-30  1.000000E-30  1.000000E-30
    103  4.474836808964E-02  1.000000E-30  1.000000E-30  1.000000E-30  1.000000E-30  1.000000E-30  1.000000E-30  1.000000E-30  1.000000E-30
    104  4.497736119052E-02  1.000000E-30  1.000000E-30  1.000000E-30  1.000000E-30  1.000000E-30  1.000000E-30  1.000000E-30  1.000000E-30
    105  4.517199675598E-02  1.000000E-30  1.000000E-30  1.000000E-30  1.000000E-30  1.000000E-30  1.000000E-30  1.000000E-30  1.000000E-30
    106  4.536038532241E-02  1.000000E-30  1.000000E-30  1.000000E-30  1.000000E-30  1.000000E-30  1.000000E-30  1.000000E-30  1.000000E-30
    107  4.552484255766E-02  1.000000E-30  1.000000E-30  1.000000E-30  1.000000E-30  1.000000E-30  1.000000E-30  1.000000E-30  1.000000E-30
    108  4.581275722245E-02  1.000000E-30  1.000000E-30  1.000000E-30  1.000000E-30  1.000000E-30  1.000000E-30  1.000000E-30  1.000000E-30
    109  4.603616864208E-02  1.000000E-30  1.000000E-30  1.000000E-30  1.000000E-30  1.000000E-30  1.000000E-30  1.000000E-30  1.000000E-30
    110  4.624194314299E-02  1.000000E-30  1.000000E-30  1.000000E-30  1.000000E-30  1.000000E-30  1.000000E-30  1.000000E-30  1.000000E-30
    111  4.641297951594E-02  1.000000E-30  1.000000E-30  1.000000E-30  1.000000E-30  1.000000E-30  1.000000E-30  1.000000E-30  1.000000E-30
    112  4.656990459822E-02  1.000000E-30  1.000000E-30  1.000000E-30  1.000000E-30  1.000000E-30  1.000000E-30  1.000000E-30  1.000000E-30
    113  4.671253119976E-02  1.123745E-30  1.000000E-30  1.000000E-30  1.000000E-30  1.000000E-30  1.000000E-30  1.000000E-30  1.000000E-30
    114  4.684580987606E-02  1.761382E-30  1.000000E-30  1.000000E-30  1.000000E-30  1.000000E-30  1.000000E-30  1.000000E-30  1.000000E-30
    115  4.697520204195E-02  2.701024E-30  1.000000E-30  1.000000E-30  1.000000E-30  1.000000E-30  1.000000E-30  1.000000E-30  1.000000E-30
    116  4.709649788536E-02  4.006094E-30  1.000000E-30  1.000000E-30  1.000000E-30  1.000000E-30  1.000000E-30  1.000000E-30  1.000000E-30
    117  4.721637454993E-02  5.879691E-30  1.000000E-30  1.000000E-30  1.000000E-30  1.000000E-30  1.000000E-30  1.000000E-30  1.000000E-30
    118  4.732862910872E-02  8.379072E-30  1.000000E-30  1.000000E-30  1.000000E-30  1.000000E-30  1.000000E-30  1.000000E-30  1.000000E-30
    119  4.750539400184E-02  1.449965E-29  1.000000E-30  1.000000E-30  1.000000E-30  1.000000E-30  1.000000E-30  1.000000E-30  1.000000E-30
    120  4.767210524850E-02  2.410532E-29  1.000000E-30  1.000000E-30  1.000000E-30  1.000000E-30  1.000000E-30  1.000000E-30  1.000000E-30
    121  4.783406579930E-02  3.918483E-29  1.000000E-30  1.000000E-30  1.000000E-30  1.000000E-30  1.000000E-30  1.000000E-30  1.000000E-30
    122  4.799263518131E-02  6.262946E-29  1.000000E-30  1.000000E-30  1.000000E-30  1.000000E-30  1.000000E-30  1.000000E-30  1.000000E-30
    123  4.815339657435E-02  1.001601E-28  1.000000E-30  1.000000E-30  1.000000E-30  1.000000E-30  1.000000E-30  1.000000E-30  1.000000E-30
    124  4.832264594384E-02  1.632233E-28  1.000000E-30  1.000000E-30  1.000000E-30  1.000000E-30  1.000000E-30  1.000000E-30  1.000000E-30
    125  4.849826454798E-02  2.693492E-28  1.000000E-30  1.000000E-30  1.000000E-30  1.000000E-30  1.000000E-30  1.000000E-30  1.000000E-30
    126  4.867786870736E-02  4.470758E-28  1.000000E-30  1.000000E-30  1.000000E-30  1.000000E-30  1.000000E-30  1.000000E-30  1.000000E-30
    127  4.885872256535E-02  7.409004E-28  1.000000E-30  1.000000E-30  1.000000E-30  1.000000E-30  1.000000E-30  1.000000E-30  1.000000E-30
    128  4.903755607841E-02  1.215343E-27  1.000000E-30  1.000000E-30  1.000000E-30  1.000000E-30  1.000000E-30  1.000000E-30  1.000000E-30
    129  4.921259737621E-02  1.964841E-27  1.000000E-30  1.000000E-30  1.000000E-30  1.000000E-30  1.000000E-30  1.000000E-30  1.000000E-30
    130  4.938368810460E-02  3.131115E-27  1.000000E-30  1.000000E-30  1.000000E-30  1.000000E-30  1.000000E-30  1.000000E-30  1.000000E-30
    131  4.955132280349E-02  4.927107E-27  1.408122E-30  1.000000E-30  1.000000E-30  1.000000E-30  1.000000E-30  1.000000E-30  1.000000E-30
    132  4.971624312404E-02  7.673984E-27  2.198774E-30  1.000000E-30  1.000000E-30  1.000000E-30  1.000000E-30  1.000000E-30  1.000000E-30
    133  4.987811857735E-02  1.182248E-26  3.397048E-30  1.000000E-30  1.000000E-30  1.000000E-30  1.000000E-30  1.000000E-30  1.000000E-30
    134  5.003799836445E-02  1.807540E-26  5.208386E-30  1.000000E-30  1.000000E-30  1.000000E-30  1.000000E-30  1.000000E-30  1.000000E-30
    135  5.019682549602E-02  2.748987E-26  7.943387E-30  1.000000E-30  1.000000E-30  1.000000E-30  1.000000E-30  1.000000E-30  1.000000E-30
    136  5.035511419132E-02  4.164268E-26  1.206670E-29  1.000000E-30  1.000000E-30  1.000000E-30  1.000000E-30  1.000000E-30  1.000000E-30
    137  5.051299755300E-02  6.285214E-26  1.826364E-29  1.000000E-30  1.000000E-30  1.000000E-30  1.000000E-30  1.000000E-30  1.000000E-30
    138  5.067010535678E-02  9.442041E-26  2.751360E-29  1.000000E-30  1.000000E-30  1.000000E-30  1.000000E-30  1.000000E-30  1.000000E-30
    139  5.082726902819E-02  1.414691E-25  4.133911E-29  1.000000E-30  1.000000E-30  1.000000E-30  1.000000E-30  1.000000E-30  1.000000E-30
    140  5.098506829486E-02  2.116751E-25  6.202905E-29  1.000000E-30  1.000000E-30  1.000000E-30  1.000000E-30  1.000000E-30  1.000000E-30
    141  5.114361869269E-02  3.163041E-25  9.295338E-29  1.000000E-30  1.000000E-30  1.000000E-30  1.000000E-30  1.000000E-30  1.000000E-30
    142  5.130328078870E-02  4.723054E-25  1.391970E-28  1.000000E-30  1.000000E-30  1.000000E-30  1.000000E-30  1.000000E-30  1.000000E-30
    143  5.146205644840E-02  7.009766E-25  2.071826E-28  1.000000E-30  1.000000E-30  1.000000E-30  1.000000E-30  1.000000E-30  1.000000E-30
    144  5.162089365231E-02  1.036171E-24  3.071336E-28  1.000000E-30  1.000000E-30  1.000000E-30  1.000000E-30  1.000000E-30  1.000000E-30
    145  5.177902725711E-02  1.522031E-24  4.524425E-28  1.000000E-30  1.000000E-30  1.000000E-30  1.000000E-30  1.000000E-30  1.000000E-30
    146  5.193558292952E-02  2.216922E-24  6.608846E-28  1.000000E-30  1.000000E-30  1.000000E-30  1.000000E-30  1.000000E-30  1.000000E-30
    147  5.207655208218E-02  3.096206E-24  9.253767E-28  1.000000E-30  1.000000E-30  1.000000E-30  1.000000E-30  1.000000E-30  1.000000E-30
    148  5.220437120847E-02  4.174508E-24  1.250564E-27  1.000000E-30  1.000000E-30  1.000000E-30  1.000000E-30  1.000000E-30  1.000000E-30
    149  5.240275279905E-02  6.582535E-24  1.979105E-27  1.422929E-30  1.000000E-30  1.000000E-30  1.000000E-30  1.000000E-30  1.000000E-30
    150  5.258707116153E-02  9.948202E-24  3.001145E-27  2.180470E-30  1.000000E-30  1.000000E-30  1.000000E-30  1.000000E-30  1.000000E-30
    151  5.276353482958E-02  1.462585E-23  4.426614E-27  3.250595E-30  1.000000E-30  1.000000E-30  1.000000E-30  1.000000E-30  1.000000E-30
    152  5.293536770993E-02  2.107118E-23  6.397555E-27  4.747021E-30  1.000000E-30  1.000000E-30  1.000000E-30  1.000000E-30  1.000000E-30
    153  5.310288915571E-02  2.977224E-23  9.067358E-27  6.796759E-30  1.000000E-30  1.000000E-30  1.000000E-30  1.000000E-30  1.000000E-30
    154  5.325369291828E-02  4.026627E-23  1.229766E-26  9.303036E-30  1.000000E-30  1.000000E-30  1.000000E-30  1.000000E-30  1.000000E-30
    155  5.339308966526E-02  5.280292E-23  1.616820E-26  1.233534E-29  1.000000E-30  1.000000E-30  1.000000E-30  1.000000E-30  1.000000E-30
    156  5.362726198018E-02  8.177259E-23  2.514787E-26  1.946243E-29  1.000000E-30  1.000000E-30  1.000000E-30  1.000000E-30  1.000000E-30
    157  5.383816121000E-02  1.189312E-22  3.671956E-26  2.878733E-29  1.000000E-30  1.000000E-30  1.000000E-30  1.000000E-30  1.000000E-30
    158  5.403768730975E-02  1.666782E-22  5.165369E-26  4.099446E-29  1.000000E-30  1.000000E-30  1.000000E-30  1.000000E-30  1.000000E-30
    159  5.422986619970E-02  2.271998E-22  7.066372E-26  5.674907E-29  1.000000E-30  1.000000E-30  1.000000E-30  1.000000E-30  1.000000E-30
    160  5.440569294967E-02  2.977971E-22  9.292765E-26  7.544284E-29  1.000000E-30  1.000000E-30  1.000000E-30  1.000000E-30  1.000000E-30
    161  5.456994612052E-02  3.794151E-22  1.187638E-25  9.740204E-29  1.000000E-30  1.000000E-30  1.000000E-30  1.000000E-30  1.000000E-30
    162  5.485681963417E-02  5.659227E-22  1.781068E-25  1.486903E-28  1.000000E-30  1.000000E-30  1.000000E-30  1.000000E-30  1.000000E-30
    163  5.511708850657E-02  7.947482E-22  2.513619E-25  2.132727E-28  1.000000E-30  1.000000E-30  1.000000E-30  1.000000E-30  1.000000E-30
    164  5.536560227933E-02  1.078643E-21  3.427723E-25  2.953817E-28  1.000000E-30  1.000000E-30  1.000000E-30  1.000000E-30  1.000000E-30
    165  5.559867087093E-02  1.414689E-21  4.515707E-25  3.948611E-28  1.000000E-30  1.000000E-30  1.000000E-30  1.000000E-30  1.000000E-30
    166  5.582344501454E-02  1.814721E-21  5.817669E-25  5.159413E-28  1.000000E-30  1.000000E-30  1.000000E-30  1.000000E-30  1.000000E-30
    167  5.608267729631E-02  2.384721E-21  7.683264E-25  6.926115E-28  1.000000E-30  1.000000E-30  1.000000E-30  1.000000E-30  1.000000E-30
    168  5.632179590432E-02  3.031255E-21  9.811593E-25  8.979414E-28  1.000000E-30  1.000000E-30  1.000000E-30  1.000000E-30  1.000000E-30
    169  5.658568452696E-02  3.902823E-21  1.269758E-24  1.181669E-27  1.000000E-30  1.000000E-30  1.000000E-30  1.000000E-30  1.000000E-30
    170  5.682194908758E-02  4.847449E-21  1.584365E-24  1.496780E-27  1.000000E-30  1.000000E-30  1.000000E-30  1.000000E-30  1.000000E-30
    171  5.707748662895E-02  6.073569E-21  1.995067E-24  1.915768E-27  1.000000E-30  1.000000E-30  1.000000E-30  1.000000E-30  1.000000E-30
    172  5.730159219632E-02  7.351599E-21  2.425531E-24  2.362779E-27  1.000000E-30  1.000000E-30  1.000000E-30  1.000000E-30  1.000000E-30
    173  5.769211250520E-02  1.012152E-20  3.365245E-24  3.361479E-27  1.000000E-30  1.000000E-30  1.000000E-30  1.000000E-30  1.000000E-30
    174  5.804755660481E-02  1.337777E-20  4.479391E-24  4.578263E-27  1.000000E-30  1.000000E-30  1.000000E-30  1.000000E-30  1.000000E-30
    175  5.837706807704E-02  1.717620E-20  5.789196E-24  6.044812E-27  1.000000E-30  1.000000E-30  1.000000E-30  1.000000E-30  1.000000E-30
    176  5.868213309337E-02  2.151128E-20  7.294819E-24  7.769746E-27  1.250880E-30  1.000000E-30  1.000000E-30  1.000000E-30  1.000000E-30
    177  5.897372529375E-02  2.654338E-20  9.054322E-24  9.829381E-27  1.585789E-30  1.000000E-30  1.000000E-30  1.000000E-30  1.000000E-30
    178  5.927019313219E-02  3.272655E-20  1.123068E-23  1.243151E-26  2.011588E-30  1.000000E-30  1.000000E-30  1.000000E-30  1.000000E-30
    179  5.955970264735E-02  4.000370E-20  1.380900E-23  1.557974E-26  2.528395E-30  1.000000E-30  1.000000E-30  1.000000E-30  1.000000E-30
    180  5.987296131417E-02  4.952983E-20  1.720711E-23  1.981975E-26  3.226740E-30  1.000000E-30  1.000000E-30  1.000000E-30  1.000000E-30
    181  6.018239261751E-02  6.095927E-20  2.131275E-23  2.505803E-26  4.092459E-30  1.000000E-30  1.000000E-30  1.000000E-30  1.000000E-30
    182  6.051941164510E-02  7.616701E-20  2.681552E-23  3.224376E-26  5.284289E-30  1.000000E-30  1.000000E-30  1.000000E-30  1.000000E-30
    183  6.081686890997E-02  9.246377E-20  3.275437E-23  4.017633E-26  6.604587E-30  1.000000E-30  1.000000E-30  1.000000E-30  1.000000E-30
    184  6.107970107709E-02  1.095317E-19  3.901346E-23  4.870549E-26  8.028582E-30  1.000000E-30  1.000000E-30  1.000000E-30  1.000000E-30
    185  6.149099227918E-02  1.423062E-19  5.112557E-23  6.562107E-26  1.086354E-29  1.000000E-30  1.000000E-30  1.000000E-30  1.000000E-30
    186  6.184187848266E-02  1.773933E-19  6.420375E-23  8.438894E-26  1.402224E-29  1.000000E-30  1.000000E-30  1.000000E-30  1.000000E-30
    187  6.212841772032E-02  2.119807E-19  7.718866E-23  1.034522E-25  1.724207E-29  1.000000E-30  1.000000E-30  1.000000E-30  1.000000E-30
    188  6.241083345826E-02  2.522803E-19  9.241617E-23  1.262710E-25  2.110858E-29  1.000000E-30  1.000000E-30  1.000000E-30  1.000000E-30
    189  6.286334795077E-02  3.324516E-19  1.229690E-22  1.733101E-25  2.911298E-29  1.000000E-30  1.000000E-30  1.000000E-30  1.000000E-30
    190  6.324448148531E-02  4.183530E-19  1.560175E-22  2.257389E-25  3.807662E-29  1.000000E-30  1.000000E-30  1.000000E-30  1.000000E-30
    191  6.354755735680E-02  5.014593E-19  1.882411E-22  2.781345E-25  4.706946E-29  1.000000E-30  1.000000E-30  1.000000E-30  1.000000E-30
    192  6.382753282149E-02  5.921429E-19  2.236398E-22  3.369246E-25  5.719365E-29  1.000000E-30  1.000000E-30  1.000000E-30  1.000000E-30
    193  6.429792763326E-02  7.810950E-19  2.980540E-22  4.640140E-25  7.917700E-29  1.000000E-30  1.000000E-30  1.000000E-30  1.000000E-30
    194  6.470641913937E-02  9.912654E-19  3.816706E-22  6.114606E-25  1.048118E-28  1.000000E-30  1.000000E-30  1.000000E-30  1.000000E-30
    195  6.514351188605E-02  1.276467E-18  4.962701E-22  8.199420E-25  1.412390E-28  1.000000E-30  1.000000E-30  1.000000E-30  1.000000E-30
    196  6.551961572666E-02  1.584139E-18  6.210801E-22  1.053869E-24  1.823082E-28  1.000000E-30  1.000000E-30  1.000000E-30  1.000000E-30
    197  6.614173306661E-02  2.257347E-18  8.974957E-22  1.591970E-24  2.773595E-28  1.000000E-30  1.000000E-30  1.000000E-30  1.000000E-30
    198  6.666431851744E-02  3.031193E-18  1.219555E-21  2.245943E-24  3.936700E-28  1.000000E-30  1.000000E-30  1.000000E-30  1.000000E-30
    199  6.714973898932E-02  3.977628E-18  1.618224E-21  3.086500E-24  5.440823E-28  1.000000E-30  1.000000E-30  1.000000E-30  1.000000E-30
    200  6.763365269933E-02  5.205083E-18  2.141369E-21  4.230498E-24  7.500187E-28  1.000000E-30  1.000000E-30  1.000000E-30  1.000000E-30
    201  6.810748363549E-02  6.761194E-18  2.812370E-21  5.751933E-24  1.025533E-27  1.251825E-30  1.000000E-30  1.000000E-30  1.000000E-30
    202  6.886988901479E-02  1.026191E-17  4.345644E-21  9.401131E-24  1.691683E-27  2.132299E-30  1.000000E-30  1.000000E-30  1.000000E-30
    203  6.932442343830E-02  1.313149E-17  5.621112E-21  1.257755E-23  2.275901E-27  2.960559E-30  1.000000E-30  1.000000E-30  1.000000E-30
    204  6.977291475786E-02  1.672097E-17  7.234747E-21  1.673894E-23  3.045751E-27  4.090163E-30  1.000000E-30  1.000000E-30  1.000000E-30
    205  7.051837306122E-02  2.489277E-17  1.096592E-20  2.683342E-23  4.928316E-27  6.980542E-30  1.000000E-30  1.000000E-30  1.000000E-30
    206  7.120724846930E-02  3.579319E-17  1.603515E-20  4.134104E-23  7.659680E-27  1.140209E-29  1.000000E-30  1.000000E-30  1.000000E-30
    207  7.185571854523E-02  5.015728E-17  2.283248E-20  6.185587E-23  1.155702E-26  1.803460E-29  1.000000E-30  1.000000E-30  1.000000E-30
    208  7.250556240022E-02  6.999995E-17  3.238550E-20  9.223865E-23  1.738090E-26  2.844660E-29  1.000000E-30  1.000000E-30  1.000000E-30
    209  7.308358088908E-02  9.372842E-17  4.399884E-20  1.310617E-22  2.488653E-26  4.250784E-29  1.000000E-30  1.000000E-30  1.000000E-30
    210  7.365083251161E-02  1.242249E-16  5.916081E-20  1.842087E-22  3.524569E-26  6.279722E-29  1.000000E-30  1.000000E-30  1.000000E-30
    211  7.420607479025E-02  1.628387E-16  7.866114E-20  2.558563E-22  4.932510E-26  9.161509E-29  1.000000E-30  1.000000E-30  1.000000E-30
    212  7.477269193766E-02  2.133983E-16  1.046050E-19  3.558485E-22  6.913848E-26  1.340231E-28  1.000000E-30  1.000000E-30  1.000000E-30
    213  7.532671922740E-02  2.761219E-16  1.373198E-19  4.882194E-22  9.559066E-26  1.932615E-28  1.000000E-30  1.000000E-30  1.000000E-30
    214  7.590819975934E-02  3.590176E-16  1.812951E-19  6.753385E-22  1.333136E-25  2.817802E-28  1.000000E-30  1.000000E-30  1.000000E-30
    215  7.648106882397E-02  4.607884E-16  2.362479E-19  9.217010E-22  1.834353E-25  4.051999E-28  1.000000E-30  1.000000E-30  1.000000E-30
    216  7.706864365518E-02  5.886799E-16  3.065964E-19  1.254666E-21  2.518211E-25  5.821736E-28  1.000000E-30  1.000000E-30  1.000000E-30
    217  7.765097184480E-02  7.409739E-16  3.920184E-19  1.682512E-21  3.405649E-25  8.239302E-28  1.000000E-30  1.000000E-30  1.000000E-30
    218  7.824188421090E-02  9.225678E-16  4.959896E-19  2.234890E-21  4.563182E-25  1.156409E-27  1.000000E-30  1.000000E-30  1.000000E-30
    219  7.883216312169E-02  1.130194E-15  6.175087E-19  2.921943E-21  6.018464E-25  1.598056E-27  1.000000E-30  1.000000E-30  1.000000E-30
    220  7.934760137230E-02  1.329914E-15  7.370236E-19  3.640593E-21  7.556744E-25  2.090455E-27  1.000000E-30  1.000000E-30  1.000000E-30
    221  7.991019390762E-02  1.564023E-15  8.803922E-19  4.558824E-21  9.543325E-25  2.761510E-27  1.000000E-30  1.000000E-30  1.000000E-30
    222  8.044081450283E-02  1.795829E-15  1.025957E-18  5.555689E-21  1.172431E-24  3.540550E-27  1.000000E-30  1.000000E-30  1.000000E-30
    223  8.103419684334E-02  2.061000E-15  1.197237E-18  6.817872E-21  1.451932E-24  4.600262E-27  1.000000E-30  1.000000E-30  1.000000E-30
    224  8.158988408622E-02  2.311339E-15  1.363920E-18  8.144268E-21  1.749352E-24  5.799084E-27  1.000000E-30  1.000000E-30  1.000000E-30
    225  8.219791245697E-02  2.589470E-15  1.554726E-18  9.781154E-21  2.120950E-24  7.389967E-27  1.000000E-30  1.000000E-30  1.000000E-30
    226  8.273529679330E-02  2.846696E-15  1.735706E-18  1.143869E-20  2.501424E-24  9.110361E-27  1.160641E-30  1.000000E-30  1.000000E-30
    227  8.327310875316E-02  3.130557E-15  1.938658E-18  1.338760E-20  2.952719E-24  1.124445E-26  1.446990E-30  1.000000E-30  1.000000E-30
    228  8.381967664174E-02  3.480978E-15  2.190213E-18  1.586513E-20  3.529963E-24  1.406979E-26  1.828736E-30  1.000000E-30  1.000000E-30
    229  8.442137901789E-02  4.005732E-15  2.565267E-18  1.959247E-20  4.402048E-24  1.845505E-26  2.425577E-30  1.000000E-30  1.000000E-30
    230  8.496109010092E-02  4.691564E-15  3.052825E-18  2.445847E-20  5.544240E-24  2.432867E-26  3.230062E-30  1.000000E-30  1.000000E-30
    231  8.556251684447E-02  5.864714E-15  3.885299E-18  3.284364E-20  7.519742E-24  3.473030E-26  4.663998E-30  1.000000E-30  1.000000E-30
    232  8.609514523980E-02  7.485542E-15  5.039211E-18  4.468479E-20  1.032288E-23  4.990252E-26  6.770467E-30  1.000000E-30  1.000000E-30
    233  8.668730402486E-02  1.031833E-14  7.072188E-18  6.616017E-20  1.543878E-23  7.854371E-26  1.077984E-29  1.000000E-30  1.000000E-30
    234  8.725638446658E-02  1.465515E-14  1.022118E-17  1.007022E-19  2.373074E-23  1.268444E-25  1.760532E-29  1.000000E-30  1.000000E-30
    235  8.784892152766E-02  2.184950E-14  1.552022E-17  1.614405E-19  3.843874E-23  2.163825E-25  3.038998E-29  1.000000E-30  1.000000E-30
    236  8.837914431516E-02  3.189841E-14  2.303521E-17  2.516161E-19  6.047168E-23  3.566640E-25  5.063103E-29  1.000000E-30  1.000000E-30
    237  8.927467123273E-02  6.216009E-14  4.616953E-17  5.480751E-19  1.338430E-22  8.546052E-25  1.235613E-28  1.000000E-30  1.000000E-30
    238  9.009385267910E-02  1.161580E-13  8.855413E-17  1.135249E-18  2.813872E-22  1.933452E-24  2.843570E-28  1.000000E-30  1.000000E-30
    239  9.088007009323E-02  2.124694E-13  1.661239E-16  2.294344E-18  5.769780E-22  4.256316E-24  6.364848E-28  1.740585E-30  1.000000E-30
    240  9.160938796651E-02  3.712429E-13  2.972226E-16  4.401240E-18  1.121994E-21  8.845621E-24  1.343642E-27  4.089982E-30  1.000000E-30
    241  9.231864750676E-02  6.354703E-13  5.207396E-16  8.256406E-18  2.133216E-21  1.795036E-23  2.769081E-27  8.917771E-30  1.000000E-30
    242  9.335415502949E-02  1.375818E-12  1.166790E-15  2.045848E-17  5.392017E-21  4.994173E-23  7.882634E-27  2.752892E-29  1.000000E-30
    243  9.429165011748E-02  2.726752E-12  2.386536E-15  4.589021E-17  1.231885E-20  1.245934E-22  2.008613E-26  7.556056E-29  1.000000E-30
    244  9.514750284226E-02  5.024627E-12  4.527674E-15  9.479140E-17  2.588297E-20  2.838780E-22  4.667237E-26  1.880017E-28  1.000000E-30
    245  9.592869681963E-02  8.676769E-12  8.031688E-15  1.818585E-16  5.044699E-20  5.961782E-22  9.981962E-26  4.282503E-28  1.000000E-30
    246  9.638259128200E-02  1.186233E-11  1.115489E-14  2.644422E-16  7.404006E-20  9.141250E-22  1.547049E-25  6.887005E-28  1.000000E-30
    247  9.686466198075E-02  1.646920E-11  1.575011E-14  3.921251E-16  1.108872E-19  1.434461E-21  2.455718E-25  1.137180E-27  1.000000E-30
    248  9.745016881397E-02  2.439784E-11  2.381868E-14  6.295914E-16  1.802272E-19  2.468276E-21  4.285601E-25  2.082525E-27  1.000000E-30
    249  9.798964068785E-02  3.485690E-11  3.468751E-14  9.692256E-16  2.806265E-19  4.051957E-21  7.128433E-25  3.622256E-27  1.000000E-30
    250  9.892639389759E-02  6.399252E-11  6.585811E-14  2.028093E-15  5.990977E-19  9.489196E-21  1.708518E-24  9.387989E-27  1.000000E-30
    251  9.977784733458E-02  1.095651E-10  1.163053E-13  3.916413E-15  1.178588E-18  2.032585E-20  3.739090E-24  2.207891E-26  1.000000E-30
    252  1.005622893962E-01  1.776341E-10  1.940835E-13  7.102248E-15  2.174793E-18  4.059529E-20  7.619456E-24  4.810560E-26  1.329293E-30
    253  1.013070552067E-01  2.775982E-10  3.118250E-13  1.235718E-14  3.847838E-18  7.748204E-20  1.482753E-23  9.981397E-26  2.786113E-30
    254  1.019791947326E-01  4.108536E-10  4.733088E-13  2.016653E-14  6.376476E-18  1.375673E-19  2.679690E-23  1.912287E-25  5.351410E-30
    255  1.025982572428E-01  5.838427E-10  6.885604E-13  3.137998E-14  1.006476E-17  2.314923E-19  4.584465E-23  3.453706E-25  9.689421E-30
    256  1.032644197032E-01  8.420688E-10  1.018717E-12  4.993835E-14  1.626810E-17  4.010371E-19  8.086446E-23  6.460191E-25  1.817548E-29
    257  1.039121745974E-01  1.186910E-09  1.472226E-12  7.751606E-14  2.564119E-17  6.765384E-19  1.388561E-22  1.174989E-24  3.315251E-29
    258  1.045193471709E-01  1.616121E-09  2.052516E-12  1.156160E-13  3.880279E-17  1.091645E-18  2.278538E-22  2.035735E-24  5.759840E-29
    259  1.051181778144E-01  2.159343E-09  2.807569E-12  1.691086E-13  5.758219E-17  1.726497E-18  3.664555E-22  3.455544E-24  9.804715E-29
    260  1.056826419982E-01  2.794294E-09  3.715047E-12  2.384608E-13  8.232202E-17  2.622002E-18  5.654864E-22  5.612374E-24  1.596830E-28
    261  1.062431336111E-01  3.548051E-09  4.823533E-12  3.299368E-13  1.154833E-16  3.907188E-18  8.562596E-22  8.944387E-24  2.551994E-28
    262  1.068146627648E-01  4.430149E-09  6.162220E-12  4.499180E-13  1.597296E-16  5.749569E-18  1.280954E-21  1.410192E-23  4.035338E-28
    263  1.073656177930E-01  5.353785E-09  7.614304E-12  5.922446E-13  2.131802E-16  8.148623E-18  1.844785E-21  2.136994E-23  6.132829E-28
    264  1.079139362418E-01  6.282207E-09  9.135836E-12  7.570948E-13  2.763190E-16  1.121707E-17  2.580669E-21  3.145846E-23  9.054645E-28
    265  1.084202130578E-01  7.060126E-09  1.048159E-11  9.212831E-13  3.406043E-16  1.462107E-17  3.414603E-21  4.364276E-23  1.259646E-27
    266  1.089957947327E-01  7.717785E-09  1.173224E-11  1.103008E-12  4.138568E-16  1.893716E-17  4.499243E-21  6.070580E-23  1.757766E-27
    267  1.095139929398E-01  7.974396E-09  1.238499E-11  1.237582E-12  4.706185E-16  2.281674E-17  5.506263E-21  7.802822E-23  2.266025E-27
    268  1.100036617482E-01  7.832269E-09  1.241470E-11  1.314607E-12  5.063339E-16  2.593586E-17  6.352767E-21  9.432091E-23  2.746994E-27
    269  1.105581599754E-01  7.174714E-09  1.163971E-11  1.316677E-12  5.145825E-16  2.806126E-17  6.991152E-21  1.094604E-22  3.198449E-27
    270  1.111738162549E-01  5.920483E-09  9.857900E-12  1.200514E-12  4.769238E-16  2.789192E-17  7.082720E-21  1.176757E-22  3.451480E-27
    271  1.117276452796E-01  4.556286E-09  7.767447E-12  1.011384E-12  4.078119E-16  2.541098E-17  6.565604E-21  1.151135E-22  3.388134E-27
    272  1.122547306619E-01  3.312524E-09  5.776266E-12  8.019069E-13  3.280054E-16  2.171796E-17  5.705797E-21  1.053315E-22  3.110827E-27
    273  1.128196390807E-01  2.260811E-09  4.039757E-12  6.009504E-13  2.496424E-16  1.764724E-17  4.720761E-21  9.212673E-23  2.731083E-27
    274  1.134172103791E-01  1.544815E-09  2.833182E-12  4.536640E-13  1.916028E-16  1.452268E-17  3.960657E-21  8.201111E-23  2.441162E-27
    275  1.139661173569E-01  1.168346E-09  2.195009E-12  3.762617E-13  1.613709E-16  1.304613E-17  3.622269E-21  7.922697E-23  2.367369E-27
    276  1.145721141816E-01  9.253064E-10  1.785625E-12  3.301556E-13  1.440408E-16  1.251006E-17  3.543502E-21  8.237002E-23  2.472007E-27
    277  1.151138636995E-01  7.791627E-10  1.540347E-12  3.048815E-13  1.350849E-16  1.251351E-17  3.608993E-21  8.861857E-23  2.670126E-27
    278  1.160623872824E-01  5.931293E-10  1.223743E-12  2.732677E-13  1.244436E-16  1.292161E-17  3.848038E-21  1.041112E-22  3.159503E-27
    279  1.166131253687E-01  5.097452E-10  1.078294E-12  2.583278E-13  1.195425E-16  1.326618E-17  4.025468E-21  1.152618E-22  3.512880E-27
    280  1.171578902390E-01  4.402128E-10  9.546935E-13  2.453307E-13  1.153635E-16  1.367925E-17  4.229317E-21  1.281139E-22  3.921429E-27
    281  1.179966344325E-01  3.518103E-10  7.930901E-13  2.272999E-13  1.095920E-16  1.440700E-17  4.586635E-21  1.516806E-22  4.674549E-27
    282  1.184626561866E-01  3.109963E-10  7.164266E-13  2.182144E-13  1.066941E-16  1.485570E-17  4.807541E-21  1.669590E-22  5.165326E-27
    283  1.189221956404E-01  2.756174E-10  6.487207E-13  2.099002E-13  1.040681E-16  1.534090E-17  5.046119E-21  1.839627E-22  5.713470E-27
    284  1.197605220964E-01  2.209681E-10  5.410652E-13  1.956841E-13  9.954465E-17  1.630260E-17  5.526501E-21  2.203800E-22  6.894323E-27
    285  1.205341475296E-01  1.804266E-10  4.583695E-13  1.838597E-13  9.579846E-17  1.729971E-17  6.031602E-21  2.613836E-22  8.233180E-27
    286  1.212540834288E-01  1.494953E-10  3.931508E-13  1.737900E-13  9.261537E-17  1.832997E-17  6.561936E-21  3.074616E-22  9.747818E-27
    287  1.219299358624E-01  1.253364E-10  3.405833E-13  1.650594E-13  8.986252E-17  1.939622E-17  7.119901E-21  3.591894E-22  1.145902E-26
    288  1.225766858039E-01  1.060698E-10  2.974703E-13  1.575274E-13  8.755036E-17  2.054375E-17  7.726077E-21  4.185371E-22  1.343370E-26
    289  1.231854533608E-01  9.073038E-11  2.621788E-13  1.510174E-13  8.559279E-17  2.173975E-17  8.366144E-21  4.848456E-22  1.565264E-26
    290  1.237219182154E-01  7.915306E-11  2.348753E-13  1.457724E-13  8.407052E-17  2.290795E-17  8.997894E-21  5.536444E-22  1.796685E-26
    291  1.242404039059E-01  6.951537E-11  2.116675E-13  1.412478E-13  8.285261E-17  2.417177E-17  9.685366E-21  6.316808E-22  2.060392E-26
    292  1.248086455930E-01  6.045660E-11  1.893955E-13  1.369010E-13  8.181833E-17  2.573584E-17  1.054149E-20  7.331050E-22  2.404778E-26
    293  1.253177247642E-01  5.343892E-11  1.717586E-13  1.334417E-13  8.110775E-17  2.730512E-17  1.140871E-20  8.407245E-22  2.772000E-26
    294  1.258810647447E-01  4.679942E-11  1.547737E-13  1.302972E-13  8.069957E-17  2.929949E-17  1.251621E-20  9.837349E-22  3.262267E-26
    295  1.264205598797E-01  4.140992E-11  1.407695E-13  1.280336E-13  8.074950E-17  3.152990E-17  1.376020E-20  1.150789E-21  3.837677E-26
    296  1.270317883483E-01  3.624574E-11  1.271412E-13  1.263059E-13  8.132724E-17  3.450318E-17  1.543024E-20  1.385179E-21  4.649162E-26
    297  1.275757308169E-01  3.239129E-11  1.168609E-13  1.256496E-13  8.242275E-17  3.766736E-17  1.721890E-20  1.647023E-21  5.560273E-26
    298  1.286048671531E-01  2.673680E-11  1.017797E-13  1.272593E-13  8.650265E-17  4.556339E-17  2.172324E-20  2.345959E-21  8.009673E-26
    299  1.290949488661E-01  2.464666E-11  9.627793E-14  1.294378E-13  8.950065E-17  5.045876E-17  2.454705E-20  2.809220E-21  9.643802E-26
    300  1.295345101683E-01  2.306669E-11  9.222815E-14  1.323806E-13  9.296186E-17  5.573306E-17  2.761293E-20  3.330379E-21  1.148987E-25
    301  1.303954523490E-01  2.067365E-11  8.654596E-14  1.413291E-13  1.023250E-16  6.924918E-17  3.557236E-20  4.758695E-21  1.658119E-25
    302  1.308549873199E-01  1.970980E-11  8.457645E-14  1.480509E-13  1.089702E-16  7.871259E-17  4.122810E-20  5.831023E-21  2.042710E-25
    303  1.312776310019E-01  1.899528E-11  8.339454E-14  1.556684E-13  1.163351E-16  8.925311E-17  4.759930E-20  7.087911E-21  2.495471E-25
    304  1.320787884157E-01  1.804489E-11  8.275454E-14  1.746046E-13  1.343396E-16  1.156179E-16  6.382198E-20  1.048497E-20  3.727191E-25
    305  1.327308179063E-01  1.759840E-11  8.364890E-14  1.951674E-13  1.537946E-16  1.454535E-16  8.259956E-20  1.470980E-20  5.270875E-25
    306  1.333821207310E-01  1.739777E-11  8.572925E-14  2.213444E-13  1.786750E-16  1.858137E-16  1.085767E-19  2.097132E-20  7.575492E-25
    307  1.339749669338E-01  1.740342E-11  8.863677E-14  2.510946E-13  2.072199E-16  2.350707E-16  1.410091E-19  2.933871E-20  1.067739E-24
    308  1.345530840576E-01  1.755381E-11  9.234875E-14  2.865582E-13  2.416780E-16  2.985827E-16  1.837846E-19  4.113569E-20  1.508144E-24
    309  1.351098094661E-01  1.781395E-11  9.670908E-14  3.278238E-13  2.823649E-16  3.789515E-16  2.391620E-19  5.745896E-20  2.121783E-24
    310  1.359304916944E-01  1.837961E-11  1.045478E-13  4.040656E-13  3.591045E-16  5.449083E-16  3.569399E-19  9.526059E-20  3.555670E-24
    311  1.363572082699E-01  1.874689E-11  1.092754E-13  4.523573E-13  4.086732E-16  6.612937E-16  4.417143E-19  1.245576E-19  4.675595E-24
    312  1.367788244083E-01  1.915169E-11  1.143768E-13  5.069528E-13  4.655209E-16  8.029905E-16  5.468625E-19  1.628779E-19  6.148628E-24
    313  1.375777712339E-01  2.002618E-11  1.252657E-13  6.324313E-13  5.990955E-16  1.167236E-15  8.249177E-19  2.726993E-19  1.040636E-23
    314  1.380438267916E-01  2.059560E-11  1.323785E-13  7.214004E-13  6.959875E-16  1.456460E-15  1.051993E-18  3.697319E-19  1.419970E-23
    315  1.384690951451E-01  2.115016E-11  1.393755E-13  8.147715E-13  7.993688E-16  1.786256E-15  1.316260E-18  4.893581E-19  1.890493E-23
    316  1.391087445178E-01  2.204655E-11  1.508688E-13  9.808452E-13  9.870565E-16  2.435916E-15  1.850172E-18  7.489184E-19  2.919225E-23
    317  1.397002518981E-01  2.294266E-11  1.626138E-13  1.167005E-12  1.202513E-15  3.254689E-15  2.542837E-18  1.114065E-18  4.379049E-23
    318  1.402705851668E-01  2.386997E-11  1.750531E-13  1.382733E-12  1.457915E-15  4.315815E-15  3.465621E-18  1.639572E-18  6.497488E-23
    319  1.408634912375E-01  2.490457E-11  1.892729E-13  1.653219E-12  1.785538E-15  5.805907E-15  4.798030E-18  2.460084E-18  9.833150E-23
    320  1.414089642241E-01  2.592553E-11  2.036469E-13  1.952111E-12  2.155842E-15  7.645706E-15  6.488887E-18  3.584103E-18  1.444075E-22
    321  1.419220762512E-01  2.695226E-11  2.184306E-13  2.286125E-12  2.578512E-15  9.926521E-15  8.639666E-18  5.120028E-18  2.078619E-22
    322  1.422771704232E-01  2.770449E-11  2.294585E-13  2.553289E-12  2.922388E-15  1.191206E-14  1.055124E-17  6.566850E-18  2.680133E-22
    323  1.426029315631E-01  2.842681E-11  2.401988E-13  2.828037E-12  3.280871E-15  1.409627E-14  1.268934E-17  8.262176E-18  3.388551E-22
    324  1.430135230101E-01  2.938408E-11  2.546534E-13  3.220085E-12  3.800110E-15  1.745123E-14  1.603417E-17  1.105346E-17  4.561501E-22
    325  1.434683796643E-01  3.051032E-11  2.719696E-13  3.723120E-12  4.478179E-15  2.214527E-14  2.081601E-17  1.529092E-17  6.353972E-22
    326  1.440315208021E-01  3.200993E-11  2.955223E-13  4.465592E-12  5.500033E-15  2.982329E-14  2.884034E-17  2.292835E-17  9.610215E-22
    327  1.445490332405E-01  3.350243E-11  3.194938E-13  5.290871E-12  6.660819E-15  3.933498E-14  3.905048E-17  3.340290E-17  1.411304E-21
    328  1.451370980342E-01  3.534290E-11  3.497697E-13  6.430813E-12  8.301266E-15  5.404023E-14  5.528514E-17  5.141385E-17  2.192311E-21
    329  1.457052374241E-01  3.728044E-11  3.824766E-13  7.783391E-12  1.029495E-14  7.366798E-14  7.759953E-17  7.827171E-17  3.367553E-21
    330  1.463107957421E-01  3.953722E-11  4.216132E-13  9.569834E-12  1.299297E-14  1.029245E-13  1.118714E-16  1.231253E-16  5.348608E-21
    331  1.468752132891E-01  4.183105E-11  4.625432E-13  1.163137E-11  1.618397E-14  1.410315E-13  1.578728E-16  1.885779E-16  8.266591E-21
    332  1.475510939381E-01  4.483455E-11  5.179070E-13  1.473220E-11  2.111389E-14  2.063735E-13  2.393754E-16  3.155624E-16  1.398603E-20
    333  1.481899111058E-01  4.794922E-11  5.774337E-13  1.847568E-11  2.723569E-14  2.969973E-13  3.563568E-16  5.160501E-16  2.311354E-20
    334  1.491767377555E-01  5.330665E-11  6.850077E-13  2.632764E-11  4.055448E-14  5.244554E-13  6.634262E-16  1.112228E-15  5.064396E-20
    335  1.497116139607E-01  5.648902E-11  7.521280E-13  3.194793E-11  5.040948E-14  7.155010E-13  9.316696E-16  1.692077E-15  7.774849E-20
    336  1.502421520731E-01  5.984365E-11  8.255287E-13  3.876262E-11  6.264777E-14  9.760256E-13  1.308151E-15  2.573706E-15  1.193365E-19
    337  1.509052103900E-01  6.429506E-11  9.273690E-13  4.938707E-11  8.226705E-14  1.440825E-12  2.002644E-15  4.356913E-15  2.043499E-19
    338  1.515352476696E-01  6.877351E-11  1.035213E-12  6.217139E-11  1.066025E-13  2.087834E-12  3.004825E-15  7.196820E-15  3.412917E-19
    339  1.521327102765E-01  7.323341E-11  1.148222E-12  7.738337E-11  1.364045E-13  2.973368E-12  4.424159E-15  1.161683E-14  5.567575E-19
    340  1.526678407657E-01  7.737836E-11  1.258645E-12  9.410533E-11  1.700688E-13  4.082538E-12  6.259824E-15  1.785752E-14  8.640929E-19
    341  1.532481602429E-01  8.200811E-11  1.388575E-12  1.162431E-10  2.158746E-13  5.756021E-12  9.120208E-15  2.847761E-14  1.392523E-18
    342  1.535863948111E-01  8.476226E-11  1.469364E-12  1.314247E-10  2.479942E-13  7.031922E-12  1.135818E-14  3.739274E-14  1.839780E-18
    343  1.538995751697E-01  8.734732E-11  1.547654E-12  1.472561E-10  2.820215E-13  8.469070E-12  1.392642E-14  4.816519E-14  2.383468E-18
    344  1.546020187628E-01  9.322845E-11  1.735409E-12  1.897921E-10  3.758626E-13  1.284460E-11  2.199172E-14  8.500006E-14  4.261364E-18
    345  1.552062305672E-01  9.834860E-11  1.910709E-12  2.356781E-10  4.804825E-13  1.836095E-11  3.255655E-14  1.385367E-13  7.024481E-18
    346  1.557875935888E-01  1.033078E-10  2.091982E-12  2.900129E-10  6.081259E-13  2.590003E-11  4.750969E-14  2.219314E-13  1.137763E-17
    347  1.566447447202E-01  1.106277E-10  2.382603E-12  3.929779E-10  8.592330E-13  4.299489E-11  8.294988E-14  4.450920E-13  2.319631E-17
    348  1.574294426159E-01  1.172881E-10  2.674087E-12  5.175847E-10  1.176287E-12  6.828466E-11  1.380333E-13  8.417270E-13  4.454149E-17
    349  1.581710514975E-01  1.235314E-10  2.973649E-12  6.709021E-10  1.581982E-12  1.058582E-10  2.237254E-13  1.541678E-12  8.278032E-17
    350  1.588328903187E-01  1.290401E-10  3.261819E-12  8.443078E-10  2.057999E-12  1.564309E-10  3.441147E-13  2.646358E-12  1.439798E-16
    351  1.594606073659E-01  1.342093E-10  3.554660E-12  1.049057E-09  2.639385E-12  2.265804E-10  5.178683E-13  4.422644E-12  2.436762E-16
    352  1.600565792087E-01  1.390739E-10  3.851747E-12  1.289239E-09  3.343427E-12  3.225347E-10  7.646499E-13  7.219754E-12  4.026271E-16
    353  1.607059625219E-01  1.443287E-10  4.198074E-12  1.612564E-09  4.323215E-12  4.738447E-10  1.169383E-12  1.232470E-11  6.965129E-16
    354  1.613957576202E-01  1.498701E-10  4.594086E-12  2.044475E-09  5.679567E-12  7.135528E-10  1.838259E-12  2.179253E-11  1.249254E-15
    355  1.620398820205E-01  1.550255E-10  4.992700E-12  2.553225E-09  7.334150E-12  1.048081E-09  2.811455E-12  3.723781E-11  2.163528E-15
    356  1.627691861850E-01  1.608534E-10  5.480746E-12  3.282330E-09  9.795234E-12  1.620591E-09  4.552387E-12  6.841029E-11  4.036188E-15
    357  1.634667099868E-01  1.664185E-10  5.987222E-12  4.175858E-09  1.292871E-11  2.463650E-09  7.235263E-12  1.228045E-10  7.353753E-15
    358  1.645369737572E-01  1.749678E-10  6.848519E-12  6.049041E-09  1.982706E-11  4.703436E-09  1.479863E-11  3.033432E-10  1.858861E-14
    359  1.651200899964E-01  1.795675E-10  7.362363E-12  7.400157E-09  2.502827E-11  6.694803E-09  2.187794E-11  4.974362E-10  3.087316E-14
    360  1.656939516385E-01  1.840226E-10  7.900107E-12  9.032118E-09  3.151185E-11  9.499402E-09  3.223124E-11  8.123306E-10  5.105832E-14
    361  1.664404283242E-01  1.895675E-10  8.643727E-12  1.168872E-08  4.247547E-11  1.496841E-08  5.335004E-11  1.538449E-09  9.831720E-14
    362  1.671401020014E-01  1.941995E-10  9.373688E-12  1.484465E-08  5.606070E-11  2.289090E-08  8.547215E-11  2.798879E-09  1.817032E-13
    363  1.682228463170E-01  1.994584E-10  1.052221E-11  2.132811E-08  8.554139E-11  4.399778E-08  1.766764E-10  7.059645E-09  4.697549E-13
    364  1.688914277275E-01  2.007006E-10  1.118879E-11  2.640173E-08  1.099395E-10  6.525299E-08  2.741825E-10  1.239988E-08  8.379285E-13
    365  1.695862681704E-01  1.992759E-10  1.176757E-11  3.256187E-08  1.410270E-10  9.733545E-08  4.288804E-10  2.209210E-08  1.517245E-12
    366  1.708796298676E-01  1.875255E-10  1.232560E-11  4.572226E-08  2.132314E-10  1.952177E-07  9.405968E-10  6.184904E-08  4.379404E-12
    367  1.720689125062E-01  1.640347E-10  1.188287E-11  5.745826E-08  2.871002E-10  3.422678E-07  1.792403E-09  1.480714E-07  1.078863E-11
    368  1.730357271347E-01  1.381841E-10  1.081271E-11  6.424788E-08  3.397791E-10  5.029556E-07  2.820739E-09  2.810313E-07  2.096460E-11
    369  1.739185931198E-01  1.123941E-10  9.413059E-12  6.672617E-08  3.718540E-10  6.723319E-07  4.016728E-09  4.758456E-07  3.627974E-11
    370  1.748109107026E-01  8.782836E-11  7.853118E-12  6.518572E-08  3.832088E-10  8.489580E-07  5.409941E-09  7.644426E-07  5.959655E-11
    371  1.757092013639E-01  6.667799E-11  6.344114E-12  5.987129E-08  3.716098E-10  1.012752E-06  6.891069E-09  1.165509E-06  9.294982E-11
    372  1.765567714958E-01  5.120771E-11  5.154220E-12  5.258506E-08  3.437031E-10  1.139074E-06  8.249934E-09  1.654831E-06  1.348616E-10
    373  1.775373762473E-01  3.816809E-11  4.100921E-12  4.274220E-08  2.967471E-10  1.236854E-06  9.635996E-09  2.361345E-06  1.973762E-10
    374  1.784803688374E-01  2.969191E-11  3.417349E-12  3.343735E-08  2.461427E-10  1.278082E-06  1.068820E-08  3.179009E-06  2.723519E-10
    375  1.795112536071E-01  2.337372E-11  2.934309E-12  2.436827E-08  1.913392E-10  1.265339E-06  1.144320E-08  4.220086E-06  3.715416E-10
    376  1.804824008025E-01  1.916519E-11  2.643811E-12  1.748931E-08  1.459957E-10  1.208714E-06  1.177679E-08  5.325677E-06  4.812500E-10
    377  1.815169070317E-01  1.566324E-11  2.413803E-12  1.189500E-08  1.060364E-10  1.112058E-06  1.174090E-08  6.619638E-06  6.152394E-10
    378  1.825428215499E-01  1.276321E-11  2.209258E-12  7.962123E-09  7.577618E-11  9.943678E-07  1.137839E-08  7.997703E-06  7.646504E-10
    379  1.841355644659E-01  8.961454E-12  1.867680E-12  4.197857E-09  4.424716E-11  7.945038E-07  1.032040E-08  1.026948E-05  1.026758E-09
    380  1.856860183354E-01  5.994426E-12  1.498793E-12  2.306432E-09  2.686948E-11  6.067831E-07  8.936710E-09  1.255406E-05  1.312237E-09
    381  1.870847965371E-01  3.961725E-12  1.166419E-12  1.435649E-09  1.834808E-11  4.585899E-07  7.577773E-09  1.460019E-05  1.589817E-09
    382  1.883699545972E-01  2.602729E-12  8.897835E-13  1.008653E-09  1.407981E-11  3.451560E-07  6.348637E-09  1.641240E-05  1.856803E-09
    383  1.895671856375E-01  1.706740E-12  6.703404E-13  7.808205E-10  1.187228E-11  2.591708E-07  5.274562E-09  1.800638E-05  2.112215E-09
    384  1.907324824205E-01  1.105162E-12  4.967910E-13  6.439028E-10  1.066898E-11  1.926150E-07  4.330908E-09  1.944664E-05  2.364217E-09
    385  1.917913284253E-01  7.325182E-13  3.722570E-13  5.592927E-10  1.003659E-11  1.451842E-07  3.577294E-09  2.064761E-05  2.594327E-09
    386  1.928179034582E-01  4.846350E-13  2.775009E-13  4.974243E-10  9.654999E-12  1.089667E-07  2.936632E-09  2.170836E-05  2.817350E-09
    387  1.939781308337E-01  3.003436E-13  1.969035E-13  4.417106E-10  9.377380E-12  7.792760E-08  2.326555E-09  2.278168E-05  3.068362E-09
    388  1.950365569225E-01  1.919304E-13  1.424548E-13  3.989228E-10  9.197647E-12  5.672744E-08  1.860826E-09  2.364605E-05  3.295923E-09
    389  1.963061656501E-01  1.111073E-13  9.578460E-14  3.543324E-10  9.027978E-12  3.834648E-08  1.409590E-09  2.454317E-05  3.566786E-09
    390  1.975160386553E-01  6.544791E-14  6.513809E-14  3.168705E-10  8.888648E-12  2.613762E-08  1.071833E-09  2.526380E-05  3.822832E-09
    391  1.988970783448E-01  3.543602E-14  4.158983E-14  2.789012E-10  8.742922E-12  1.667339E-08  7.749220E-10  2.593782E-05  4.113024E-09
    392  2.001908516564E-01  1.986149E-14  2.720878E-14  2.473218E-10  8.614908E-12  1.086599E-08  5.676424E-10  2.643763E-05  4.383478E-09
    393  2.023233395230E-01  7.635301E-15  1.345123E-14  2.025717E-10  8.421088E-12  5.314018E-09  3.351621E-10  2.701562E-05  4.828419E-09
    394  2.035207364909E-01  4.494482E-15  9.078802E-15  1.809688E-10  8.323146E-12  3.561387E-09  2.485341E-10  2.722234E-05  5.079094E-09
    395  2.047171141817E-01  2.677597E-15  6.145819E-15  1.616235E-10  8.234631E-12  2.397500E-09  1.837963E-10  2.735519E-05  5.331187E-09
    396  2.061861175315E-01  1.466496E-15  3.858867E-15  1.406382E-10  8.140549E-12  1.502752E-09  1.273990E-10  2.742949E-05  5.644279E-09
    397  2.075162532616E-01  8.945248E-16  2.585406E-15  1.239957E-10  8.071179E-12  1.013107E-09  9.222371E-11  2.742341E-05  5.932580E-09
    398  2.088103947538E-01  5.899537E-16  1.798357E-15  1.097178E-10  8.020047E-12  7.162969E-10  6.813575E-11  2.736033E-05  6.218952E-09
    399  2.102374295066E-01  4.083822E-16  1.258798E-15  9.592355E-11  7.984795E-12  5.168011E-10  4.991281E-11  2.723579E-05  6.543318E-09
    400  2.116254943500E-01  3.138911E-16  9.407639E-16  8.424877E-11  7.974701E-12  4.014625E-10  3.810160E-11  2.706933E-05  6.869625E-09
    401  2.137594200207E-01  2.426327E-16  6.771563E-16  6.919608E-11  8.014100E-12  3.075009E-10  2.721420E-11  2.674824E-05  7.397850E-09
    402  2.149968302441E-01  2.208103E-16  5.970736E-16  6.186124E-11  8.072762E-12  2.792664E-10  2.355441E-11  2.653712E-05  7.722541E-09
    403  2.163578604848E-01  2.040997E-16  5.438275E-16  5.480714E-11  8.172524E-12  2.606107E-10  2.093634E-11  2.629290E-05  8.098868E-09
    404  2.188327022992E-01  1.816963E-16  5.009687E-16  4.427575E-11  8.460890E-12  2.468007E-10  1.868786E-11  2.584157E-05  8.847222E-09
    405  2.210861741802E-01  1.628958E-16  4.897264E-16  3.671016E-11  8.850287E-12  2.471406E-10  1.828687E-11  2.545258E-05  9.620605E-09
    406  2.231360986547E-01  1.451823E-16  4.855506E-16  3.104956E-11  9.298790E-12  2.538018E-10  1.869094E-11  2.513832E-05  1.042133E-08
    407  2.249661932162E-01  1.293966E-16  4.802006E-16  2.670960E-11  9.752456E-12  2.630170E-10  1.940669E-11  2.489797E-05  1.123073E-08
    408  2.266023391923E-01  1.161578E-16  4.722714E-16  2.326096E-11  1.017740E-11  2.728670E-10  2.020063E-11  2.471558E-05  1.204143E-08
    409  2.291569547831E-01  9.870956E-17  4.542702E-16  1.852142E-11  1.082659E-11  2.896177E-10  2.154062E-11  2.448202E-05  1.349386E-08
    410  2.305971902523E-01  9.106280E-17  4.423316E-16  1.615630E-11  1.116279E-11  2.991451E-10  2.228351E-11  2.436910E-05  1.442347E-08
    411  2.319348711247E-01  8.544139E-17  4.310281E-16  1.414651E-11  1.144586E-11  3.077596E-10  2.293776E-11  2.426992E-05  1.536450E-08
    412  2.335360820165E-01  8.050164E-17  4.181275E-16  1.197293E-11  1.174158E-11  3.175921E-10  2.365990E-11  2.415161E-05  1.659567E-08
    413  2.351317971316E-01  7.733013E-17  4.067847E-16  1.005423E-11  1.198636E-11  3.267678E-10  2.430549E-11  2.402717E-05  1.794376E-08
    414  2.376293164755E-01  7.531156E-17  3.935068E-16  7.526002E-12  1.226969E-11  3.398529E-10  2.516909E-11  2.380500E-05  2.031811E-08
    415  2.399259738388E-01  7.598369E-17  3.871300E-16  5.671688E-12  1.243031E-11  3.507068E-10  2.582694E-11  2.355929E-05  2.281789E-08
    416  2.420046682363E-01  7.821676E-17  3.866186E-16  4.334839E-12  1.250258E-11  3.598632E-10  2.633969E-11  2.329723E-05  2.537645E-08
    417  2.451201276448E-01  8.383617E-17  3.955437E-16  2.836793E-12  1.249763E-11  3.731397E-10  2.702802E-11  2.283324E-05  2.982507E-08
    418  2.467564269033E-01  8.770153E-17  4.049657E-16  2.248429E-12  1.244528E-11  3.802397E-10  2.738027E-11  2.255807E-05  3.250543E-08
    419  2.483354027874E-01  9.195916E-17  4.172074E-16  1.785572E-12  1.236284E-11  3.873801E-10  2.773089E-11  2.227483E-05  3.535262E-08
    420  2.499258654919E-01  9.673855E-17  4.327321E-16  1.406944E-12  1.224678E-11  3.950093E-10  2.810636E-11  2.197463E-05  3.851287E-08
    421  2.515152656983E-01  1.019843E-16  4.515417E-16  1.101919E-12  1.209485E-11  4.032158E-10  2.851471E-11  2.166257E-05  4.200306E-08
    422  2.542060864984E-01  1.118942E-16  4.912518E-16  7.180813E-13  1.174301E-11  4.188210E-10  2.930897E-11  2.111521E-05  4.880052E-08
    423  2.556901221114E-01  1.178992E-16  5.176308E-16  5.628360E-13  1.148969E-11  4.285377E-10  2.981528E-11  2.080746E-05  5.311127E-08
    424  2.570805114381E-01  1.238669E-16  5.454203E-16  4.460291E-13  1.120812E-11  4.384656E-10  3.034071E-11  2.051794E-05  5.757425E-08
    425  2.598984391343E-01  1.369600E-16  6.115555E-16  2.755383E-13  1.048901E-11  4.613125E-10  3.157419E-11  1.993474E-05  6.811199E-08
    426  2.622653138568E-01  1.489721E-16  6.782453E-16  1.837048E-13  9.718401E-12  4.835719E-10  3.279840E-11  1.945581E-05  7.884907E-08
    427  2.644885215151E-01  1.610795E-16  7.512367E-16  1.275780E-13  8.857716E-12  5.071579E-10  3.410981E-11  1.902029E-05  9.090101E-08
    428  2.667229470066E-01  1.740308E-16  8.358498E-16  9.220561E-14  7.879660E-12  5.334722E-10  3.558201E-11  1.859955E-05  1.053894E-07
    429  2.687894382327E-01  1.866846E-16  9.252782E-16  7.285471E-14  6.908125E-12  5.600546E-10  3.707305E-11  1.822673E-05  1.213962E-07
    430  2.709436570286E-01  2.005400E-16  1.031248E-15  6.227923E-14  5.873469E-12  5.899436E-10  3.874958E-11  1.785461E-05  1.413605E-07
    431  2.728595154549E-01  2.134074E-16  1.137633E-15  5.863200E-14  4.975964E-12  6.183158E-10  4.033862E-11  1.753688E-05  1.625432E-07
    432  2.763050324764E-01  2.377593E-16  1.361771E-15  6.084918E-14  3.518240E-12  6.736046E-10  4.342561E-11  1.699205E-05  2.110689E-07
    433  2.797281875476E-01  2.633684E-16  1.633266E-15  6.995398E-14  2.360924E-12  7.345349E-10  4.681487E-11  1.647601E-05  2.771614E-07
    434  2.831107064370E-01  2.899171E-16  1.958905E-15  8.339059E-14  1.524246E-12  8.018475E-10  5.054972E-11  1.597998E-05  3.673149E-07
    435  2.863632962154E-01  3.164989E-16  2.336450E-15  9.987219E-14  9.692135E-13  8.746579E-10  5.458335E-11  1.550439E-05  4.870509E-07
    436  2.894106333807E-01  3.422737E-16  2.758393E-15  1.186150E-13  6.202279E-13  9.512781E-10  5.882248E-11  1.504719E-05  6.403323E-07
    437  2.941185503109E-01  3.837251E-16  3.568818E-15  1.549011E-13  3.021161E-13  1.087980E-09  6.636946E-11  1.427674E-05  9.934569E-07
    438  2.983685787405E-01  4.230221E-16  4.506315E-15  1.970588E-13  1.564853E-13  1.232856E-09  7.434074E-11  1.344592E-05  1.493694E-06
    439  3.021949729112E-01  4.603202E-16  5.561158E-15  2.446012E-13  8.923026E-14  1.382634E-09  8.255091E-11  1.250697E-05  2.160812E-06
    440  3.059150641439E-01  4.989136E-16  6.824264E-15  3.016010E-13  5.638390E-14  1.547471E-09  9.155200E-11  1.134407E-05  3.069135E-06
    441  3.094680949786E-01  5.386709E-16  8.298862E-15  3.681770E-13  4.206169E-14  1.724157E-09  1.011640E-10  9.955621E-06  4.209496E-06
    442  3.127856926026E-01  5.791911E-16  9.963486E-15  4.433201E-13  3.743849E-14  1.907583E-09  1.111085E-10  8.424103E-06  5.493999E-06
    443  3.178598433803E-01  6.498132E-16  1.318197E-14  5.884573E-13  3.962233E-14  2.226132E-09  1.283123E-10  5.853505E-06  7.645441E-06
    444  3.224504526026E-01  7.260214E-16  1.698954E-14  7.597906E-13  4.746635E-14  2.558621E-09  1.462007E-10  3.706428E-06  9.378445E-06
    445  3.266870398371E-01  8.104718E-16  2.148562E-14  9.615304E-13  5.838006E-14  2.907796E-09  1.649348E-10  2.195161E-06  1.050542E-05
    446  3.305577136787E-01  9.030718E-16  2.664519E-14  1.192273E-12  7.139785E-14  3.266902E-09  1.841653E-10  1.271795E-06  1.110136E-05
    447  3.362681054783E-01  1.075392E-15  3.666880E-14  1.638395E-12  9.687195E-14  3.877179E-09  2.168020E-10  5.338552E-07  1.143034E-05
    448  3.414589872690E-01  1.282129E-15  4.915725E-14  2.190715E-12  1.284797E-13  4.530057E-09  2.517027E-10  2.491763E-07  1.143173E-05
    449  3.462773530350E-01  1.534151E-15  6.477272E-14  2.876829E-12  1.677626E-13  5.237728E-09  2.895605E-10  1.431389E-07  1.134610E-05
    450  3.508856189623E-01  1.852519E-15  8.478033E-14  3.750057E-12  2.178175E-13  6.027829E-09  3.318987E-10  1.072103E-07  1.125558E-05
    451  3.552628710565E-01  2.256775E-15  1.102837E-13  4.855700E-12  2.813245E-13  6.908676E-09  3.792142E-10  1.004343E-07  1.118946E-05
    452  3.595141079779E-01  2.787255E-15  1.437350E-13  6.296292E-12  3.642985E-13  7.923162E-09  4.338714E-10  1.063601E-07  1.115725E-05
    453  3.636744849418E-01  3.486856E-15  1.882933E-13  8.202465E-12  4.744516E-13  9.117093E-09  4.984127E-10  1.190638E-07  1.116658E-05
    454  3.676260234901E-01  4.349102E-15  2.454693E-13  1.063201E-11  6.153730E-13  1.048987E-08  5.728779E-10  1.358988E-07  1.122274E-05
    455  3.714655117309E-01  5.362843E-15  3.186018E-13  1.371774E-11  7.951126E-13  1.209308E-08  6.601411E-10  1.564142E-07  1.132951E-05
    456  3.752653942304E-01  6.484391E-15  4.105737E-13  1.756833E-11  1.020528E-12  1.396205E-08  7.622332E-10  1.806736E-07  1.148846E-05
    457  3.809506426681E-01  8.256719E-15  5.869055E-13  2.486858E-11  1.451259E-12  1.723350E-08  9.418806E-10  2.234224E-07  1.180683E-05
    458  3.865190953769E-01  1.009703E-14  8.077675E-13  3.388031E-11  1.988999E-12  2.082085E-08  1.140480E-09  2.704666E-07  1.215110E-05
    459  3.928522091207E-01  1.257434E-14  1.132336E-12  4.691733E-11  2.777597E-12  2.513912E-08  1.382383E-09  3.270786E-07  1.247281E-05
    460  3.991093841216E-01  1.580396E-14  1.566996E-12  6.411203E-11  3.833123E-12  2.960882E-08  1.636741E-09  3.852897E-07  1.263302E-05
    461  4.054183851758E-01  2.023020E-14  2.182587E-12  8.813083E-11  5.329242E-12  3.448965E-08  1.919360E-09  4.480124E-07  1.261354E-05
    462  4.147392755742E-01  2.987764E-14  3.608328E-12  1.428349E-10  8.802610E-12  4.297257E-08  2.421377E-09  5.546054E-07  1.232171E-05
    463  4.232199499949E-01  4.335465E-14  5.745991E-12  2.233572E-10  1.403193E-11  5.258311E-08  3.004401E-09  6.719989E-07  1.189676E-05
    464  4.316976825025E-01  6.311024E-14  9.167857E-12  3.500135E-10  2.244674E-11  6.441955E-08  3.741200E-09  8.120425E-07  1.140219E-05
    465  4.393401554526E-01  8.799865E-14  1.396637E-11  5.247843E-10  3.431728E-11  7.730385E-08  4.565033E-09  9.589537E-07  1.092716E-05
    466  4.465935084243E-01  1.196095E-13  2.079367E-11  7.699345E-10  5.131247E-11  9.172993E-08  5.512707E-09  1.116775E-06  1.045968E-05
    467  4.537106765818E-01  1.602262E-13  3.065871E-11  1.119521E-09  7.602786E-11  1.081944E-07  6.625045E-09  1.288526E-06  9.986445E-06
    468  4.602314649238E-01  2.078794E-13  4.365628E-11  1.574664E-09  1.087917E-10  1.254850E-07  7.826565E-09  1.459571E-06  9.539368E-06
    469  4.709552966107E-01  3.143535E-13  7.768939E-11  2.748760E-09  1.952324E-10  1.590520E-07  1.024997E-08  1.765606E-06  8.774835E-06
    470  4.769745726746E-01  3.935308E-13  1.070894E-10  3.750215E-09  2.703420E-10  1.810243E-07  1.189647E-08  1.948411E-06  8.330898E-06
    471  4.828178172001E-01  4.870618E-13  1.460046E-10  5.063394E-09  3.700661E-10  2.047705E-07  1.372532E-08  2.131528E-06  7.891849E-06
    472  4.927188450138E-01  6.918374E-13  2.460145E-10  8.394648E-09  6.268169E-10  2.511098E-07  1.742933E-08  2.449675E-06  7.136731E-06
    473  5.000000000000E-01  8.884765E-13  3.600311E-10  1.213982E-08  9.190366E-10  2.907165E-07  2.072311E-08  2.685281E-06  6.579446E-06
